1643120027	0	10	8	32	190.000	123	0.64	54	2	2.37	12	4.99
1643120047	0	3	8	31	184.000	124	0.72	54	0	2.41	24	18.98
1643120067	0	7	8	37	152.000	125	0.64	47	1	2.44	10	10.22
1643120087	1	13	15	25	162.000	125	0.82	41	1	3.67	12	16.47
1643120107	0	8	8	32	173.000	125	0.83	54	1	3.42	5	12.18
1643120134	1	14	15	27	202.000	122	0.62	28	1	4.42	15	12.07
1643120154	2	22	30	26	235.000	124	0.41	12	3	3.45	8	16.29
1643120174	0	7	8	29	128.000	125	0.79	38	7	3.02	7	4.20
1643120194	0	10	8	33	194.000	125	0.86	40	0	3.24	3	46.64
1643120214	2	17	30	24	206.000	125	0.53	31	45	2.19	3	15.83
1643120241	1	17	15	26	172.000	122	0.49	24	1	3.63	9	14.78
1643120261	2	14	30	25	194.000	123	0.74	31	4	3.30	8	16.42
1643120281	1	17	15	26	222.000	123	0.82	36	5	3.24	7	10.43
1643120301	1	13	15	28	194.000	125	0.80	37	1	3.53	13	15.49
1643120321	0	18	8	34	133.000	125	0.67	43	1	3.58	5	7.84
1643120348	0	10	8	33	155.000	122	0.58	32	1	2.84	10	5.72
1643120368	2	7	30	31	167.000	123	0.66	32	1	3.12	8	21.14
1643120388	2	8	30	33	122.000	124	0.55	41	7	2.98	15	16.08
1643120409	0	6	8	35	134.000	124	0.64	47	6	2.37	12	4.19
1643120429	2	6	30	31	174.000	125	0.49	28	42	2.81	9	15.83
1643120456	0	7	8	38	130.000	121	0.76	60	0	2.70	19	34.01
1643120476	2	8	30	37	169.000	123	0.66	73	1	2.66	19	19.41
1643120496	1	6	15	37	172.000	123	0.64	58	4	2.53	20	10.40
1643120516	2	7	30	37	132.000	124	0.74	57	0	2.64	20	42.52
1643120536	1	6	15	34	190.000	124	0.68	77	2	3.00	11	10.99
1643120563	1	17	15	30	173.000	122	0.90	57	0	3.41	6	54.50
1643120583	1	18	15	29	204.000	123	0.76	51	0	3.28	19	29.80
1643120603	0	5	8	38	133.000	124	0.78	90	6	2.70	10	4.27
1643120623	1	15	15	31	249.000	125	0.78	56	0	2.59	20	20.41
1643120643	0	9	8	30	166.000	125	0.82	55	1	3.21	14	11.63
1643120670	1	11	15	33	194.000	131	0.71	44	1	3.69	15	17.42
1643120690	0	7	8	31	151.000	133	0.83	41	1	3.00	14	11.29
1643120710	2	25	30	26	204.000	133	0.92	50	0	2.97	6	30.91
1643120730	2	27	30	27	248.000	133	0.60	21	1	3.93	8	19.21
1643120750	0	8	8	33	187.000	134	0.80	24	9	3.16	1	4.11
1643120777	2	7	30	23	164.000	131	0.85	33	1	3.75	3	23.16
1643120797	0	9	8	30	120.000	131	0.75	37	0	3.60	4	43.93
1643120817	2	9	30	25	183.000	132	0.81	37	2	3.37	11	17.21
1643120838	2	18	30	26	210.000	133	0.88	51	1	3.63	13	23.37
1643120858	1	7	15	23	208.000	133	0.63	25	11	3.05	0	9.99
1643120885	2	22	30	24	218.000	122	0.88	46	3	3.30	13	16.80
1643120905	0	15	8	25	160.000	121	0.76	29	1	3.73	8	13.42
1643120925	0	6	8	31	171.000	123	0.52	32	1	2.90	12	5.48
1643120945	0	9	8	33	212.000	124	0.58	54	6	2.91	2	4.13
1643120965	1	11	15	25	252.000	124	0.76	26	2	4.05	6	11.90
1643120992	1	15	15	30	148.000	122	0.67	47	2	4.19	19	11.26
1643121012	1	19	15	33	186.000	123	0.71	38	1	3.91	15	11.85
1643121032	0	7	8	29	152.000	124	0.76	32	3	4.44	7	4.65
1643121052	1	17	15	32	196.000	125	0.92	60	0	3.14	10	55.89
1643121072	0	9	8	36	169.000	125	0.79	76	1	2.84	15	8.24
1643121099	0	8	8	35	143.000	131	0.72	55	0	2.56	18	16.38
1643121119	1	12	15	33	215.000	133	0.72	55	0	2.68	2	55.32
1643121139	2	23	30	25	208.000	133	0.89	64	0	3.66	8	33.68
1643121159	2	30	30	27	253.000	133	0.93	58	0	3.22	7	62.00
1643121179	2	33	30	28	259.000	133	0.65	38	13	3.53	12	15.97
1643121206	1	18	15	31	144.000	123	0.84	48	0	3.10	19	53.75
1643121227	1	11	15	30	177.000	124	0.80	55	0	3.09	18	44.12
1643121247	1	10	15	25	164.000	125	0.61	45	4	3.27	19	10.42
1643121267	0	4	8	30	137.000	125	0.54	47	9	2.84	6	4.02
1643121287	0	8	8	30	148.000	126	0.59	30	2	2.91	14	4.74
1643121314	0	8	8	34	146.000	122	0.75	54	4	2.69	19	4.47
1643121334	2	12	30	25	228.000	124	0.47	20	8	4.29	8	16.01
1643121354	0	11	8	24	155.000	125	0.77	31	1	3.70	8	12.41
1643121374	0	7	8	27	149.000	125	0.69	45	5	2.65	14	4.32
1643121394	1	5	15	21	134.000	125	0.86	35	0	3.71	6	21.63
1643121421	2	19	30	28	160.000	123	0.72	35	7	3.69	10	16.15
1643121441	0	7	8	32	142.000	123	0.66	45	11	2.77	18	4.02
1643121461	0	8	8	31	148.000	124	0.62	32	4	2.75	14	4.43
1643121481	0	4	8	31	155.000	124	0.82	47	2	3.02	5	6.01
1643121501	0	6	8	32	147.000	124	0.46	34	20	2.78	7	3.87
1643121528	2	16	30	25	189.000	126	0.69	36	15	3.58	7	15.96
1643121548	0	5	8	31	136.000	127	0.41	38	41	2.90	15	3.83
1643121568	1	17	15	26	174.000	128	0.75	41	7	4.09	10	10.16
1643121588	2	16	30	25	150.000	128	0.76	43	2	4.81	11	17.82
1643121608	2	22	30	27	209.000	129	0.77	40	1	4.77	14	18.16
1643121635	2	8	30	22	175.000	128	0.90	72	0	2.84	7	31.61
1643121656	2	20	30	27	237.000	129	0.89	70	0	3.08	12	53.13
1643121676	2	20	30	25	196.000	130	0.88	74	1	3.30	11	20.11
1643121696	0	8	8	36	147.000	130	0.87	69	1	2.90	11	9.81
1643121716	1	14	15	34	171.000	131	0.73	63	0	3.04	25	30.22
1643121743	2	51	30	24	232.000	122	0.88	56	0	2.89	15	34.47
1643121763	2	36	30	27	250.000	123	0.90	82	0	2.61	14	33.19
1643121783	2	24	30	21	258.000	124	0.82	46	1	3.66	16	20.29
1643121803	1	17	15	33	224.000	125	0.91	86	6	3.13	17	10.36
1643121823	0	5	8	35	140.000	125	0.82	56	0	2.74	2	18.05
1643121850	2	10	30	26	246.000	128	0.93	31	0	2.88	5	58.89
1643121870	0	4	8	31	145.000	130	0.86	70	2	2.85	23	5.55
1643121890	0	7	8	31	136.000	130	0.59	33	1	2.93	10	5.91
1643121910	2	21	30	28	218.000	130	0.38	29	43	2.73	8	15.82
1643121930	2	15	30	25	145.000	131	0.47	19	4	4.24	11	16.21
1643121957	0	9	8	31	180.000	122	0.76	34	0	4.61	1	26.74
1643121977	0	9	8	27	161.000	123	0.73	41	3	2.66	13	4.74
1643121997	0	10	8	30	138.000	124	0.70	29	0	3.26	9	14.04
1643122017	2	8	30	29	174.000	124	0.80	36	1	3.07	2	23.18
1643122037	1	4	15	31	145.000	125	0.55	32	11	3.13	12	9.96
1643122064	2	7	30	24	188.000	126	0.82	31	0	3.35	11	27.07
1643122085	1	15	15	27	198.000	127	0.69	38	24	3.01	12	9.89
1643122105	0	6	8	24	140.000	128	0.72	29	0	3.45	7	12.82
1643122125	1	28	15	27	219.000	129	0.74	31	1	3.51	1	12.89
1643122145	2	11	30	23	143.000	129	0.57	36	22	3.75	15	15.88
1643122172	1	9	15	23	210.000	122	0.68	21	1	4.02	8	17.36
1643122192	1	14	15	31	140.000	124	0.77	40	4	3.78	2	10.45
1643122212	2	12	30	30	168.000	124	0.49	33	2	3.72	18	16.69
1643122232	0	8	8	30	127.000	125	0.72	48	0	3.72	1	13.07
1643122252	0	4	8	35	133.000	126	0.74	58	0	2.64	17	33.71
1643122279	1	12	15	33	148.000	122	0.79	83	1	3.12	16	14.15
1643122299	2	21	30	27	245.000	123	0.80	59	2	3.06	18	17.75
1643122319	1	24	15	31	140.000	124	0.86	60	0	3.09	6	45.26
1643122339	2	22	30	28	237.000	125	0.97	84	0	3.43	2	62.00
1643122359	0	10	8	32	127.000	125	0.68	56	1	2.73	20	6.07
1643122386	0	7	8	33	165.000	131	0.70	47	1	3.01	20	8.39
1643122406	0	12	8	34	172.000	132	0.84	79	4	3.17	9	4.54
1643122426	2	28	30	29	196.000	133	0.90	68	1	3.25	8	25.29
1643122446	0	6	8	26	177.000	133	0.83	38	1	3.55	3	8.54
1643122466	2	35	30	29	246.000	134	0.73	64	0	2.25	6	61.64
1643122493	0	8	8	29	210.000	121	0.66	25	2	3.03	8	5.06
1643122513	1	7	15	33	174.000	123	0.82	51	1	2.91	14	19.84
1643122534	2	5	30	32	171.000	124	0.36	35	70	2.60	15	15.81
1643122554	1	3	15	26	172.000	125	0.48	41	1	3.46	5	11.71
1643122574	0	6	8	29	167.000	125	0.69	41	3	2.72	16	4.77
1643122601	1	12	15	25	214.000	128	0.78	21	0	3.10	7	33.51
1643122621	2	12	30	25	261.000	129	0.68	29	0	4.01	13	29.06
1643122641	1	11	15	24	144.000	129	0.80	41	0	3.59	18	37.52
1643122661	1	17	15	27	180.000	130	0.87	36	2	3.91	7	12.38
1643122681	0	6	8	32	143.000	130	0.75	43	10	2.66	14	4.08
1643122708	2	33	30	18	226.000	122	0.84	28	3	3.37	7	16.92
1643122728	2	24	30	12	243.000	123	0.79	41	10	3.19	12	16.09
1643122748	0	7	8	29	152.000	124	0.64	39	0	3.08	9	11.76
1643122768	2	22	30	14	240.000	125	0.74	23	7	4.25	8	16.19
1643122788	1	16	15	32	218.000	126	0.74	37	1	4.50	13	13.08
1643122815	2	21	30	26	190.000	126	0.70	40	4	3.81	16	16.39
1643122835	2	16	30	22	188.000	127	0.82	88	14	3.13	22	16.01
1643122855	2	31	30	29	238.000	128	0.86	60	1	3.33	8	18.73
1643122875	2	36	30	27	255.000	128	0.70	62	22	3.35	22	15.91
1643122895	0	8	8	33	141.000	129	0.70	57	1	2.51	5	9.92
1643122923	2	13	30	25	174.000	122	0.78	49	3	3.21	15	16.74
1643122943	1	13	15	32	185.000	124	0.93	56	0	3.82	5	55.28
1643122963	2	37	30	29	260.000	124	0.90	76	2	2.52	23	18.28
1643122983	0	6	8	32	162.000	125	0.84	52	3	3.23	15	4.99
1643123003	1	9	15	28	147.000	125	0.59	40	1	3.41	11	15.36
1643123030	1	16	15	32	163.000	126	0.85	59	0	3.28	15	30.82
1643123050	0	7	8	35	162.000	128	0.82	32	7	3.04	7	4.24
1643123070	2	36	30	28	233.000	129	0.86	99	3	2.38	29	17.12
1643123090	0	7	8	32	169.000	129	0.67	38	0	4.00	12	13.09
1643123110	2	30	30	29	204.000	129	0.86	41	1	3.52	13	23.02
1643123137	2	14	30	26	168.000	127	0.47	20	2	4.19	13	16.71
1643123157	1	14	15	29	151.000	128	0.73	43	0	3.65	3	35.51
1643123177	2	13	30	25	196.000	129	0.81	24	0	3.42	8	28.19
1643123197	0	5	8	27	153.000	130	0.63	23	20	2.90	6	3.90
1643123217	2	12	30	25	180.000	130	0.48	32	36	2.96	7	15.84
1643123244	0	8	8	27	156.000	122	0.74	40	0	3.02	16	21.77
1643123264	1	9	15	24	168.000	123	0.78	34	1	3.14	12	16.50
1643123284	0	10	8	25	142.000	124	0.45	23	23	2.76	4	3.86
1643123304	2	11	30	24	176.000	124	0.79	32	4	2.52	9	16.53
1643123324	0	6	8	33	157.000	125	0.71	36	1	4.08	5	10.10
1643123352	1	22	15	23	223.000	122	0.85	30	3	4.54	5	11.05
1643123372	2	15	30	23	190.000	123	0.59	38	27	3.42	12	15.87
1643123392	2	16	30	29	162.000	125	0.71	42	5	4.09	16	16.32
1643123412	1	17	15	30	200.000	125	0.58	38	10	3.19	11	9.99
1643123432	2	17	30	28	191.000	126	0.76	41	0	3.55	9	28.77
1643123459	0	7	8	40	174.000	122	0.69	65	0	2.28	19	45.06
1643123479	1	6	15	36	177.000	123	0.78	72	1	2.93	16	13.52
1643123499	0	6	8	32	131.000	124	0.67	56	0	2.54	10	30.79
1643123519	0	8	8	36	143.000	124	0.74	53	0	2.92	12	27.52
1643123539	0	6	8	27	165.000	124	0.78	84	0	3.35	7	31.23
1643123566	0	8	8	32	175.000	132	0.75	54	0	2.72	5	49.39
1643123586	0	5	8	31	185.000	133	0.70	42	1	2.62	10	9.46
1643123606	2	33	30	29	206.000	134	0.88	58	0	3.81	6	45.76
1643123626	2	29	30	29	258.000	134	0.90	64	1	2.90	16	19.51
1643123646	0	3	8	32	179.000	135	0.62	34	4	3.50	15	4.32
1643123673	2	23	30	27	228.000	123	0.91	74	5	2.91	24	16.56
1643123693	1	13	15	24	202.000	124	0.87	48	0	3.68	7	41.06
1643123713	1	17	15	28	184.000	124	0.81	37	0	3.55	2	22.11
1643123733	2	17	30	25	222.000	125	0.59	29	17	4.21	15	15.92
1643123753	2	11	30	25	220.000	126	0.86	37	1	4.36	8	23.46
1643123781	2	21	30	21	219.000	122	0.80	36	1	3.48	13	18.82
1643123801	2	36	30	20	239.000	124	0.82	26	2	3.45	9	17.64
1643123821	1	10	15	24	202.000	129	0.80	30	0	3.32	11	27.36
1643123841	2	18	30	24	180.000	130	0.79	33	0	3.46	14	47.01
1643123861	0	7	8	24	196.000	130	0.68	36	1	2.73	13	9.80
1643123888	2	28	30	23	249.000	122	0.59	40	31	2.70	9	15.86
1643123908	2	21	30	27	238.000	122	0.74	24	1	3.27	8	18.85
1643123928	0	11	8	22	185.000	123	0.88	50	2	3.27	11	5.45
1643123948	2	14	30	25	183.000	124	0.45	48	15	3.16	14	15.90
1643123968	2	25	30	27	186.000	125	0.56	29	16	4.04	12	15.91
1643123995	1	17	15	34	162.000	126	0.47	36	2	3.34	6	10.69
1643124015	1	11	15	25	180.000	127	0.66	38	3	3.63	17	10.51
1643124035	1	16	15	32	217.000	129	0.85	58	3	3.85	3	10.76
1643124055	1	15	15	34	190.000	130	0.77	65	0	2.93	20	55.90
1643124075	0	8	8	37	183.000	130	0.78	71	1	3.07	20	6.24
1643124102	2	22	30	26	224.000	127	0.90	57	1	3.47	14	22.58
1643124122	0	11	8	33	159.000	128	0.92	61	0	3.45	5	47.00
1643124142	2	20	30	26	222.000	128	0.70	33	11	3.11	4	16.03
1643124162	2	29	30	27	223.000	129	0.70	33	11	3.11	4	16.03
1643124183	0	11	8	33	136.000	123	0.70	48	6	2.71	10	4.25
1643124210	1	15	15	31	206.000	122	0.77	58	5	3.22	19	10.39
1643124230	0	7	8	35	178.000	123	0.86	57	1	3.37	13	7.31
1643124250	0	8	8	37	169.000	124	0.67	42	1	2.80	10	9.04
1643124270	1	12	15	32	165.000	125	0.76	60	9	3.10	6	10.09
1643124290	0	8	8	26	169.000	125	0.62	27	1	2.95	9	7.32
1643124317	1	10	15	29	208.000	122	0.52	22	14	4.87	4	9.93
1643124337	1	15	15	25	208.000	124	0.58	21	12	4.11	9	9.96
1643124357	1	19	15	30	200.000	124	0.79	45	4	3.07	15	10.54
1643124377	2	17	30	25	221.000	125	0.79	31	1	3.69	7	24.68
1643124397	0	7	8	27	192.000	125	0.82	36	0	3.69	8	27.28
1643124424	0	8	8	32	198.000	122	0.69	36	1	3.22	11	6.31
1643124444	2	11	30	24	177.000	124	0.52	30	1	2.90	9	17.66
1643124464	1	20	15	27	190.000	124	0.85	28	1	3.26	2	15.06
1643124484	0	8	8	28	134.000	125	0.51	31	5	2.95	7	4.14
1643124504	0	6	8	26	168.000	125	0.73	26	0	3.45	0	42.49
1643124531	0	10	8	33	133.000	127	0.62	56	1	2.73	17	6.31
1643124551	2	20	30	25	214.000	128	0.77	32	13	3.87	6	16.02
1643124571	2	14	30	26	190.000	129	0.58	27	16	2.66	9	15.92
1643124592	1	18	15	32	182.000	129	0.74	45	0	4.19	15	20.19
1643124612	2	18	30	26	218.000	129	0.81	41	1	4.18	2	20.63
1643124639	2	29	30	29	245.000	123	0.85	92	20	2.77	21	15.94
1643124659	2	32	30	31	249.000	124	0.71	69	13	2.81	5	16.00
1643124679	2	48	30	30	250.000	123	0.79	78	22	3.11	21	15.92
1643124699	2	17	30	26	274.000	124	0.91	57	0	3.72	13	38.53
1643124719	0	10	8	36	158.000	125	0.77	54	0	2.84	13	45.88
1643124746	0	8	8	33	137.000	122	0.58	39	21	2.68	1	3.89
1643124766	2	7	30	34	198.000	123	0.68	54	0	2.60	6	28.34
1643124786	2	6	30	36	160.000	124	0.77	49	8	2.68	7	16.16
1643124806	2	3	30	36	154.000	124	0.73	84	6	2.85	13	16.23
1643124826	0	6	8	35	147.000	124	0.77	60	1	2.61	21	7.61
1643124853	2	29	30	28	255.000	127	0.82	54	0	3.69	21	38.80
1643124873	1	14	15	30	200.000	129	0.87	62	2	3.39	20	11.39
1643124893	1	16	15	28	224.000	130	0.87	51	0	3.27	9	29.00
1643124913	2	14	30	24	218.000	130	0.79	59	0	3.13	24	33.75
1643124933	1	18	15	25	212.000	130	0.49	32	29	3.22	15	9.85
1643124960	0	7	8	33	206.000	122	0.72	42	0	2.70	14	15.37
1643124980	0	6	8	27	186.000	123	0.71	34	1	3.24	6	5.85
1643125001	0	9	8	25	186.000	124	0.72	20	1	2.84	6	7.99
1643125021	0	6	8	25	210.000	124	0.44	34	8	3.12	10	3.98
1643125041	2	4	30	30	184.000	124	0.36	26	3	2.96	5	16.29
1643125068	0	9	8	27	140.000	122	0.60	19	1	2.80	7	5.77
1643125088	1	5	15	24	220.000	124	0.77	37	7	3.56	8	10.19
1643125108	2	11	30	26	240.000	125	0.66	25	21	2.95	8	15.90
1643125128	2	16	30	26	194.000	125	0.84	41	2	3.63	11	17.97
1643125148	0	9	8	27	153.000	126	0.59	31	31	2.78	8	3.86
1643125175	1	27	15	32	196.000	121	0.50	30	21	2.89	13	9.88
1643125195	2	14	30	30	212.000	123	0.64	43	8	3.42	19	16.09
1643125215	0	10	8	33	144.000	123	0.40	25	31	2.78	9	3.84
1643125235	0	10	8	36	157.000	125	0.69	45	1	3.46	6	6.28
1643125255	1	16	15	34	198.000	125	0.74	59	0	2.75	19	39.71
1643125282	0	6	8	37	177.000	123	0.71	62	0	2.75	15	44.10
1643125302	0	8	8	34	156.000	124	0.89	57	0	3.20	2	26.93
1643125322	2	11	30	23	214.000	124	0.75	63	0	2.45	12	60.90
1643125342	1	19	15	31	208.000	125	0.88	44	0	3.31	7	54.59
1643125362	0	8	8	33	171.000	125	0.89	56	0	3.50	10	50.00
1643125389	2	25	30	26	213.000	122	0.94	77	4	3.26	8	16.82
1643125410	1	17	15	32	214.000	124	0.58	62	37	2.98	18	9.85
1643125430	0	8	8	37	138.000	124	0.69	49	1	2.39	22	10.72
1643125450	0	3	8	41	169.000	125	0.40	44	11	2.29	16	3.92
1643125470	2	22	30	23	228.000	125	0.71	61	1	2.26	23	18.98
1643125497	1	14	15	24	202.000	126	0.85	55	0	3.74	6	41.86
1643125517	2	19	30	26	172.000	127	0.44	30	50	3.77	19	15.82
1643125537	2	1	30	17	102.000	128	0.60	17	1	3.52	10	17.70
1643125557	1	14	15	28	209.000	128	0.86	37	1	4.38	12	19.45
1643125577	1	17	15	25	149.000	128	0.83	41	1	3.35	8	13.00
1643125604	0	6	8	31	163.000	122	0.35	25	2	3.46	3	4.34
1643125624	0	5	8	32	167.000	123	0.43	34	5	3.30	1	4.10
1643125644	1	6	15	26	119.000	123	0.58	45	32	2.38	11	9.86
1643125664	2	9	30	30	188.000	123	0.68	23	6	2.83	1	16.25
1643125684	2	7	30	32	160.000	124	0.77	42	1	2.91	16	20.07
1643125711	0	6	8	27	174.000	122	0.79	35	1	3.79	3	14.00
1643125731	2	36	30	29	225.000	123	0.67	25	2	3.43	8	17.39
1643125751	1	10	15	26	162.000	124	0.67	29	19	3.53	6	9.92
1643125771	1	12	15	32	210.000	125	0.57	31	1	4.47	9	11.92
1643125791	2	29	30	28	192.000	125	0.71	39	1	4.77	13	19.01
1643125818	2	10	30	24	202.000	127	0.51	23	2	4.14	14	17.12
1643125838	2	23	30	27	249.000	129	0.83	61	2	3.03	9	17.84
1643125859	1	24	15	31	174.000	129	0.88	78	0	2.62	5	50.89
1643125879	0	8	8	35	164.000	129	0.72	71	2	2.97	24	5.78
1643125899	0	5	8	30	124.000	129	0.69	58	1	2.51	16	6.81
1643125926	1	14	15	29	198.000	122	0.84	78	0	3.08	12	56.00
1643125946	2	22	30	32	231.000	123	0.88	53	0	3.08	8	60.74
1643125966	2	18	30	33	186.000	124	0.73	61	5	3.17	18	16.37
1643125986	2	23	30	31	188.000	125	0.81	60	3	3.11	26	16.75
1643126006	1	17	15	32	172.000	125	0.85	54	0	3.37	21	30.37
1643126033	0	7	8	34	155.000	122	0.66	53	3	2.69	25	4.81
1643126053	0	2	8	39	165.000	124	0.62	44	5	2.97	1	4.30
1643126073	0	6	8	32	135.000	124	0.53	43	2	3.01	16	4.61
1643126093	0	8	8	32	136.000	124	0.77	55	0	3.18	6	14.26
1643126113	0	5	8	33	168.000	124	0.71	40	1	2.71	13	11.72
1643126140	2	17	30	26	169.000	128	0.84	53	1	3.47	18	22.42
1643126160	2	12	30	26	210.000	128	0.74	41	3	3.75	6	16.84
1643126180	2	14	30	23	157.000	129	0.90	40	0	3.44	2	56.48
1643126200	0	8	8	32	156.000	130	0.74	20	14	2.77	6	3.98
1643126220	0	4	8	30	130.000	130	0.70	32	0	2.99	12	13.20
1643126247	0	6	8	28	184.000	122	0.77	45	0	3.18	13	28.26
1643126268	0	7	8	27	179.000	122	0.72	44	1	3.20	8	6.81
1643126288	0	7	8	32	182.000	124	0.70	31	1	3.35	5	8.91
1643126308	2	15	30	23	228.000	124	0.67	32	9	2.41	8	16.06
1643126328	2	17	30	26	156.000	124	0.66	54	8	3.53	18	16.09
1643126355	2	19	30	26	206.000	122	0.73	30	1	4.33	7	18.37
1643126375	0	4	8	32	181.000	124	0.49	30	35	3.28	10	3.84
1643126395	0	8	8	34	143.000	124	0.49	44	15	2.87	19	3.91
1643126415	1	13	15	27	238.000	125	0.77	44	19	3.95	10	9.94
1643126435	2	9	30	22	230.000	125	0.82	44	0	4.04	3	30.54
1643126462	0	9	8	39	214.000	122	0.73	69	1	2.86	16	7.48
1643126482	1	5	15	35	158.000	123	0.70	56	1	2.45	16	15.19
1643126502	1	11	15	36	171.000	123	0.87	56	0	3.04	7	55.99
1643126522	2	8	30	35	152.000	124	0.76	61	0	2.58	19	44.46
1643126542	2	7	30	34	137.000	124	0.54	37	15	2.67	16	15.92
1643126569	0	9	8	33	182.000	122	0.48	39	87	2.51	14	3.81
1643126589	0	4	8	32	188.000	124	0.64	46	0	2.71	4	33.98
1643126609	2	33	30	29	233.000	124	0.67	58	3	2.56	19	16.68
1643126629	0	8	8	35	133.000	125	0.40	34	23	2.79	15	3.85
1643126649	1	13	15	29	186.000	125	0.84	52	0	2.93	21	55.90
1643126677	2	14	30	24	218.000	122	0.82	44	1	3.75	11	21.84
1643126697	1	10	15	24	223.000	123	0.89	53	0	3.66	5	30.61
1643126717	2	9	30	24	138.000	124	0.87	48	0	3.34	14	28.85
1643126737	2	8	30	22	159.000	124	0.76	25	9	3.17	1	16.09
1643126757	2	19	30	26	238.000	125	0.83	39	2	3.67	8	17.84
1643126784	1	14	15	25	182.000	122	0.86	37	0	3.60	15	40.24
1643126804	2	14	30	25	157.000	123	0.47	34	58	2.74	11	15.82
1643126824	2	19	30	27	240.000	123	0.72	29	7	2.99	8	16.18
1643126844	0	7	8	33	132.000	123	0.75	43	0	3.11	12	13.72
1643126864	2	14	30	25	192.000	123	0.83	53	3	3.22	10	16.93
1643126891	1	16	15	29	175.000	122	0.63	31	1	3.32	11	13.16
1643126911	2	21	30	25	171.000	124	0.81	38	4	3.52	10	16.68
1643126931	2	18	30	28	230.000	124	0.72	58	9	3.41	10	16.09
1643126951	2	9	30	23	170.000	124	0.61	39	20	3.34	12	15.90
1643126971	0	11	8	36	155.000	125	0.59	51	10	2.66	21	4.01
1643126998	1	24	15	31	188.000	122	0.58	45	19	3.43	18	9.90
1643127018	2	13	30	24	169.000	123	0.52	24	24	3.64	11	15.87
1643127038	0	10	8	36	170.000	125	0.67	61	0	2.32	22	14.85
1643127058	1	14	15	32	200.000	125	0.85	69	0	2.77	11	55.99
1643127078	1	16	15	32	229.000	125	0.63	51	1	3.43	15	12.74
1643127106	0	7	8	37	216.000	127	0.87	62	1	3.35	20	8.92
1643127126	2	11	30	26	254.000	128	0.63	43	1	2.77	1	22.40
1643127146	0	6	8	34	128.000	129	0.70	59	0	2.41	5	13.92
1643127166	1	20	15	26	252.000	129	0.78	53	4	3.17	10	10.48
1643127186	2	26	30	27	200.000	130	0.88	81	6	3.18	13	16.39
1643127213	2	37	30	26	242.000	122	0.77	67	3	3.08	19	16.77
1643127233	2	42	30	27	259.000	124	0.96	30	0	3.08	2	54.42
1643127253	1	20	15	30	198.000	125	0.66	57	3	2.69	22	10.62
1643127273	1	20	15	25	235.000	125	0.62	38	15	3.75	13	9.94
1643127293	2	35	30	22	243.000	125	0.90	54	0	3.94	2	48.37
1643127320	0	3	8	28	148.000	127	0.42	28	6	3.16	13	4.04
1643127340	2	12	30	24	188.000	128	0.74	35	3	4.17	4	16.75
1643127360	0	8	8	28	145.000	129	0.77	45	5	2.79	9	4.42
1643127380	1	10	15	21	152.000	129	0.86	38	0	3.55	16	41.01
1643127400	1	13	15	25	190.000	129	0.70	32	0	4.24	4	20.56
1643127427	1	16	15	27	143.000	122	0.51	24	1	3.54	10	15.10
1643127447	0	8	8	25	147.000	123	0.71	32	1	2.82	10	11.67
1643127467	2	11	30	20	254.000	124	0.74	23	4	3.61	6	16.47
1643127487	0	2	8	28	133.000	124	0.59	33	1	2.77	9	6.99
1643127507	0	8	8	23	183.000	125	0.63	42	8	2.66	13	4.09
1643127535	2	11	30	24	154.000	124	0.79	42	1	3.62	16	19.72
1643127555	2	22	30	26	141.000	125	0.66	35	19	3.86	3	15.92
1643127575	1	14	15	28	171.000	125	0.57	51	28	3.54	20	9.87
1643127595	0	7	8	32	139.000	126	0.60	44	7	2.66	14	4.12
1643127615	0	5	8	30	171.000	127	0.59	44	25	2.60	4	3.88
1643127642	0	8	8	35	134.000	126	0.67	49	1	2.60	18	6.27
1643127662	2	30	30	27	183.000	127	0.89	72	1	3.48	15	19.94
1643127682	0	9	8	39	142.000	128	0.86	68	1	3.13	15	6.90
1643127702	2	17	30	26	161.000	129	0.78	50	0	3.95	12	40.58
1643127722	1	16	15	29	164.000	129	0.88	75	0	3.48	6	29.25
1643127749	2	22	30	27	206.000	122	0.89	64	1	3.35	18	23.40
1643127769	0	6	8	34	135.000	123	0.72	42	1	2.69	10	6.05
1643127789	1	14	15	33	176.000	124	0.86	56	0	2.78	5	49.52
1643127809	2	27	30	28	186.000	125	0.84	52	3	3.18	11	16.74
1643127829	2	17	30	24	212.000	125	0.93	30	0	3.02	4	60.40
1643127856	2	24	30	27	176.000	125	0.71	49	6	3.96	17	16.25
1643127876	2	7	30	25	148.000	126	0.68	34	0	3.66	8	24.38
1643127896	2	21	30	27	198.000	126	0.85	60	0	3.28	20	30.93
1643127916	0	12	8	39	144.000	126	0.43	22	10	4.20	9	3.95
1643127936	0	4	8	30	139.000	127	0.68	36	0	2.88	7	14.68
1643127964	2	5	30	23	154.000	122	0.66	31	6	3.29	3	16.20
1643127984	2	19	30	25	158.000	123	0.78	37	0	3.76	1	58.71
1643128004	2	13	30	24	161.000	124	0.50	35	30	3.15	9	15.85
1643128024	2	16	30	26	183.000	124	0.77	43	0	3.72	13	33.81
1643128044	0	9	8	30	138.000	124	0.61	42	15	2.58	14	3.94
1643128071	1	17	15	26	174.000	126	0.76	43	6	2.96	10	10.24
1643128091	0	9	8	33	153.000	126	0.73	31	5	2.48	4	4.31
1643128111	2	23	30	27	185.000	128	0.86	34	0	3.90	1	49.10
1643128131	1	19	15	26	155.000	128	0.83	56	2	3.07	15	12.01
1643128151	0	7	8	31	129.000	128	0.54	44	36	2.73	3	3.85
1643128178	1	20	15	30	179.000	122	0.70	38	1	4.46	15	13.47
1643128198	0	2	8	34	141.000	123	0.47	37	4	2.48	15	4.18
1643128218	2	19	30	20	259.000	124	0.67	38	9	3.57	18	16.07
1643128238	1	14	15	33	163.000	126	0.81	51	2	3.17	11	11.65
1643128258	0	13	8	34	129.000	126	0.82	71	1	3.08	7	8.77
1643128285	1	14	15	32	163.000	123	0.80	57	0	3.15	19	45.62
1643128305	0	4	8	35	133.000	124	0.74	61	1	2.52	19	9.35
1643128325	1	15	15	28	170.000	124	0.74	78	0	3.04	12	56.00
1643128345	2	19	30	27	202.000	124	0.91	74	2	2.71	20	17.71
1643128365	2	19	30	25	194.000	125	0.87	44	1	3.57	9	26.74
1643128393	0	4	8	36	140.000	121	0.74	76	4	3.01	19	4.47
1643128413	2	8	30	36	131.000	123	0.76	63	2	2.60	9	17.55
1643128433	0	1	8	36	143.000	124	0.65	35	2	2.54	1	5.24
1643128453	2	3	30	33	138.000	125	0.50	49	10	2.71	23	15.98
1643128473	2	6	30	35	120.000	125	0.61	28	2	2.43	5	17.03
1643128500	0	10	8	36	142.000	121	0.77	53	1	2.83	18	11.54
1643128520	2	12	30	34	151.000	123	0.53	25	8	2.74	11	16.04
1643128540	0	9	8	30	133.000	124	0.59	32	1	2.69	16	6.30
1643128560	2	7	30	28	132.000	124	0.66	51	10	2.40	8	16.04
1643128580	0	5	8	29	126.000	125	0.86	37	0	3.11	0	39.29
1643128607	0	8	8	30	124.000	122	0.50	32	1	3.22	8	7.57
1643128627	0	8	8	32	139.000	123	0.48	25	1	2.65	4	6.65
1643128647	2	7	30	30	131.000	123	0.56	22	23	2.41	10	15.88
1643128667	2	12	30	32	133.000	124	0.76	39	1	2.94	1	20.09
1643128687	1	9	15	32	144.000	124	0.77	40	1	2.96	5	13.48
1643128714	1	16	15	28	169.000	124	0.79	32	2	3.41	9	11.15
1643128734	2	18	30	25	167.000	125	0.72	41	1	3.61	10	22.89
1643128754	1	14	15	25	171.000	126	0.59	26	17	3.59	5	9.92
1643128774	2	17	30	27	168.000	126	0.67	42	18	3.84	8	15.92
1643128794	2	28	30	27	157.000	127	0.61	39	2	4.77	4	17.16
1643128822	1	23	15	30	164.000	122	0.88	61	0	3.59	6	38.02
1643128842	0	8	8	36	140.000	124	0.75	57	0	2.66	17	31.05
1643128862	0	8	8	33	158.000	124	0.72	69	1	2.84	16	7.64
1643128882	2	33	30	28	186.000	125	0.85	51	2	3.23	7	17.86
1643128902	2	27	30	28	215.000	125	0.89	64	1	2.86	17	23.82
1643128929	1	11	15	22	161.000	124	0.86	53	0	3.67	6	54.09
1643128949	0	8	8	33	147.000	126	0.84	57	0	3.02	16	50.00
1643128969	2	19	30	27	196.000	127	0.52	36	17	2.86	14	15.90
1643128989	2	26	30	28	202.000	127	0.91	69	2	3.63	27	17.95
1643129009	0	10	8	34	144.000	127	0.81	57	1	2.90	12	9.58
1643129036	0	4	8	29	128.000	127	0.85	29	0	2.98	4	49.34
1643129056	2	41	30	27	204.000	128	0.87	81	3	2.69	26	16.77
1643129076	0	6	8	32	134.000	129	0.77	35	1	3.11	13	6.02
1643129096	2	21	30	28	198.000	129	0.94	54	1	3.37	7	28.53
1643129116	0	9	8	33	133.000	129	0.31	23	44	2.96	1	3.82
1643129143	2	23	30	24	220.000	122	0.94	36	0	4.82	1	61.21
1643129163	2	40	30	14	214.000	124	0.89	39	3	3.11	4	17.00
1643129183	1	7	15	24	169.000	125	0.78	24	0	3.24	10	21.36
1643129203	2	16	30	19	223.000	126	0.88	33	0	3.58	12	28.88
1643129223	0	5	8	31	133.000	126	0.40	28	2	2.95	10	4.80
1643129251	1	11	15	25	162.000	122	0.79	39	1	3.14	5	13.41
1643129271	2	15	30	28	168.000	124	0.87	39	0	3.57	7	33.23
1643129291	1	15	15	25	157.000	124	0.76	28	2	3.70	4	11.63
1643129311	2	14	30	25	147.000	125	0.63	37	1	3.97	2	23.27
1643129331	0	12	8	29	136.000	125	0.70	44	0	2.76	14	14.86
1643129358	2	9	30	20	208.000	122	0.68	31	24	3.52	10	15.89
1643129378	2	45	30	27	222.000	123	0.79	58	5	2.58	17	16.36
1643129398	2	26	30	24	198.000	124	0.59	57	36	2.99	22	15.85
1643129418	2	39	30	21	204.000	124	0.94	64	1	3.34	11	18.66
1643129438	2	37	30	27	192.000	126	0.93	60	0	3.26	12	38.98
1643129465	2	37	30	32	212.000	122	0.84	73	1	3.40	19	19.28
1643129485	0	6	8	36	147.000	123	0.72	51	0	2.66	14	22.24
1643129505	2	23	30	21	232.000	125	0.68	52	19	3.09	16	15.92
1643129525	0	8	8	31	142.000	125	0.81	71	0	3.38	8	19.14
1643129545	2	27	30	27	215.000	125	0.92	68	1	2.78	10	23.06
1643129572	2	28	30	28	202.000	122	0.82	44	2	3.29	13	17.17
1643129592	2	8	30	26	167.000	124	0.65	40	0	3.60	8	28.59
1643129612	2	21	30	25	210.000	124	0.91	56	0	3.57	15	45.08
1643129632	1	14	15	24	162.000	125	0.61	45	1	3.30	19	12.11
1643129653	2	23	30	27	173.000	125	0.60	55	60	3.35	25	15.83
1643129680	2	17	30	25	174.000	126	0.82	33	1	3.26	10	20.11
1643129700	2	27	30	28	184.000	127	0.87	56	4	2.70	16	16.73
1643129720	2	24	30	28	178.000	129	0.62	19	1	3.92	7	18.46
1643129740	1	7	15	21	175.000	129	0.83	31	0	4.14	8	22.94
1643129760	2	14	30	25	174.000	129	0.81	47	3	3.23	7	17.08
1643129787	1	11	15	25	163.000	122	0.78	21	0	3.10	7	33.51
1643129807	2	16	30	26	185.000	123	0.77	27	0	3.30	8	38.44
1643129827	1	14	15	25	153.000	123	0.83	39	1	3.52	15	20.99
1643129847	2	20	30	28	184.000	124	0.48	17	61	2.37	4	15.82
1643129867	2	14	30	26	212.000	124	0.76	36	6	3.11	10	16.24
1643129894	1	8	15	23	172.000	127	0.76	29	1	3.73	8	19.42
1643129914	2	11	30	23	192.000	128	0.66	34	5	3.51	14	16.27
1643129934	2	15	30	25	230.000	128	0.70	38	1	3.80	12	22.05
1643129954	2	12	30	24	162.000	129	0.75	38	3	4.59	15	16.97
1643129974	0	6	8	30	153.000	129	0.59	40	9	3.10	10	4.02
1643130001	2	17	30	25	184.000	128	0.57	42	43	3.74	22	15.84
1643130021	2	8	30	21	186.000	129	0.75	45	16	2.95	12	15.96
1643130041	1	15	15	35	220.000	130	0.92	60	0	3.20	10	55.90
1643130062	2	30	30	27	261.000	130	0.83	71	1	3.17	19	19.98
1643130082	0	9	8	35	200.000	124	0.83	53	0	3.59	11	28.83
1643130109	1	22	15	32	213.000	129	0.83	54	0	3.31	12	54.86
1643130129	1	17	15	34	216.000	130	0.84	65	0	2.94	2	47.75
1643130149	0	8	8	38	149.000	130	0.69	56	0	2.57	18	32.05
1643130169	2	26	30	27	233.000	131	0.82	42	1	3.61	13	19.19
1643130189	2	27	30	28	258.000	132	0.92	77	5	3.17	9	16.49
1643130216	0	4	8	34	152.000	122	0.72	55	0	2.43	19	15.54
1643130236	0	6	8	36	166.000	123	0.52	39	15	2.33	4	3.91
1643130256	0	9	8	37	186.000	124	0.50	54	2	2.16	14	4.79
1643130276	1	8	15	30	141.000	124	0.64	48	3	2.60	14	10.76
1643130296	1	9	15	34	188.000	124	0.85	51	0	2.81	1	21.81
1643130323	2	13	30	24	186.000	128	0.40	21	64	2.62	9	15.81
1643130343	0	8	8	32	169.000	129	0.89	48	0	3.68	6	20.08
1643130363	2	18	30	25	155.000	130	0.87	36	2	3.61	5	17.87
1643130383	0	9	8	25	169.000	130	0.82	37	0	3.82	1	41.96
1643130403	1	16	15	24	179.000	130	0.55	30	44	2.92	9	9.84
1643130430	2	20	30	22	210.000	122	0.86	48	9	3.15	17	16.13
1643130451	2	25	30	15	265.000	123	0.90	37	2	3.66	13	17.77
1643130471	2	37	30	19	240.000	124	0.89	42	4	3.17	13	16.75
1643130491	2	14	30	25	168.000	123	0.79	28	1	3.69	2	25.81
1643130511	1	14	15	26	235.000	124	0.68	45	9	4.16	14	10.07
1643130538	2	31	30	17	208.000	122	0.87	31	4	4.41	6	16.74
1643130558	1	7	15	25	208.000	123	0.62	40	22	3.83	16	9.89
1643130578	2	21	30	23	184.000	124	0.61	46	10	4.84	13	16.01
1643130598	1	9	15	26	186.000	124	0.42	35	23	3.35	13	9.86
1643130618	0	5	8	29	162.000	125	0.72	38	5	3.44	18	4.37
1643130645	1	17	15	34	192.000	122	0.83	66	0	2.94	19	55.91
1643130665	1	10	15	31	202.000	123	0.89	73	1	3.34	3	15.07
1643130685	1	11	15	29	171.000	124	0.88	57	1	3.51	13	14.10
1643130705	2	22	30	34	186.000	125	0.83	61	1	3.08	19	23.35
1643130725	0	6	8	25	177.000	125	0.78	79	0	3.16	13	50.00
1643130752	1	5	15	29	217.000	122	0.85	55	0	3.15	18	52.74
1643130772	2	32	30	28	211.000	124	0.76	44	1	3.91	6	19.31
1643130792	2	25	30	28	223.000	125	0.67	50	14	3.22	19	15.96
1643130812	1	20	15	31	165.000	126	0.87	57	0	3.32	13	44.08
1643130832	2	15	30	22	164.000	126	0.79	45	1	2.71	0	21.57
1643130860	0	10	8	36	113.000	123	0.78	61	1	2.85	23	11.59
1643130880	2	9	30	31	188.000	123	0.51	40	25	2.87	14	15.87
1643130900	2	8	30	34	139.000	123	0.67	42	0	3.21	7	24.85
1643130920	0	7	8	32	136.000	125	0.43	22	11	3.08	8	3.94
1643130940	0	11	8	25	187.000	125	0.66	29	1	3.17	8	7.75
1643130967	2	15	30	26	187.000	128	0.81	36	2	3.70	12	17.13
1643130987	0	9	8	30	178.000	129	0.71	26	5	3.23	10	4.30
1643131007	0	8	8	28	194.000	130	0.78	37	0	3.05	7	20.34
1643131027	2	12	30	26	168.000	130	0.70	24	0	3.49	6	32.57
1643131047	1	12	15	27	208.000	130	0.84	28	1	3.51	4	18.20
1643131074	2	25	30	24	236.000	122	0.91	41	1	3.10	11	21.83
1643131094	1	15	15	23	218.000	123	0.92	29	1	4.09	2	20.26
1643131114	2	24	30	16	250.000	124	0.75	34	0	3.59	2	61.94
1643131134	0	25	30	22	266.000	125	0.78	38	1	4.51	14	7.21
1643131154	2	13	30	25	181.000	126	0.63	19	1	3.94	2	17.83
1643131181	2	17	30	25	198.000	122	0.64	64	22	2.73	25	15.90
1643131201	2	10	30	25	176.000	123	0.40	39	8	4.53	4	15.98
1643131221	1	7	15	21	170.000	124	0.84	85	2	3.14	7	11.95
1643131241	1	13	15	33	220.000	125	0.78	57	0	3.06	20	54.59
1643131262	0	7	8	39	174.000	125	0.77	71	1	3.14	22	9.08
1643131289	0	8	8	33	179.000	123	0.84	56	0	3.14	14	28.05
1643131309	2	29	30	28	246.000	124	0.74	60	1	2.53	16	21.29
1643131329	2	18	30	26	216.000	124	0.79	43	0	3.27	17	52.67
1643131349	2	23	30	27	258.000	124	0.91	62	0	2.95	8	62.00
1643131369	0	9	8	34	166.000	124	0.68	48	17	3.27	19	3.94
1643131396	1	22	15	27	214.000	121	0.89	59	0	3.13	14	55.98
1643131416	2	15	30	32	202.000	123	0.88	68	1	3.10	3	23.48
1643131436	0	7	8	40	134.000	125	0.64	54	1	2.29	23	8.46
1643131456	2	29	30	29	264.000	125	0.53	56	14	2.34	26	15.93
1643131476	2	18	30	25	200.000	125	0.88	42	3	2.87	3	17.16
1643131503	0	9	8	33	167.000	122	0.36	20	10	3.33	13	3.92
1643131523	2	7	30	30	170.000	124	0.28	22	28	3.16	3	15.83
1643131543	2	11	30	32	176.000	125	0.57	33	1	2.76	11	18.75
1643131563	1	9	15	30	192.000	125	0.67	46	9	2.56	5	10.05
1643131583	1	6	15	27	122.000	125	0.66	21	2	3.02	7	11.17
1643131610	2	19	30	26	228.000	127	0.67	25	0	3.72	7	27.56
1643131630	2	11	30	24	185.000	129	0.76	44	0	3.98	18	51.94
1643131650	2	15	30	25	151.000	129	0.84	27	1	3.40	1	18.41
1643131671	2	15	30	25	196.000	129	0.90	39	0	3.76	5	40.68
1643131691	1	11	15	24	210.000	129	0.86	35	1	3.23	11	18.73
1643131718	1	14	15	24	200.000	122	0.82	37	2	4.02	10	11.89
1643131738	1	18	15	27	224.000	123	0.53	35	10	3.69	9	9.98
1643131758	1	10	15	24	154.000	124	0.86	48	4	4.10	15	10.58
1643131778	1	16	15	26	224.000	125	0.64	41	4	3.35	15	10.43
1643131798	2	13	30	25	200.000	125	0.59	34	3	3.50	9	16.59
1643131825	2	17	30	26	208.000	125	0.87	88	1	3.21	22	18.45
1643131845	2	28	30	27	259.000	126	0.90	66	1	2.99	15	19.74
1643131865	2	29	30	29	239.000	126	0.91	67	2	2.97	6	18.18
1643131885	2	28	30	26	255.000	127	0.87	58	2	3.17	15	18.01
1643131905	1	20	15	33	219.000	128	0.81	70	5	2.68	20	10.40
1643131932	2	23	30	24	230.000	122	0.80	35	3	3.11	10	16.99
1643131952	2	27	30	26	192.000	121	0.79	64	7	3.28	18	16.22
1643131972	2	29	30	27	264.000	124	0.86	48	0	3.47	15	31.32
1643131992	2	26	30	27	226.000	125	0.92	61	4	3.11	13	16.75
1643132012	2	23	30	26	245.000	122	0.82	55	2	3.18	18	17.75
1643132039	0	8	8	36	155.000	128	0.62	58	2	2.22	23	5.09
1643132059	1	10	15	26	212.000	131	0.80	61	1	2.65	19	15.17
1643132080	2	20	30	26	231.000	131	0.53	35	6	3.42	12	16.11
1643132100	1	12	15	28	165.000	131	0.51	25	7	4.66	13	10.07
1643132120	1	16	15	26	190.000	132	0.40	21	23	3.98	15	9.85
1643132147	2	18	30	23	243.000	122	0.84	45	4	3.70	15	16.61
1643132167	2	17	30	20	271.000	124	0.62	49	24	2.57	4	15.89
1643132187	1	10	15	24	169.000	122	0.77	23	1	3.41	7	13.61
1643132207	1	17	15	26	210.000	123	0.54	31	14	3.40	7	9.94
1643132227	2	20	30	28	204.000	123	0.81	41	1	3.48	18	18.96
1643132254	1	9	15	25	158.000	122	0.84	39	1	3.61	14	21.03
1643132274	2	15	30	26	169.000	123	0.84	36	0	3.59	13	37.42
1643132294	0	9	8	29	137.000	124	0.92	34	0	3.19	1	45.73
1643132314	2	34	30	18	253.000	125	0.81	38	6	3.43	12	16.27
1643132334	2	12	30	23	192.000	128	0.60	32	1	4.21	14	17.71
1643132361	2	33	30	28	237.000	126	0.73	59	18	3.31	25	15.93
1643132381	2	18	30	27	228.000	127	0.69	40	2	4.58	19	17.30
1643132401	2	6	30	25	153.000	128	0.56	32	11	4.31	16	15.97
1643132421	2	30	30	27	225.000	129	0.77	47	2	3.78	5	17.32
1643132441	1	5	15	34	250.000	129	0.89	61	1	3.22	17	19.62
1643132469	1	20	15	32	254.000	127	0.85	57	0	3.11	16	55.31
1643132489	1	19	15	32	226.000	129	0.75	51	2	3.13	19	11.47
1643132509	2	22	30	27	251.000	130	0.72	40	0	3.72	16	57.15
1643132529	0	8	8	32	164.000	130	0.83	42	0	3.38	0	49.73
1643132549	1	13	15	30	194.000	130	0.87	44	0	3.63	7	39.07
1643132576	2	26	30	27	263.000	127	0.78	45	1	3.32	16	19.20
1643132596	2	13	30	26	254.000	123	0.90	74	2	2.51	16	17.90
1643132616	1	15	15	33	230.000	126	0.88	61	2	3.06	19	12.14
1643132636	2	30	30	28	238.000	127	0.91	28	0	3.18	3	35.54
1643132656	0	8	8	33	0.000	129	0.54	47	66	3.24	24	3.82
1643132683	0	7	8	32	204.000	123	0.78	55	0	3.23	7	35.76
1643132703	2	10	30	24	243.000	124	0.54	26	3	5.23	14	16.58
1643132723	0	14	8	28	206.000	125	0.78	29	4	3.55	5	4.51
1643132743	2	19	30	26	245.000	125	0.76	35	7	4.39	1	16.17
1643132763	1	16	15	26	222.000	126	0.87	33	3	3.32	2	10.92
1643132790	1	19	15	27	228.000	122	0.85	39	0	3.91	12	39.57
1643132810	2	16	30	26	224.000	123	0.70	31	6	3.27	12	16.20
1643132830	2	18	30	25	266.000	124	0.53	25	1	3.34	5	19.02
1643132850	0	3	8	30	186.000	124	0.80	28	0	3.22	11	14.65
1643132871	2	29	30	21	279.000	124	0.66	31	16	3.01	7	15.94
1643132898	2	11	30	24	235.000	128	0.69	33	1	3.84	9	20.88
1643132918	0	5	8	32	192.000	129	0.75	22	1	3.38	8	7.28
1643132938	2	15	30	26	254.000	129	0.58	34	18	3.22	4	15.91
1643132958	1	18	15	26	170.000	130	0.70	55	4	3.32	26	10.48
1643132978	2	25	30	28	249.000	130	0.77	39	1	4.59	13	20.45
1643133005	0	9	8	31	143.000	127	0.62	37	7	3.80	10	4.11
1643133025	2	24	30	26	220.000	129	0.80	59	4	3.08	21	16.58
1643133045	2	7	30	30	238.000	128	0.87	70	1	3.17	20	19.45
1643133065	2	31	30	29	231.000	122	0.89	58	0	3.32	17	49.27
1643133085	2	47	30	24	257.000	123	0.91	54	0	3.50	11	29.15
1643133112	1	17	15	30	224.000	131	0.76	79	0	3.19	14	56.00
1643133132	1	16	15	35	235.000	132	0.72	42	0	3.09	18	20.02
1643133152	2	40	30	28	267.000	133	0.74	59	1	2.98	23	24.48
1643133172	2	21	30	28	255.000	133	0.90	70	2	3.21	15	17.31
1643133192	0	7	8	33	147.000	134	0.76	59	0	2.92	11	19.57
1643133219	0	5	8	34	128.000	122	0.61	35	7	2.70	13	4.13
1643133240	2	10	30	37	155.000	124	0.56	42	2	2.79	20	16.96
1643133260	2	5	30	34	137.000	124	0.59	43	1	2.83	7	19.43
1643133280	0	9	8	32	138.000	125	0.78	54	0	3.18	5	15.82
1643133300	2	8	30	33	218.000	125	0.35	33	67	3.62	2	15.81
1643133327	1	17	15	29	233.000	128	0.52	16	6	3.92	10	10.12
1643133347	2	21	30	28	239.000	129	0.81	43	1	3.71	6	18.53
1643133367	2	17	30	25	204.000	129	0.58	19	1	3.13	3	21.99
1643133387	0	6	8	27	143.000	130	0.88	37	0	3.88	6	26.16
1643133407	0	8	8	31	129.000	130	0.67	38	4	3.10	11	4.49
1643133434	0	4	8	30	179.000	122	0.80	50	4	2.66	13	4.62
1643133454	2	5	30	23	192.000	123	0.70	42	4	3.14	7	16.46
1643133474	2	16	30	25	224.000	124	0.80	29	1	3.67	4	22.20
1643133494	2	13	30	24	241.000	124	0.53	34	20	3.21	13	15.89
1643133514	0	11	8	32	135.000	125	0.66	45	17	3.05	12	3.93
1643133541	1	18	15	26	212.000	121	0.69	35	2	4.88	16	11.53
1643133561	0	7	8	35	178.000	123	0.81	44	3	4.11	17	4.92
1643133581	2	24	30	26	258.000	124	0.48	42	6	2.67	19	16.07
1643133601	2	18	30	27	223.000	125	0.58	39	23	3.37	16	15.88
1643133621	2	24	30	29	206.000	125	0.85	77	1	3.42	12	20.69
1643133649	0	8	8	36	175.000	121	0.70	73	1	2.70	19	7.65
1643133669	1	8	15	37	177.000	123	0.70	66	1	2.75	18	14.56
1643133689	1	6	15	35	192.000	124	0.81	55	0	2.91	11	41.57
1643133709	2	8	30	37	184.000	124	0.73	61	0	2.72	15	39.27
1643133729	2	6	30	33	182.000	124	0.77	70	2	3.21	8	17.51
1643133756	0	7	8	36	206.000	122	0.53	39	3	2.88	17	4.57
1643133776	1	5	15	33	198.000	124	0.13	14	364	2.98	1	9.79
1643133796	2	11	30	38	202.000	124	0.40	57	19	2.58	5	15.87
1643133816	2	7	30	37	222.000	125	0.70	55	1	2.44	10	23.87
1643133836	1	7	15	34	188.000	126	0.69	49	0	2.91	15	19.10
1643133863	2	11	30	27	192.000	122	0.84	38	1	3.48	15	20.57
1643133883	1	10	15	27	160.000	123	0.90	55	1	3.03	10	15.70
1643133903	1	11	15	25	252.000	124	0.50	24	6	5.37	13	10.09
1643133923	2	2	30	17	104.000	125	0.89	49	0	3.64	6	28.49
1643133943	0	7	8	33	145.000	126	0.68	42	3	2.70	13	4.78
1643133970	2	23	30	23	249.000	122	0.89	38	0	3.74	15	34.49
1643133990	2	27	30	20	260.000	123	0.73	32	11	3.04	6	16.03
1643134011	2	49	30	22	251.000	124	0.75	48	7	2.80	13	16.19
1643134031	2	30	30	21	276.000	125	0.75	29	11	3.57	4	16.05
1643134051	0	9	8	32	145.000	125	0.72	41	3	2.87	15	4.89
1643134078	0	6	8	31	138.000	123	0.51	30	2	2.79	11	4.85
1643134098	2	5	30	29	142.000	124	0.62	38	6	2.55	2	16.16
1643134118	0	12	8	34	131.000	124	0.44	53	29	2.44	19	3.85
1643134138	2	6	30	30	136.000	125	0.50	25	53	3.04	7	15.83
1643134158	2	13	30	32	151.000	125	0.69	49	2	3.07	2	17.25
1643134185	0	4	8	35	140.000	122	0.46	42	2	2.68	17	4.57
1643134205	0	3	8	28	123.000	123	0.46	23	2	3.32	9	4.55
1643134225	0	8	8	33	133.000	124	0.57	45	3	2.98	16	4.43
1643134245	1	7	15	36	152.000	125	0.68	65	0	2.29	19	41.92
1643134265	2	9	30	38	142.000	125	0.70	62	0	2.58	16	50.41
1643134292	1	18	15	33	186.000	127	0.86	63	1	3.22	20	15.57
1643134312	2	20	30	26	159.000	128	0.71	77	20	2.97	17	15.92
1643134332	0	7	8	34	125.000	129	0.75	63	0	2.46	15	42.12
1643134352	1	11	15	31	173.000	130	0.71	54	1	3.15	17	13.05
1643134372	2	23	30	27	171.000	130	0.89	78	5	3.39	11	16.42
1643134399	0	8	8	34	130.000	121	0.61	48	0	2.82	11	18.34
1643134419	0	8	8	36	127.000	124	0.81	27	1	2.83	4	11.28
1643134439	1	13	15	38	136.000	124	0.55	55	1	2.27	22	12.60
1643134460	2	6	30	33	115.000	125	0.84	72	0	2.58	16	56.70
1643134480	0	8	8	31	138.000	125	0.79	52	0	3.30	8	34.26
1643134507	2	13	30	26	171.000	127	0.48	28	9	4.21	19	15.98
1643134527	2	20	30	27	170.000	128	0.81	29	1	3.98	6	25.47
1643134547	2	11	30	21	167.000	129	0.58	18	1	2.84	4	18.87
1643134567	2	9	30	21	112.000	129	0.83	42	1	3.31	4	18.31
1643134587	0	11	8	29	134.000	129	0.80	36	1	3.07	4	13.71
1643134614	1	15	15	24	145.000	128	0.64	25	0	3.48	8	19.80
1643134634	0	8	8	28	131.000	129	0.60	28	18	2.51	9	3.91
1643134654	2	25	30	27	153.000	129	0.76	43	5	3.10	14	16.35
1643134674	2	19	30	27	181.000	130	0.79	39	7	3.23	12	16.23
1643134694	2	12	30	24	166.000	130	0.87	35	0	3.92	2	31.87
1643134721	1	7	15	25	155.000	122	0.77	51	6	2.97	17	10.24
1643134741	0	7	8	31	143.000	123	0.62	34	1	3.54	13	7.33
1643134761	0	7	8	33	126.000	124	0.53	52	11	2.43	25	3.97
1643134781	2	24	30	27	169.000	125	0.60	40	4	4.67	12	16.29
1643134801	1	12	15	27	190.000	125	0.89	61	0	3.59	0	55.78
1643134828	0	8	8	37	156.000	122	0.66	58	0	2.40	21	15.02
1643134848	0	7	8	31	149.000	123	0.81	72	1	3.11	4	6.45
1643134868	2	36	30	28	200.000	123	0.84	72	4	2.83	18	16.72
1643134889	2	27	30	28	188.000	124	0.81	59	5	3.00	20	16.42
1643134909	0	9	8	33	126.000	124	0.67	42	0	3.72	15	15.10
1643134936	2	29	30	27	183.000	122	0.91	67	0	3.08	16	58.48
1643134956	2	31	30	25	220.000	123	0.87	51	3	3.00	15	17.15
1643134976	1	21	15	31	169.000	124	0.89	66	2	3.02	18	12.25
1643134996	0	6	8	36	145.000	125	0.49	54	1	2.36	16	7.41
1643135016	0	9	8	35	141.000	125	0.76	58	1	2.61	12	11.95
1643135043	0	7	8	33	135.000	126	0.47	50	10	2.52	21	3.97
1643135063	1	14	15	24	142.000	128	0.74	34	0	3.58	9	25.88
1643135083	2	18	30	26	164.000	128	0.84	69	1	2.55	13	21.36
1643135103	1	14	15	25	169.000	128	0.56	21	10	4.91	5	9.99
1643135123	1	12	15	26	151.000	129	0.84	49	0	3.68	10	35.82
1643135150	0	4	8	26	136.000	122	0.72	27	1	3.25	9	9.36
1643135170	2	7	30	26	121.000	123	0.74	29	6	2.61	2	16.29
1643135190	2	8	30	29	136.000	123	0.80	39	4	3.27	14	16.64
1643135210	2	9	30	32	139.000	124	0.48	24	1	2.80	1	17.94
1643135230	1	13	15	33	150.000	124	0.58	34	33	2.85	10	9.86
1643135257	2	23	30	27	169.000	122	0.73	37	1	3.58	14	20.08
1643135277	2	20	30	28	156.000	123	0.51	32	34	2.90	12	15.85
1643135298	1	15	15	28	178.000	124	0.78	42	1	3.63	17	12.70
1643135318	1	10	15	25	164.000	124	0.64	50	9	3.54	17	10.04
1643135338	2	8	30	25	151.000	124	0.81	41	2	4.30	5	17.17
1643135365	1	9	15	28	171.000	121	0.70	43	4	4.78	17	10.45
1643135385	1	16	15	30	139.000	123	0.39	34	45	2.93	15	9.82
1643135405	1	24	15	24	196.000	124	0.50	45	1	3.74	8	11.69
1643135425	0	3	8	35	151.000	125	0.80	60	1	2.60	7	9.75
1643135445	2	31	30	27	170.000	125	0.82	74	2	3.01	6	17.67
1643135472	2	17	30	22	204.000	122	0.86	67	1	3.09	23	26.48
1643135492	2	35	30	28	216.000	124	0.79	64	2	3.10	22	17.29
1643135512	0	9	8	31	128.000	124	0.62	42	0	3.23	1	49.93
1643135532	0	7	8	37	146.000	124	0.70	68	0	2.33	24	32.69
1643135552	0	8	8	36	160.000	124	0.72	42	1	2.80	13	6.53
1643135579	0	9	8	37	149.000	121	0.71	49	1	2.26	19	8.87
1643135599	2	7	30	35	131.000	123	0.82	61	0	2.28	1	61.78
1643135619	1	7	15	35	135.000	125	0.57	36	10	2.47	12	10.00
1643135639	1	9	15	39	139.000	125	0.52	49	2	2.67	21	10.91
1643135659	2	7	30	34	134.000	125	0.48	39	7	2.90	9	16.04
1643135686	1	10	15	29	186.000	128	0.84	32	2	3.33	9	11.61
1643135706	1	16	15	27	157.000	130	0.51	27	39	4.51	8	9.84
1643135726	2	15	30	25	174.000	131	0.75	36	8	4.41	1	16.11
1643135747	2	15	30	25	192.000	131	0.88	43	3	3.18	2	16.89
1643135767	2	20	30	26	190.000	131	0.88	41	0	3.49	9	28.56
1643135794	2	40	30	22	188.000	123	0.72	33	0	3.69	8	29.32
1643135814	0	7	8	35	142.000	123	0.57	31	1	2.86	10	5.75
1643135834	1	17	15	26	180.000	124	0.66	21	5	2.85	9	10.34
1643135854	2	26	30	18	212.000	124	0.81	51	13	2.69	4	16.01
1643135874	0	6	8	34	129.000	124	0.78	43	11	2.84	14	4.06
1643135901	2	16	30	24	192.000	122	0.79	32	2	3.41	9	17.15
1643135921	0	3	8	30	144.000	123	0.57	41	3	3.01	10	4.44
1643135941	2	18	30	26	161.000	125	0.61	34	8	3.58	12	16.05
1643135961	0	9	8	32	138.000	125	0.60	42	3	3.23	18	4.67
1643135981	2	22	30	26	179.000	125	0.43	39	6	2.55	17	16.05
1643136008	0	13	8	28	108.000	122	0.81	61	0	3.12	6	30.22
1643136028	2	8	30	36	135.000	123	0.69	59	0	2.53	15	49.46
1643136048	0	6	8	36	126.000	124	0.72	71	2	2.73	16	5.59
1643136068	0	3	8	38	137.000	124	0.74	56	1	2.66	14	10.97
1643136088	2	8	30	37	138.000	124	0.52	52	1	2.96	14	21.34
1643136115	2	11	30	22	169.000	122	0.88	53	0	3.73	6	59.94
1643136135	2	25	30	27	200.000	124	0.85	61	1	3.34	22	20.85
1643136155	0	4	8	31	133.000	125	0.73	33	0	3.98	10	20.88
1643136176	1	18	15	33	171.000	125	0.81	93	25	2.99	23	9.91
1643136196	2	19	30	24	190.000	126	0.79	56	3	3.38	18	16.87
1643136223	0	4	8	27	126.000	127	0.69	46	5	3.50	21	4.28
1643136243	0	7	8	34	124.000	129	0.78	61	0	2.36	11	44.35
1643136263	1	13	15	25	152.000	129	0.46	26	14	2.54	4	9.91
1643136283	1	5	15	29	154.000	130	0.92	54	1	3.36	7	14.30
1643136303	1	15	15	28	162.000	130	0.47	22	21	4.18	2	9.87
1643136330	2	11	30	24	138.000	127	0.77	46	8	2.95	15	16.13
1643136350	2	13	30	25	143.000	129	0.69	23	1	3.38	8	20.91
1643136370	0	7	8	30	143.000	129	0.45	25	45	2.52	3	3.83
1643136390	1	10	15	24	158.000	130	0.77	38	2	3.10	13	11.41
1643136410	1	15	15	26	174.000	130	0.60	28	2	3.47	11	11.33
1643136437	1	11	15	26	150.000	122	0.78	36	7	2.72	11	10.20
1643136457	0	9	8	29	135.000	123	0.72	30	1	3.48	6	9.03
1643136477	2	31	30	21	229.000	124	0.76	28	3	3.55	9	16.93
1643136497	0	7	8	28	125.000	124	0.64	33	16	2.71	10	3.93
1643136517	0	9	8	32	137.000	125	0.63	59	1	2.71	6	5.79
1643136544	2	12	30	24	144.000	130	0.66	28	1	4.94	13	20.73
1643136564	1	18	15	27	136.000	132	0.62	41	2	3.93	19	11.29
1643136584	2	25	30	27	202.000	132	0.82	40	1	3.98	14	19.04
1643136605	2	21	30	27	214.000	133	0.79	31	3	4.79	7	16.67
1643136625	1	15	15	33	167.000	133	0.82	61	1	3.04	17	17.38
1643136652	0	13	8	40	136.000	121	0.66	73	1	2.87	19	7.25
1643136672	0	9	8	37	133.000	123	0.84	56	0	3.20	15	34.06
1643136692	2	6	30	39	140.000	124	0.60	59	1	2.54	20	19.32
1643136712	2	5	30	33	130.000	124	0.72	80	0	3.22	2	62.00
1643136732	2	7	30	35	148.000	124	0.78	63	0	2.49	17	54.65
1643136759	0	9	8	36	153.000	122	0.84	51	0	3.24	19	41.63
1643136779	1	6	15	35	116.000	124	0.44	51	1	2.68	17	11.40
1643136799	0	7	8	36	119.000	124	0.81	59	1	2.59	10	13.50
1643136819	1	2	15	32	110.000	125	0.55	44	18	2.74	4	9.90
1643136839	2	3	30	34	143.000	125	0.46	49	3	2.60	23	16.46
1643136866	1	15	15	27	185.000	123	0.84	33	0	3.43	9	27.51
1643136886	0	8	8	33	139.000	124	0.75	45	1	2.64	14	12.87
1643136906	2	7	30	24	160.000	125	0.37	30	45	3.38	19	15.82
1643136926	2	9	30	21	152.000	125	0.83	32	0	4.25	7	27.62
1643136946	1	12	15	26	151.000	126	0.79	20	0	3.30	2	30.75
1643136973	2	23	30	17	204.000	122	0.85	39	0	3.57	3	61.99
1643136993	1	16	15	28	142.000	123	0.52	35	7	3.48	10	10.06
1643137013	2	20	30	21	188.000	123	0.70	30	19	3.12	9	15.92
1643137034	2	19	30	20	250.000	124	0.87	28	5	3.48	7	16.41
1643137054	2	19	30	23	226.000	124	0.75	47	27	2.78	15	15.89
1643137081	1	16	15	26	196.000	122	0.75	30	2	3.36	8	11.33
1643137101	2	10	30	25	165.000	124	0.63	34	30	3.17	14	15.87
1643137121	0	10	8	33	131.000	124	0.56	31	2	3.16	8	5.16
1643137141	2	19	30	27	143.000	125	0.56	26	30	2.98	4	15.86
1643137161	0	7	8	31	126.000	125	0.64	43	11	3.98	3	3.99
1643137188	2	19	30	25	193.000	127	0.78	39	2	3.75	16	17.29
1643137208	2	8	30	22	146.000	127	0.79	46	1	3.88	5	19.26
1643137228	2	24	30	27	229.000	128	0.84	72	2	3.06	18	17.68
1643137248	1	7	15	30	167.000	128	0.79	71	1	3.18	17	13.35
1643137268	2	16	30	26	183.000	129	0.85	56	2	3.20	12	17.90
1643137295	1	12	15	31	167.000	125	0.83	56	1	3.13	13	19.08
1643137315	1	23	15	30	194.000	126	0.84	56	0	3.04	14	56.00
1643137335	1	9	15	29	186.000	127	0.85	47	0	3.24	14	55.71
1643137355	0	7	8	32	138.000	127	0.65	43	1	2.72	11	7.74
1643137375	1	14	15	32	149.000	127	0.85	51	0	3.21	22	54.67
1643137402	1	13	15	32	161.000	122	0.83	56	0	3.09	19	44.24
1643137422	1	7	15	30	144.000	123	0.72	55	2	3.02	21	11.78
1643137442	2	15	30	31	176.000	125	0.67	45	26	3.66	15	15.88
1643137463	1	21	15	27	151.000	125	0.67	32	11	3.14	11	10.02
1643137483	0	8	8	34	143.000	125	0.76	57	0	2.27	15	26.91
1643137510	1	15	15	25	173.000	128	0.43	22	35	4.29	15	9.84
1643137530	0	7	8	32	143.000	129	0.70	40	13	2.80	5	3.99
1643137550	2	13	30	23	155.000	130	0.70	36	7	3.13	13	16.17
1643137570	2	4	30	23	168.000	130	0.86	34	0	3.87	4	41.91
1643137590	1	14	15	25	155.000	131	0.49	34	12	3.43	9	9.93
1643137617	2	33	30	23	196.000	122	0.82	53	14	2.79	18	16.00
1643137637	0	5	8	26	119.000	123	0.72	42	1	3.32	8	11.27
1643137657	1	14	15	20	169.000	124	0.82	43	3	3.13	15	10.91
1643137677	0	7	8	19	123.000	125	0.72	24	2	3.11	7	5.51
1643137697	2	36	30	21	243.000	125	0.65	45	1	3.58	9	20.18
1643137724	1	8	15	24	139.000	128	0.69	27	2	4.86	11	11.68
1643137744	1	5	15	23	157.000	129	0.70	30	5	3.87	8	10.33
1643137764	0	8	8	35	144.000	130	0.41	44	5	2.76	18	4.11
1643137784	2	19	30	26	212.000	130	0.37	24	17	3.67	2	15.87
1643137804	0	5	8	29	141.000	131	0.48	35	1	2.43	1	8.30
1643137831	2	29	30	29	243.000	127	0.77	86	11	2.76	22	16.05
1643137851	1	13	15	32	167.000	127	0.72	70	1	3.06	23	15.61
1643137872	1	24	15	28	166.000	129	0.93	58	0	3.29	10	53.10
1643137892	0	8	8	36	145.000	130	0.85	57	0	3.11	13	19.00
1643137912	2	14	30	24	164.000	130	0.77	41	1	3.48	3	21.66
1643137939	1	10	15	33	165.000	122	0.84	54	0	3.08	18	51.80
1643137959	2	17	30	30	150.000	123	0.76	50	1	3.12	22	24.68
1643137979	2	18	30	32	179.000	124	0.75	53	1	3.28	26	18.92
1643137999	2	22	30	32	183.000	125	0.86	58	1	3.16	16	18.38
1643138019	0	11	8	30	145.000	125	0.63	49	1	2.69	16	6.97
1643138046	1	12	15	31	185.000	122	0.45	52	2	3.64	5	10.48
1643138066	2	14	30	24	155.000	123	0.83	33	1	3.65	8	26.33
1643138086	1	6	15	29	184.000	123	0.44	22	35	4.35	6	9.84
1643138106	1	5	15	24	155.000	125	0.42	24	8	3.98	8	9.99
1643138126	0	8	8	21	135.000	125	0.75	38	1	4.34	6	10.71
1643138153	1	15	15	26	172.000	122	0.75	30	7	3.33	5	10.21
1643138173	2	13	30	25	151.000	123	0.70	24	1	3.43	1	18.20
1643138193	1	11	15	25	160.000	124	0.45	32	29	3.23	13	9.85
1643138213	2	23	30	27	163.000	124	0.85	37	1	3.53	12	22.37
1643138233	1	16	15	27	154.000	124	0.66	15	0	2.70	2	18.81
1643138260	1	10	15	22	164.000	125	0.50	22	7	3.08	4	10.05
1643138281	2	9	30	23	136.000	126	0.71	37	9	2.77	7	16.07
1643138301	1	12	15	25	169.000	127	0.81	46	7	3.56	1	10.20
1643138321	2	13	30	25	143.000	127	0.66	42	10	3.26	2	16.02
1643138341	2	9	30	24	130.000	128	0.48	35	36	3.59	9	15.84
1643138368	0	11	8	34	143.000	127	0.64	39	1	3.31	13	8.78
1643138388	2	13	30	25	152.000	128	0.56	27	22	3.30	11	15.88
1643138408	2	5	30	21	179.000	129	0.92	61	1	3.72	10	24.19
1643138428	2	32	30	30	216.000	130	0.84	61	0	3.26	19	31.32
1643138448	0	8	8	38	142.000	130	0.71	83	1	2.99	16	8.36
1643138475	0	8	8	30	129.000	122	0.91	57	0	3.29	8	46.84
1643138495	0	5	8	35	149.000	123	0.46	32	2	2.63	16	4.65
1643138515	0	4	8	34	140.000	124	0.63	42	0	3.27	1	48.77
1643138535	1	11	15	37	160.000	124	0.67	45	4	2.43	9	10.35
1643138555	1	7	15	33	143.000	124	0.50	41	38	2.73	11	9.84
1643138582	0	8	8	36	138.000	122	0.82	59	0	2.64	14	48.32
1643138602	0	6	8	36	132.000	123	0.74	56	1	2.64	16	6.05
1643138622	1	7	15	33	136.000	125	0.54	43	9	2.66	17	10.02
1643138642	0	8	8	39	143.000	126	0.45	50	7	2.51	23	4.02
1643138662	2	8	30	32	148.000	126	0.66	35	10	2.70	4	16.02
1643138689	2	12	30	19	162.000	122	0.54	19	2	5.65	13	16.88
1643138710	2	38	30	18	196.000	124	0.45	18	79	2.71	8	15.81
1643138730	0	8	8	34	135.000	125	0.84	37	2	4.76	5	5.91
1643138750	1	16	15	25	183.000	126	0.80	34	1	3.74	13	12.60
1643138770	1	13	15	22	147.000	126	0.70	25	6	2.92	11	10.22
1643138797	0	9	8	30	149.000	122	0.56	35	0	3.69	17	17.03
1643138817	2	10	30	25	154.000	124	0.86	40	5	3.54	2	16.40
1643138837	1	12	15	24	143.000	124	0.54	21	25	2.50	5	9.87
1643138857	2	12	30	23	133.000	124	0.49	22	14	3.00	4	15.92
1643138877	0	14	8	29	145.000	125	0.71	38	6	2.41	9	4.24
1643138904	0	9	8	30	125.000	122	0.73	34	2	3.62	12	5.29
1643138924	2	8	30	30	134.000	123	0.66	27	1	3.15	8	17.71
1643138944	0	9	8	30	137.000	124	0.59	29	10	2.97	2	4.00
1643138964	2	4	30	33	135.000	124	0.36	36	7	2.60	18	15.98
1643138984	1	8	15	36	158.000	125	0.60	40	1	2.44	11	11.63
1643139011	2	20	30	26	221.000	122	0.79	81	12	2.69	25	16.02
1643139031	1	13	15	36	164.000	123	0.85	75	0	2.75	20	55.91
1643139051	0	7	8	35	140.000	123	0.85	73	1	3.31	18	8.37
1643139071	0	8	8	32	146.000	124	0.86	56	0	3.21	10	40.84
1643139091	2	33	30	28	226.000	125	0.79	70	3	3.21	10	16.95
1643139118	0	8	8	32	148.000	127	0.70	42	0	2.87	9	33.20
1643139139	0	9	8	33	138.000	127	0.73	61	0	2.87	13	19.04
1643139159	1	18	15	31	185.000	128	0.82	58	1	3.18	20	16.08
1643139179	2	30	30	30	221.000	129	0.81	59	1	3.69	16	21.44
1643139199	0	9	8	34	161.000	129	0.90	64	1	3.14	19	7.00
1643139226	1	13	15	32	182.000	122	0.75	65	1	2.62	24	12.06
1643139246	2	19	30	26	175.000	124	0.83	47	1	2.95	13	19.11
1643139266	2	19	30	26	171.000	125	0.90	48	0	3.80	7	40.03
1643139286	0	3	8	31	137.000	125	0.79	53	0	2.63	18	33.22
1643139306	1	12	15	22	147.000	125	0.60	22	5	3.86	1	10.26
1643139333	1	14	15	28	152.000	122	0.83	42	0	3.53	14	34.59
1643139353	0	4	8	25	135.000	123	0.78	40	2	3.15	4	5.10
1643139373	2	33	30	16	240.000	124	0.73	24	13	3.30	7	15.99
1643139393	0	12	8	25	140.000	124	0.31	31	38	2.85	1	3.82
1643139413	1	18	15	26	174.000	124	0.65	45	1	2.91	17	17.03
1643139440	1	14	15	28	154.000	122	0.84	39	1	3.61	14	21.03
1643139460	0	6	8	29	130.000	123	0.73	37	0	2.97	13	15.83
1643139480	1	15	15	24	176.000	124	0.67	19	17	3.04	6	9.93
1643139500	2	24	30	18	178.000	125	0.73	35	18	3.24	13	15.94
1643139520	2	5	30	23	160.000	125	0.84	55	3	3.72	3	16.76
1643139548	0	9	8	38	129.000	123	0.61	22	1	3.89	7	6.03
1643139568	2	24	30	27	189.000	124	0.64	31	2	4.58	13	17.36
1643139588	2	14	30	25	156.000	124	0.77	35	1	4.13	13	18.39
1643139608	2	35	30	31	206.000	125	0.79	44	1	3.98	6	24.76
1643139628	0	8	8	38	149.000	125	0.66	65	0	2.28	19	28.95
1643139655	0	5	8	30	128.000	122	0.82	71	1	3.01	6	7.73
1643139675	2	22	30	27	171.000	124	0.81	59	4	3.30	14	16.66
1643139695	1	19	15	30	182.000	124	0.83	80	0	3.25	7	56.00
1643139715	2	8	30	24	196.000	125	0.88	49	0	3.20	15	54.17
1643139735	2	25	30	28	202.000	125	0.90	55	2	3.48	3	17.31
1643139762	0	9	8	33	132.000	122	0.49	39	72	2.79	20	3.82
1643139782	2	36	30	29	218.000	124	0.75	55	0	3.51	18	58.45
1643139802	2	28	30	28	202.000	124	0.90	64	2	2.88	16	18.28
1643139822	1	15	15	34	156.000	125	0.77	55	0	3.02	22	30.90
1643139842	0	7	8	37	131.000	125	0.66	45	5	2.71	12	4.26
1643139869	0	7	8	32	142.000	122	0.85	54	0	2.99	6	35.17
1643139889	2	3	30	32	130.000	124	0.38	22	27	3.85	12	15.84
1643139909	1	10	15	31	160.000	124	0.60	36	20	2.60	4	9.90
1643139929	1	10	15	32	142.000	125	0.72	44	4	2.84	16	10.42
1643139949	1	9	15	28	140.000	125	0.60	33	21	2.39	5	9.90
1643139976	2	15	30	25	173.000	127	0.72	24	0	3.48	4	25.88
1643139997	2	17	30	26	182.000	128	0.76	41	4	3.36	7	16.57
1643140017	2	7	30	23	152.000	129	0.82	34	15	2.58	1	15.99
1643140037	1	16	15	25	190.000	129	0.60	25	41	2.87	6	9.84
1643140057	0	7	8	29	126.000	129	0.74	36	1	2.71	8	13.05
1643140084	2	10	30	24	167.000	122	0.64	27	5	3.14	5	16.26
1643140104	1	14	15	29	179.000	123	0.79	42	2	3.86	4	11.29
1643140124	0	10	8	32	142.000	124	0.69	36	4	2.91	12	4.49
1643140144	2	14	30	26	167.000	125	0.41	31	35	3.29	14	15.83
1643140164	1	16	15	34	165.000	125	0.76	48	1	3.51	8	13.74
1643140191	1	17	15	30	174.000	122	0.80	39	1	5.17	13	15.35
1643140211	2	21	30	27	194.000	124	0.89	66	2	2.73	20	18.13
1643140231	0	7	8	37	153.000	124	0.84	71	2	2.77	23	5.69
1643140251	1	12	15	34	160.000	124	0.76	60	2	2.95	18	11.62
1643140271	1	21	15	28	149.000	125	0.86	56	0	3.48	14	50.12
1643140298	1	12	15	27	171.000	122	0.87	58	0	3.71	6	33.97
1643140318	1	16	15	30	169.000	123	0.67	39	3	2.90	15	10.66
1643140338	0	7	8	36	145.000	124	0.67	49	0	2.58	17	13.22
1643140358	2	19	30	26	208.000	124	0.79	53	1	3.27	24	20.25
1643140378	0	7	8	33	139.000	125	0.68	56	1	2.45	8	7.89
1643140405	2	20	30	28	219.000	126	0.86	58	1	2.78	2	25.95
1643140426	0	8	8	43	136.000	128	0.59	47	2	2.84	14	5.09
1643140446	2	21	30	26	183.000	129	0.81	44	1	3.60	10	18.52
1643140466	1	13	15	29	183.000	129	0.79	37	0	3.72	8	31.30
1643140486	1	26	15	28	157.000	129	0.47	26	28	4.78	9	9.85
1643140513	2	26	30	26	208.000	123	0.74	31	7	3.25	2	16.21
1643140533	1	17	15	28	188.000	124	0.84	36	2	3.66	8	11.73
1643140553	2	26	30	20	241.000	124	0.81	41	1	3.37	14	21.47
1643140573	1	15	15	18	188.000	121	0.80	24	1	3.58	4	19.53
1643140593	0	9	8	29	130.000	123	0.59	51	1	2.85	12	9.86
1643140620	0	4	8	30	122.000	122	0.82	40	0	3.24	11	19.11
1643140640	1	7	15	31	135.000	123	0.78	37	2	2.84	7	11.56
1643140660	2	6	30	30	144.000	124	0.73	37	1	2.95	7	18.73
1643140680	0	7	8	32	138.000	124	0.60	30	1	3.02	5	6.36
1643140700	2	11	30	28	144.000	125	0.69	42	8	3.14	6	16.11
1643140727	1	15	15	25	200.000	122	0.73	29	2	4.23	6	11.50
1643140747	1	14	15	32	149.000	124	0.63	39	18	3.66	13	9.92
1643140767	2	22	30	27	192.000	124	0.55	48	15	3.49	23	15.93
1643140787	2	19	30	26	164.000	125	0.47	25	25	3.49	12	15.86
1643140807	0	3	8	32	153.000	125	0.78	58	1	2.78	7	11.87
1643140835	2	26	30	28	187.000	122	0.82	71	9	2.94	19	16.13
1643140855	2	33	30	28	240.000	123	0.71	85	38	3.23	22	15.86
1643140875	0	20	8	40	148.000	124	0.71	59	0	2.42	2	14.33
1643140895	0	6	8	30	131.000	124	0.74	56	0	2.68	4	49.77
1643140915	0	8	8	35	138.000	125	0.59	33	5	2.65	10	4.20
1643140942	2	17	30	26	208.000	129	0.79	52	1	3.16	10	21.77
1643140962	2	22	30	27	204.000	130	0.88	77	4	3.23	9	16.61
1643140982	1	14	15	32	180.000	131	0.75	48	1	3.10	11	14.28
1643141002	0	8	8	38	161.000	131	0.73	54	1	2.77	14	8.64
1643141022	1	10	15	34	184.000	132	0.63	54	1	3.05	24	15.82
1643141049	0	10	8	31	162.000	122	0.83	61	0	3.10	23	19.26
1643141069	2	6	30	29	131.000	123	0.56	31	3	3.23	18	16.47
1643141089	0	3	8	30	124.000	124	0.34	28	37	3.60	16	3.82
1643141109	2	1	30	21	108.000	125	0.77	43	0	3.22	13	47.43
1643141129	2	10	30	34	181.000	125	0.67	44	5	3.20	10	16.26
1643141156	2	43	30	21	263.000	122	0.88	39	3	3.52	15	17.20
1643141176	2	34	30	23	253.000	123	0.66	26	24	2.77	1	15.89
1643141196	1	11	15	29	174.000	124	0.64	52	1	3.38	2	17.26
1643141216	2	32	30	20	244.000	124	0.77	26	3	3.47	10	16.66
1643141236	0	9	8	34	146.000	124	0.74	21	3	3.25	5	4.87
1643141263	2	17	30	26	218.000	128	0.84	37	0	3.76	13	35.80
1643141283	0	8	8	27	129.000	129	0.64	44	1	3.56	7	8.23
1643141303	0	8	8	37	144.000	130	0.68	40	12	2.98	5	4.00
1643141324	2	15	30	25	182.000	130	0.71	37	13	3.76	12	15.99
1643141344	0	9	8	35	140.000	131	0.53	27	2	3.84	10	5.18
1643141371	2	21	30	27	170.000	125	0.75	45	6	3.52	15	16.25
1643141391	2	16	30	25	157.000	127	0.77	29	4	4.79	6	16.55
1643141411	0	4	8	31	135.000	128	0.74	75	1	3.53	20	7.41
1643141431	2	32	30	27	200.000	128	0.86	82	3	2.86	19	16.78
1643141451	0	9	8	35	149.000	129	0.65	55	0	2.57	0	15.94
1643141478	2	21	30	28	206.000	125	0.87	66	1	3.07	20	24.26
1643141498	2	27	30	27	188.000	126	0.69	76	33	3.06	15	15.87
1643141518	1	15	15	35	192.000	126	0.86	64	0	3.14	16	55.04
1643141538	1	13	15	33	218.000	126	0.84	54	0	3.43	13	29.17
1643141558	1	14	15	32	155.000	127	0.87	78	6	3.30	1	10.37
1643141585	2	28	30	26	212.000	127	0.90	65	2	2.93	20	17.51
1643141605	0	6	8	29	134.000	128	0.76	37	0	2.80	1	23.66
1643141625	1	16	15	34	168.000	129	0.67	55	3	2.17	8	10.76
1643141645	2	21	30	25	178.000	130	0.86	31	3	3.14	4	17.04
1643141665	2	21	30	26	212.000	130	0.57	31	17	3.28	16	15.92
1643141692	2	24	30	28	222.000	123	0.61	22	9	5.84	9	16.03
1643141712	2	33	30	21	209.000	125	0.87	57	2	2.91	15	17.45
1643141732	2	29	30	22	237.000	126	0.90	34	0	4.33	7	36.31
1643141752	0	5	8	27	144.000	126	0.61	33	13	2.63	13	3.96
1643141773	2	41	30	19	225.000	126	0.92	37	1	3.28	2	19.69
1643141800	1	14	15	28	188.000	122	0.67	33	33	2.77	3	9.86
1643141820	0	6	8	28	154.000	123	0.58	31	24	2.42	6	3.88
1643141840	1	11	15	25	176.000	123	0.72	43	0	3.34	3	19.78
1643141860	2	22	30	26	181.000	124	0.75	44	28	2.95	15	15.89
1643141880	1	16	15	23	168.000	125	0.70	47	1	4.31	1	14.69
1643141907	0	8	8	31	142.000	123	0.51	46	2	3.38	14	4.63
1643141927	2	11	30	32	154.000	123	0.61	34	2	3.61	14	17.11
1643141947	1	7	15	30	131.000	124	0.69	53	15	3.11	12	9.96
1643141967	0	9	8	38	142.000	125	0.69	44	1	2.44	3	6.39
1643141987	2	11	30	33	144.000	125	0.53	29	29	2.50	3	15.86
1643142014	1	13	15	32	147.000	122	0.76	49	1	3.19	18	19.17
1643142034	2	19	30	33	163.000	123	0.80	72	1	3.13	19	21.50
1643142054	2	11	30	31	160.000	123	0.79	51	0	3.09	10	55.59
1643142074	1	17	15	32	179.000	124	0.81	61	0	3.21	13	41.77
1643142094	2	14	30	28	146.000	125	0.74	78	7	3.24	8	16.21
1643142121	2	30	30	29	187.000	127	0.90	66	0	3.59	6	62.00
1643142141	2	31	30	27	204.000	129	0.87	44	1	3.57	11	23.62
1643142161	1	12	15	27	182.000	130	0.64	39	3	3.74	21	10.64
1643142181	2	35	30	29	231.000	130	0.91	65	2	3.06	20	17.34
1643142202	1	14	15	32	168.000	130	0.80	37	0	3.36	14	23.51
1643142229	2	24	30	28	196.000	127	0.52	43	18	2.84	19	15.89
1643142249	0	8	8	33	142.000	128	0.75	41	1	2.87	12	5.98
1643142269	1	7	15	25	174.000	128	0.82	54	1	3.33	19	17.34
1643142289	2	9	30	24	136.000	128	0.60	21	8	5.18	9	16.08
1643142309	2	21	30	27	158.000	129	0.84	45	0	3.62	12	39.60
1643142336	1	19	15	22	155.000	121	0.80	27	1	3.88	9	19.42
1643142356	1	23	15	22	186.000	123	0.85	35	1	3.72	8	15.50
1643142376	2	6	30	20	160.000	124	0.78	38	1	3.76	4	20.59
1643142396	2	13	30	25	183.000	124	0.68	37	0	3.97	9	24.58
1643142416	2	19	30	27	170.000	124	0.75	27	10	2.25	2	16.06
1643142443	2	34	30	26	208.000	122	0.75	34	16	3.30	6	15.96
1643142463	2	37	30	24	192.000	123	0.75	33	3	3.56	10	16.65
1643142483	0	5	8	29	131.000	124	0.43	30	2	2.89	11	4.66
1643142503	1	7	15	30	142.000	124	0.76	46	1	3.45	15	14.41
1643142523	1	25	15	25	146.000	125	0.68	33	2	4.60	14	11.30
1643142550	1	19	15	30	171.000	127	0.70	40	8	3.65	16	10.12
1643142570	0	7	8	39	143.000	129	0.37	36	38	2.59	13	3.83
1643142590	0	7	8	28	133.000	130	0.84	48	0	3.42	7	30.91
1643142610	1	25	15	31	155.000	130	0.80	52	1	3.17	16	14.25
1643142631	1	17	15	32	178.000	130	0.84	73	1	3.22	11	15.34
1643142658	1	13	15	33	161.000	122	0.79	58	0	3.05	21	45.86
1643142678	1	18	15	33	172.000	124	0.85	64	0	2.93	13	40.23
1643142698	1	20	15	30	182.000	124	0.78	79	1	3.23	5	13.11
1643142718	2	22	30	33	198.000	124	0.84	69	0	3.23	12	58.00
1643142738	2	10	30	30	147.000	125	0.85	51	0	3.25	2	53.82
1643142765	2	29	30	28	218.000	123	0.85	91	18	3.07	17	15.96
1643142785	1	10	15	29	138.000	125	0.82	60	2	2.95	12	11.71
1643142805	2	33	30	28	196.000	125	0.82	51	1	3.03	13	21.24
1643142825	2	22	30	26	182.000	125	0.65	48	35	3.25	21	15.86
1643142845	2	12	30	26	157.000	126	0.87	42	1	3.82	12	23.03
1643142872	1	17	15	29	172.000	122	0.81	38	1	3.28	13	13.60
1643142892	1	24	15	30	165.000	124	0.39	36	102	3.29	21	9.81
1643142912	1	10	15	25	147.000	125	0.79	29	1	3.98	6	18.03
1643142932	0	6	8	24	133.000	125	0.77	44	3	3.12	18	4.92
1643142952	2	9	30	22	126.000	125	0.79	40	0	3.53	3	61.64
1643142979	1	12	15	26	172.000	128	0.80	30	0	3.32	11	27.37
1643142999	0	9	8	30	133.000	129	0.38	26	2	2.99	11	4.53
1643143019	1	13	15	25	153.000	130	0.62	40	48	2.64	10	9.84
1643143039	1	8	15	25	142.000	130	0.84	37	1	3.21	1	14.95
1643143060	0	9	8	32	160.000	130	0.51	34	17	2.82	8	3.90
1643143087	2	18	30	25	160.000	126	0.63	39	2	3.91	17	16.97
1643143107	0	10	8	31	130.000	127	0.56	31	1	3.11	7	5.39
1643143127	0	6	8	31	136.000	128	0.68	28	1	3.50	6	5.97
1643143147	1	11	15	27	138.000	129	0.63	41	7	4.33	6	10.11
1643143167	2	19	30	27	174.000	129	0.60	41	28	3.83	16	15.87
1643143194	1	21	15	27	163.000	122	0.90	61	0	3.56	13	47.96
1643143214	1	15	15	33	158.000	124	0.92	60	0	3.09	9	55.90
1643143234	1	7	15	32	178.000	125	0.83	76	1	3.16	13	16.46
1643143254	1	18	15	34	176.000	125	0.83	52	0	3.27	4	55.66
1643143274	2	16	30	32	157.000	125	0.82	60	0	3.16	16	55.82
1643143301	1	18	15	27	168.000	124	0.87	52	3	3.00	3	10.78
1643143321	0	7	8	33	135.000	125	0.74	61	0	2.31	9	33.64
1643143341	0	6	8	30	128.000	126	0.79	50	0	3.22	16	24.15
1643143361	2	18	30	27	226.000	127	0.85	82	18	3.11	25	15.97
1643143381	1	14	15	33	154.000	128	0.83	55	0	3.31	19	42.49
1643143408	1	11	15	24	156.000	122	0.91	29	0	3.20	4	48.31
1643143428	2	7	30	27	141.000	124	0.85	64	2	2.93	21	18.06
1643143448	1	10	15	27	146.000	125	0.78	32	7	2.48	12	10.21
1643143468	1	9	15	26	186.000	125	0.64	27	3	3.44	14	10.54
1643143488	1	12	15	21	157.000	125	0.54	28	26	4.39	18	9.87
1643143516	1	9	15	21	129.000	122	0.74	33	0	3.53	15	24.51
1643143536	1	8	15	25	154.000	123	0.68	27	11	3.03	6	10.02
1643143556	1	12	15	25	139.000	124	0.51	25	38	2.87	3	9.84
1643143576	0	10	8	29	129.000	124	0.78	38	5	3.27	11	4.34
1643143596	0	7	8	33	136.000	125	0.50	33	6	2.62	6	4.11
1643143623	1	21	15	27	183.000	126	0.55	20	12	2.60	4	9.96
1643143643	0	10	8	32	144.000	126	0.70	44	13	2.62	4	3.98
1643143663	2	18	30	26	176.000	127	0.74	39	4	2.92	4	16.49
1643143683	1	15	15	28	164.000	128	0.67	32	1	3.57	10	13.85
1643143703	2	10	30	24	156.000	128	0.62	33	16	3.64	5	15.93
1643143730	1	11	15	22	157.000	122	0.75	40	6	4.38	4	10.27
1643143750	0	5	8	44	135.000	124	0.67	39	4	3.17	6	4.36
1643143770	1	19	15	30	173.000	124	0.51	42	5	2.65	8	10.21
1643143790	2	13	30	22	238.000	124	0.88	56	3	4.09	11	17.06
1643143810	1	13	15	32	179.000	126	0.84	62	0	3.13	17	29.98
1643143837	0	4	8	32	146.000	129	0.76	71	3	2.92	20	4.96
1643143857	2	25	30	28	175.000	130	0.83	49	4	3.39	1	16.55
1643143877	0	6	8	44	133.000	132	0.78	63	2	2.71	16	5.47
1643143897	2	23	30	26	186.000	132	0.89	66	0	3.68	8	29.32
1643143917	0	8	8	37	141.000	132	0.79	57	0	2.73	19	48.15
1643143945	1	20	15	29	180.000	122	0.78	46	1	3.50	20	18.06
1643143965	2	16	30	32	164.000	124	0.82	55	0	3.34	11	34.01
1643143985	1	16	15	32	165.000	125	0.72	62	0	3.19	9	56.00
1643144005	0	9	8	33	128.000	125	0.69	40	0	2.68	10	13.90
1643144025	2	27	30	30	210.000	126	0.63	50	8	2.71	10	16.09
1643144052	2	12	30	26	175.000	128	0.69	34	1	3.56	9	19.20
1643144072	0	8	8	33	146.000	129	0.71	59	0	2.24	24	12.97
1643144092	0	6	8	38	161.000	130	0.56	21	14	3.16	8	3.93
1643144112	1	10	15	24	130.000	131	0.83	34	0	4.58	1	40.52
1643144132	0	9	8	28	133.000	131	0.81	43	3	3.33	14	5.09
1643144159	0	7	8	24	110.000	122	0.73	21	0	2.77	7	18.54
1643144179	2	7	30	28	148.000	122	0.81	36	1	3.24	8	26.45
1643144199	1	9	15	32	112.000	123	0.72	45	5	2.90	17	10.31
1643144219	2	8	30	31	200.000	124	0.61	30	20	2.55	9	15.90
1643144239	1	9	15	29	138.000	124	0.67	29	0	2.90	7	19.37
1643144266	2	22	30	17	182.000	121	0.87	32	1	3.39	9	19.68
1643144286	2	37	30	23	254.000	123	0.71	32	38	3.14	3	15.86
1643144306	2	32	30	21	237.000	124	0.82	53	6	3.35	16	16.31
1643144326	0	8	8	30	132.000	124	0.52	36	15	3.36	13	3.92
1643144346	0	9	8	35	131.000	125	0.57	42	2	2.46	7	5.22
1643144374	1	15	15	28	146.000	122	0.74	41	5	3.34	16	10.31
1643144394	1	21	15	27	153.000	123	0.78	47	1	3.80	5	12.20
1643144414	2	12	30	32	179.000	125	0.81	66	0	3.00	13	60.87
1643144434	2	13	30	29	173.000	125	0.77	71	1	3.00	12	18.41
1643144454	0	4	8	36	139.000	125	0.71	55	2	2.56	9	5.06
1643144481	1	10	15	28	158.000	123	0.66	34	4	3.30	11	10.49
1643144501	2	8	30	22	133.000	124	0.79	41	0	3.43	7	31.87
1643144521	2	28	30	27	239.000	124	0.88	78	1	2.55	10	19.91
1643144541	1	4	15	29	187.000	125	0.82	43	4	3.05	5	10.62
1643144561	2	21	30	26	204.000	125	0.86	44	0	3.58	15	54.85
1643144588	2	29	30	29	230.000	127	0.89	61	4	2.92	27	16.67
1643144608	0	5	8	24	127.000	129	0.80	29	2	2.82	5	5.13
1643144628	2	22	30	26	219.000	129	0.82	84	4	2.55	15	16.49
1643144648	1	16	15	26	171.000	129	0.80	45	2	3.50	9	11.63
1643144668	1	13	15	30	169.000	130	0.90	53	1	3.33	10	20.18
1643144695	1	14	15	25	179.000	128	0.48	19	2	4.31	11	10.64
1643144715	1	20	15	25	162.000	129	0.80	39	0	3.58	2	55.51
1643144735	2	9	30	23	138.000	129	0.86	37	0	3.91	4	57.14
1643144755	2	11	30	25	164.000	129	0.78	37	0	3.76	1	56.35
1643144775	0	5	8	24	125.000	130	0.41	34	59	2.40	4	3.82
1643144803	1	7	15	23	158.000	128	0.42	20	20	3.48	3	9.87
1643144823	1	15	15	26	159.000	129	0.79	34	4	2.94	11	10.47
1643144843	1	17	15	27	152.000	130	0.78	30	1	3.73	5	16.94
1643144863	0	7	8	29	149.000	130	0.83	37	1	2.90	12	13.34
1643144883	2	13	30	24	160.000	131	0.72	29	6	2.86	4	16.22
1643144910	0	3	8	26	131.000	125	0.45	33	2	3.19	14	4.62
1643144930	1	4	15	23	150.000	127	0.60	33	12	3.95	12	9.97
1643144950	2	33	30	29	196.000	128	0.81	46	3	4.32	9	17.01
1643144970	0	7	8	32	156.000	128	0.34	45	35	2.49	4	3.83
1643144990	1	6	15	29	158.000	129	0.66	42	1	3.52	20	17.33
1643145017	0	13	8	39	135.000	122	0.72	60	0	2.53	20	43.17
1643145037	0	4	8	40	133.000	123	0.72	62	1	2.66	21	8.75
1643145057	1	8	15	37	140.000	123	0.71	52	0	2.57	15	33.46
1643145077	1	8	15	38	142.000	124	0.75	54	0	2.82	16	48.89
1643145097	0	5	8	33	148.000	124	0.81	56	0	3.27	1	23.61
1643145124	0	11	8	36	136.000	125	0.70	62	0	2.46	11	29.47
1643145144	1	20	15	30	177.000	125	0.72	52	0	3.11	11	38.97
1643145164	1	13	15	28	155.000	126	0.87	83	4	3.17	12	10.65
1643145184	0	8	8	34	160.000	126	0.83	58	1	2.89	5	9.37
1643145204	2	10	30	25	176.000	126	0.77	37	0	2.85	6	30.93
1643145231	0	6	8	31	135.000	125	0.77	63	0	2.49	22	29.82
1643145252	0	8	8	30	132.000	126	0.64	32	1	2.86	11	7.11
1643145272	1	12	15	30	165.000	126	0.83	51	3	3.10	16	10.85
1643145292	2	15	30	25	154.000	128	0.59	22	14	3.85	7	15.94
1643145312	0	11	8	23	123.000	128	0.82	44	2	3.61	13	5.38
1643145339	2	13	30	26	160.000	122	0.87	36	1	3.76	7	23.52
1643145359	0	7	8	24	158.000	124	0.39	20	24	2.60	2	3.85
1643145379	1	19	15	27	164.000	124	0.34	30	65	2.99	2	9.81
1643145399	1	17	15	27	155.000	124	0.86	37	1	3.62	1	20.31
1643145419	1	17	15	27	180.000	124	0.65	15	3	2.75	3	10.72
1643145446	0	10	8	29	141.000	122	0.80	37	0	3.02	14	25.25
1643145466	2	10	30	29	150.000	123	0.48	35	74	2.34	13	15.82
1643145486	2	7	30	30	123.000	124	0.59	39	28	2.63	12	15.87
1643145506	0	8	8	34	126.000	124	0.53	35	23	2.91	2	3.87
1643145526	2	3	30	30	131.000	125	0.73	42	3	3.48	1	16.65
1643145553	0	7	8	29	131.000	126	0.49	41	3	2.70	19	4.35
1643145573	0	4	8	30	136.000	127	0.55	23	10	2.89	9	3.98
1643145593	1	7	15	22	131.000	128	0.88	61	0	3.38	11	27.81
1643145613	0	3	8	32	139.000	129	0.88	59	0	2.83	9	49.32
1643145633	2	16	30	26	212.000	129	0.73	69	1	2.83	8	19.81
1643145660	2	31	30	24	196.000	122	0.92	55	0	3.84	14	42.04
1643145681	1	18	15	32	173.000	124	0.60	31	1	3.19	13	12.01
1643145701	0	6	8	37	129.000	124	0.66	45	2	3.06	11	5.01
1643145721	2	41	30	29	213.000	124	0.84	76	6	2.67	22	16.35
1643145741	0	11	8	30	126.000	125	0.67	44	25	3.36	10	3.89
1643145768	2	8	30	24	184.000	122	0.87	62	1	3.15	24	24.07
1643145788	1	14	15	31	148.000	123	0.82	59	1	3.08	20	17.42
1643145808	0	7	8	37	136.000	124	0.77	45	5	2.84	15	4.37
1643145828	1	13	15	30	160.000	125	0.84	64	2	2.96	19	11.76
1643145848	1	20	15	28	153.000	125	0.75	26	14	2.32	2	9.99
1643145875	0	6	8	31	128.000	125	0.70	36	1	2.80	10	7.87
1643145895	2	7	30	24	154.000	127	0.39	13	3	3.36	8	16.23
1643145915	0	6	8	32	124.000	127	0.72	37	1	4.42	6	7.43
1643145935	0	7	8	26	135.000	128	0.66	30	1	2.94	10	11.00
1643145955	2	14	30	24	169.000	128	0.75	37	0	3.70	3	48.43
1643145982	0	8	8	32	138.000	122	0.53	22	1	3.00	9	5.64
1643146002	1	17	15	28	184.000	123	0.67	27	4	3.16	3	10.42
1643146022	2	7	30	24	127.000	124	0.82	36	1	3.24	2	19.67
1643146042	2	22	30	26	168.000	124	0.78	30	1	3.73	3	21.29
1643146062	0	9	8	24	137.000	125	0.56	34	31	2.57	5	3.86
1643146089	1	15	15	26	165.000	125	0.79	22	0	3.01	9	28.20
1643146109	0	8	8	26	153.000	127	0.56	23	42	3.27	6	3.84
1643146130	0	7	8	29	133.000	127	0.48	45	60	2.70	4	3.82
1643146150	2	11	30	26	179.000	127	0.71	42	6	4.47	19	16.20
1643146170	0	7	8	31	139.000	127	0.71	48	6	2.36	5	4.23
1643146197	0	5	8	36	138.000	123	0.73	56	3	3.69	8	4.76
1643146217	2	9	30	39	140.000	123	0.71	69	0	2.18	19	46.54
1643146237	1	4	15	35	131.000	124	0.67	74	1	2.78	19	11.82
1643146257	0	6	8	35	117.000	125	0.84	58	0	3.20	1	18.87
1643146277	2	5	30	36	139.000	125	0.75	60	1	2.49	1	19.37
1643146304	2	19	30	24	183.000	122	0.82	41	0	3.43	9	57.43
1643146324	2	17	30	25	234.000	124	0.87	51	0	3.93	14	28.43
1643146344	0	5	8	33	138.000	125	0.64	43	9	2.63	1	4.04
1643146364	0	6	8	36	142.000	126	0.50	51	5	2.64	13	4.17
1643146384	1	17	15	33	180.000	126	0.79	55	1	2.98	13	14.01
1643146411	0	9	8	38	138.000	122	0.65	57	0	2.32	23	39.29
1643146431	0	10	8	36	142.000	124	0.70	32	4	2.32	14	4.48
1643146451	0	10	8	30	148.000	125	0.54	30	27	2.45	11	3.86
1643146471	1	7	15	33	136.000	125	0.78	52	1	2.59	11	12.34
1643146491	0	6	8	30	152.000	126	0.41	22	23	3.33	4	3.86
1643146518	1	14	15	28	156.000	122	0.70	46	6	2.83	16	10.22
1643146539	1	12	15	25	179.000	123	0.87	42	1	3.32	2	13.76
1643146559	2	26	30	26	188.000	124	0.82	38	2	3.28	8	17.29
1643146579	1	15	15	26	185.000	124	0.56	23	5	3.05	4	10.21
1643146599	0	9	8	33	136.000	124	0.68	41	0	2.96	9	14.52
1643146626	0	8	8	33	156.000	127	0.59	17	1	2.98	5	6.93
1643146646	0	10	8	30	147.000	128	0.66	39	16	2.56	11	3.94
1643146666	2	9	30	24	143.000	129	0.70	34	8	2.24	9	16.10
1643146686	2	13	30	25	158.000	130	0.67	26	6	3.45	4	16.21
1643146706	2	11	30	24	157.000	130	0.64	41	17	3.84	16	15.93
1643146733	0	3	8	30	134.000	127	0.67	28	2	4.43	10	5.51
1643146753	1	11	15	29	151.000	128	0.76	46	0	3.74	3	27.09
1643146773	1	14	15	26	160.000	129	0.58	36	18	4.13	9	9.91
1643146793	1	9	15	20	165.000	129	0.85	59	0	3.84	0	56.00
1643146813	2	16	30	28	212.000	130	0.83	63	1	3.25	15	20.58
1643146840	0	7	8	39	133.000	122	0.71	55	0	2.40	16	32.43
1643146860	2	7	30	34	126.000	123	0.75	56	0	2.79	16	54.69
1643146880	2	8	30	37	168.000	124	0.48	42	2	2.51	11	16.56
1643146900	2	4	30	32	130.000	124	0.81	56	0	3.27	3	55.56
1643146920	1	11	15	37	151.000	124	0.72	60	0	2.62	22	20.00
1643146947	2	13	30	26	166.000	125	0.73	51	1	3.37	4	20.68
1643146968	2	23	30	27	194.000	126	0.90	60	1	2.97	20	19.36
1643146988	0	7	8	34	136.000	126	0.87	68	1	3.06	25	7.34
1643147008	1	10	15	34	166.000	127	0.58	49	1	3.07	18	11.58
1643147028	2	35	30	28	234.000	127	0.75	51	6	2.99	9	16.26
1643147055	2	22	30	26	206.000	123	0.83	35	0	3.80	10	56.74
1643147075	1	17	15	25	150.000	124	0.50	22	7	5.11	13	10.05
1643147095	1	9	15	23	153.000	125	0.72	23	17	3.13	2	9.94
1643147115	1	11	15	28	155.000	126	0.77	37	2	4.49	3	11.63
1643147135	2	16	30	26	164.000	126	0.79	34	1	3.69	13	25.33
1643147162	1	20	15	22	169.000	122	0.79	25	1	3.60	4	19.79
1643147182	1	15	15	24	166.000	123	0.81	50	0	3.43	15	22.51
1643147202	1	12	15	22	156.000	124	0.83	46	1	3.40	13	13.55
1643147222	0	3	8	23	128.000	124	0.61	17	6	2.59	4	4.17
1643147242	2	24	30	20	174.000	124	0.80	41	7	2.95	13	16.20
1643147269	1	4	15	29	171.000	126	0.76	41	1	4.26	10	16.99
1643147289	0	9	8	30	142.000	127	0.51	38	121	2.71	6	3.81
1643147309	2	18	30	25	164.000	128	0.84	51	4	3.22	18	16.50
1643147329	1	10	15	24	155.000	128	0.73	42	1	3.41	1	12.14
1643147349	0	6	8	32	121.000	129	0.57	42	12	2.56	2	3.96
1643147376	0	6	8	30	133.000	121	0.72	40	1	3.79	13	9.01
1643147397	1	8	15	35	155.000	123	0.62	55	1	3.30	10	13.54
1643147417	2	7	30	37	131.000	124	0.71	65	0	2.36	17	51.36
1643147437	1	7	15	38	144.000	124	0.75	71	1	2.84	16	13.60
1643147457	1	4	15	34	135.000	125	0.82	57	0	2.94	11	43.57
1643147484	1	18	15	31	162.000	129	0.61	38	2	3.36	14	11.47
1643147504	2	24	30	25	170.000	130	0.76	37	5	3.28	7	16.39
1643147524	1	14	15	31	178.000	131	0.78	33	0	3.71	6	54.32
1643147544	0	7	8	33	145.000	131	0.78	58	1	2.74	7	13.33
1643147564	1	27	15	35	147.000	131	0.90	58	0	3.11	3	56.00
1643147591	1	11	15	31	164.000	122	0.78	54	1	3.25	8	12.80
1643147611	1	15	15	32	158.000	124	0.88	51	0	2.98	9	55.84
1643147631	2	9	30	28	166.000	125	0.81	29	0	2.94	7	43.97
1643147651	0	5	8	36	142.000	125	0.77	32	1	2.89	7	6.74
1643147671	2	33	30	25	192.000	125	0.55	25	4	5.91	7	16.28
1643147698	2	1	30	16	74.000	126	0.74	31	1	3.30	12	22.62
1643147718	2	18	30	26	178.000	127	0.72	44	1	3.16	3	18.59
1643147738	0	9	8	31	162.000	128	0.80	41	2	3.25	0	5.12
1643147758	2	6	30	21	139.000	129	0.74	21	0	2.94	7	30.64
1643147778	2	6	30	24	159.000	129	0.45	36	67	2.69	8	15.82
1643147805	0	8	8	28	135.000	122	0.64	26	2	3.08	8	5.38
1643147826	1	14	15	25	161.000	123	0.77	32	1	3.50	7	13.60
1643147846	0	6	8	32	137.000	125	0.64	27	14	3.18	5	3.96
1643147866	1	15	15	25	155.000	125	0.71	41	0	3.57	6	27.76
1643147886	1	14	15	25	152.000	125	0.81	51	1	3.38	7	16.56
1643147913	1	11	15	24	164.000	122	0.81	65	9	2.85	22	10.10
1643147933	0	3	8	31	144.000	124	0.53	51	2	2.39	16	4.75
1643147953	2	24	30	27	212.000	124	0.67	41	4	3.28	9	16.42
1643147973	1	24	15	25	154.000	125	0.60	27	20	3.47	4	9.90
1643147993	1	17	15	36	165.000	126	0.75	52	1	3.08	10	14.47
1643148020	1	9	15	33	175.000	123	0.92	71	0	2.95	20	56.00
1643148040	1	26	15	26	157.000	124	0.84	57	0	3.27	9	54.79
1643148060	1	16	15	29	155.000	125	0.82	57	0	3.29	9	55.94
1643148080	0	4	8	33	164.000	125	0.81	57	0	3.09	9	46.82
1643148100	1	24	15	29	138.000	125	0.88	44	0	3.30	4	49.58
1643148127	0	9	8	33	121.000	122	0.59	57	7	2.68	17	4.10
1643148147	2	17	30	26	202.000	124	0.85	86	14	3.18	3	16.01
1643148167	1	17	15	31	165.000	125	0.85	58	0	3.09	16	55.80
1643148187	2	23	30	28	214.000	125	0.86	44	2	3.26	23	17.81
1643148207	2	28	30	29	229.000	126	0.78	50	2	3.38	16	17.13
1643148235	0	8	8	32	139.000	125	0.75	41	0	2.59	14	42.39
1643148255	1	15	15	28	158.000	126	0.54	33	32	3.40	19	9.85
1643148275	1	8	15	24	180.000	127	0.50	29	10	4.25	18	9.98
1643148295	2	8	30	25	148.000	127	0.58	17	4	3.78	9	16.32
1643148315	0	8	8	31	136.000	128	0.66	48	9	2.47	10	4.06
1643148342	2	7	30	21	148.000	121	0.82	49	2	2.77	13	18.02
1643148362	1	15	15	25	152.000	123	0.68	42	15	3.09	7	9.95
1643148382	0	9	8	32	136.000	124	0.53	49	15	2.63	11	3.92
1643148402	1	7	15	24	136.000	124	0.64	24	21	2.69	3	9.90
1643148422	0	8	8	33	159.000	124	0.73	36	1	3.00	9	10.40
1643148449	2	25	30	23	200.000	122	0.89	37	0	3.97	12	30.02
1643148469	1	15	15	23	167.000	123	0.84	36	1	3.84	4	13.61
1643148489	2	38	30	22	230.000	124	0.61	47	10	3.77	8	16.03
1643148509	0	3	8	33	144.000	124	0.74	27	5	3.97	5	4.40
1643148529	1	21	15	26	162.000	125	0.70	54	12	3.40	24	10.01
1643148556	1	17	15	27	161.000	122	0.70	41	1	3.94	16	12.52
1643148576	0	5	8	30	149.000	123	0.60	31	12	3.09	15	3.98
1643148596	0	9	8	32	137.000	125	0.63	84	2	2.97	23	5.13
1643148616	0	5	8	41	143.000	125	0.71	60	0	2.56	20	20.07
1643148636	2	18	30	26	222.000	125	0.73	66	9	2.99	25	16.07
1643148664	2	22	30	25	182.000	122	0.87	63	2	2.95	16	17.22
1643148684	2	34	30	24	186.000	124	0.85	72	8	3.04	12	16.17
1643148704	2	33	30	25	228.000	125	0.93	65	0	3.79	14	61.92
1643148724	2	38	30	26	226.000	125	0.89	50	1	3.82	14	26.88
1643148744	0	3	8	33	144.000	125	0.84	56	0	2.77	14	37.26
1643148771	1	17	15	35	169.000	122	0.79	54	5	3.39	20	10.38
1643148791	0	10	8	34	141.000	123	0.61	37	1	2.51	13	7.42
1643148811	2	35	30	30	229.000	124	0.57	46	21	2.41	9	15.89
1643148831	0	9	8	31	148.000	125	0.68	45	4	2.74	8	4.48
1643148851	2	33	30	24	230.000	125	0.76	37	36	2.80	4	15.87
1643148878	0	8	8	28	123.000	123	0.47	20	8	4.33	8	4.00
1643148898	0	9	8	33	160.000	124	0.60	34	1	2.81	14	6.94
1643148918	0	7	8	30	135.000	125	0.74	44	6	2.40	5	4.22
1643148938	1	11	15	23	168.000	125	0.68	31	1	2.92	11	15.12
1643148958	0	8	8	26	149.000	125	0.62	26	15	3.10	7	3.94
