1643303142	2	21	30	27	254.000	130	2	0.83	25	32	2.75	8	15.88
1643303162	1	51	15	20	0.000	123	2	0.83	25	32	2.75	8	9.88
1643303183	2	30	30	12	268.000	132	2	0.83	25	32	2.75	8	15.88
1643303203	1	8	15	24	191.000	124	2	0.83	25	32	2.75	8	9.88
1643303223	2	11	30	25	210.000	127	2	0.83	25	32	2.75	8	15.88
1643303250	1	6	15	24	238.000	131	2	0.83	25	32	2.75	8	9.88
1643303270	2	12	30	24	206.000	122	2	0.83	25	32	2.75	8	15.88
1643303290	1	7	15	24	182.000	123	2	0.83	25	32	2.75	8	9.88
1643303310	1	8	15	23	136.000	124	2	0.83	25	32	2.75	8	9.88
1643303330	1	13	15	25	218.000	124	2	0.83	25	32	2.75	8	9.88
1643303357	2	29	30	20	250.000	122	2	0.83	25	32	2.75	8	15.88
1643303377	1	11	15	22	153.000	127	2	0.83	25	32	2.75	8	9.88
1643303397	0	8	8	32	188.000	128	2	0.83	25	32	2.75	8	3.88
1643303417	0	7	8	32	173.000	129	2	0.83	25	32	2.75	8	3.88
1643303437	0	4	8	31	129.000	130	2	0.83	25	32	2.75	8	3.88
1643303464	1	14	15	31	202.000	123	2	0.83	25	32	2.75	8	9.88
1643303484	1	14	15	35	202.000	124	2	0.83	25	32	2.75	8	9.88
1643303504	1	15	15	33	162.000	124	2	0.83	25	32	2.75	8	9.88
1643303524	1	15	15	27	208.000	125	2	0.83	25	32	2.75	8	9.88
1643303544	2	9	30	29	200.000	125	2	0.83	25	32	2.75	8	15.88
1643303572	0	10	8	33	180.000	123	2	0.83	25	32	2.75	8	3.88
1643303592	2	20	30	25	242.000	124	2	0.83	25	32	2.75	8	15.88
1643303612	2	15	30	26	241.000	125	2	0.83	25	32	2.75	8	15.88
1643303632	2	11	30	26	249.000	126	2	0.83	25	32	2.75	8	15.88
1643303652	2	29	30	29	244.000	123	2	0.83	25	32	2.75	8	15.88
1643303679	0	5	8	39	210.000	122	2	0.83	25	32	2.75	8	3.88
1643303699	1	7	15	37	192.000	124	2	0.83	25	32	2.75	8	9.88
1643303719	2	10	30	32	171.000	124	2	0.83	25	32	2.75	8	15.88
1643303739	1	8	15	34	148.000	124	2	0.83	25	32	2.75	8	9.88
1643303759	1	6	15	32	142.000	125	2	0.83	25	32	2.75	8	9.88
1643303786	1	18	15	30	233.000	124	2	0.83	25	32	2.75	8	9.88
1643303806	0	9	8	30	179.000	125	2	0.83	25	32	2.75	8	3.88
1643303826	0	11	8	25	129.000	126	2	0.83	25	32	2.75	8	3.88
1643303846	1	16	15	26	227.000	126	2	0.83	25	32	2.75	8	9.88
1643303866	1	12	15	24	204.000	126	2	0.83	25	32	2.75	8	9.88
1643303893	0	9	8	34	151.000	121	2	0.83	25	32	2.75	8	3.88
1643303913	0	8	8	31	185.000	123	2	0.83	25	32	2.75	8	3.88
1643303934	1	11	15	29	196.000	124	2	0.83	25	32	2.75	8	9.88
1643303954	1	5	15	29	180.000	125	2	0.83	25	32	2.75	8	9.88
1643303974	2	6	30	31	210.000	125	2	0.83	25	32	2.75	8	15.88
1643304001	0	118	8	20	0.000	99	2	0.83	25	32	2.75	8	3.88
1643304021	1	23	15	31	204.000	126	2	0.83	25	32	2.75	8	9.88
1643304041	1	10	15	25	246.000	127	2	0.83	25	32	2.75	8	9.88
1643304061	1	11	15	21	212.000	129	2	0.83	25	32	2.75	8	9.88
1643304081	2	24	15	28	247.000	128	2	0.83	25	32	2.75	8	15.88
1643304108	2	22	30	29	256.000	122	2	0.83	25	32	2.75	8	15.88
1643304128	1	15	15	27	202.000	121	2	0.83	25	32	2.75	8	9.88
1643304148	1	14	15	32	235.000	123	2	0.83	25	32	2.75	8	9.88
1643304168	0	8	8	33	196.000	123	2	0.83	25	32	2.75	8	3.88
1643304188	2	33	30	28	200.000	124	2	0.83	25	32	2.75	8	15.88
1643304215	1	20	15	32	244.000	121	2	0.83	25	32	2.75	8	9.88
1643304235	0	10	8	37	166.000	122	2	0.83	25	32	2.75	8	3.88
1643304255	0	8	8	36	194.000	123	2	0.83	25	32	2.75	8	3.88
1643304275	0	8	8	40	190.000	124	2	0.83	25	32	2.75	8	3.88
1643304295	1	6	15	36	237.000	125	2	0.83	25	32	2.75	8	9.88
1643304323	2	23	30	26	231.000	125	2	0.83	25	32	2.75	8	15.88
1643304343	0	8	8	33	183.000	127	2	0.83	25	32	2.75	8	3.88
1643304363	1	12	15	24	217.000	128	2	0.83	25	32	2.75	8	9.88
1643304383	2	18	30	27	222.000	128	2	0.83	25	32	2.75	8	15.88
1643304403	2	15	30	26	230.000	128	2	0.83	25	32	2.75	8	15.88
1643304430	1	19	15	25	208.000	121	2	0.83	25	32	2.75	8	9.88
1643304450	2	22	30	26	250.000	123	2	0.83	25	32	2.75	8	15.88
1643304470	0	6	8	25	206.000	124	2	0.83	25	32	2.75	8	3.88
1643304490	0	7	8	26	155.000	124	2	0.83	25	32	2.75	8	3.88
1643304510	2	14	30	26	214.000	124	2	0.83	25	32	2.75	8	15.88
1643304537	1	13	15	24	220.000	122	2	0.83	25	32	2.75	8	9.88
1643304557	0	6	8	28	162.000	123	2	0.83	25	32	2.75	8	3.88
1643304577	2	27	30	20	280.000	124	2	0.83	25	32	2.75	8	15.88
1643304597	1	10	15	25	186.000	125	2	0.83	25	32	2.75	8	9.88
1643304617	0	10	8	33	137.000	126	2	0.83	25	32	2.75	8	3.88
1643304644	0	6	8	32	194.000	122	2	0.83	25	32	2.75	8	3.88
1643304664	1	5	15	32	212.000	124	2	0.83	25	32	2.75	8	9.88
1643304684	2	10	30	39	202.000	124	2	0.83	25	32	2.75	8	15.88
1643304704	1	9	15	38	198.000	125	2	0.83	25	32	2.75	8	9.88
1643304725	1	4	15	33	174.000	125	2	0.83	25	32	2.75	8	9.88
1643304752	0	5	8	32	181.000	121	2	0.83	25	32	2.75	8	3.88
1643304772	1	3	15	32	184.000	123	2	0.83	25	32	2.75	8	9.88
1643304792	1	7	15	36	175.000	123	2	0.83	25	32	2.75	8	9.88
1643304812	1	8	15	36	198.000	124	2	0.83	25	32	2.75	8	9.88
1643304832	0	7	8	40	133.000	125	2	0.83	25	32	2.75	8	3.88
1643304859	2	20	30	26	231.000	122	2	0.83	25	32	2.75	8	15.88
1643304879	2	23	30	28	250.000	125	2	0.83	25	32	2.75	8	15.88
1643304899	1	3	15	33	228.000	129	2	0.83	25	32	2.75	8	9.88
1643304919	2	15	30	25	260.000	125	2	0.83	25	32	2.75	8	15.88
1643304939	1	12	15	32	200.000	122	2	0.83	25	32	2.75	8	9.88
1643304966	2	12	30	18	260.000	123	2	0.83	25	32	2.75	8	15.88
1643304986	0	7	8	33	154.000	122	2	0.83	25	32	2.75	8	3.88
1643305006	1	9	15	30	177.000	123	2	0.83	25	32	2.75	8	9.88
1643305026	1	5	15	26	165.000	124	2	0.83	25	32	2.75	8	9.88
1643305046	2	6	30	27	196.000	124	2	0.83	25	32	2.75	8	15.88
1643305073	1	16	15	24	265.000	130	2	0.83	25	32	2.75	8	9.88
1643305094	0	6	8	31	192.000	131	2	0.83	25	32	2.75	8	3.88
1643305114	2	19	30	25	234.000	132	2	0.83	25	32	2.75	8	15.88
1643305134	1	12	15	25	164.000	133	2	0.83	25	32	2.75	8	9.88
1643305154	2	15	30	24	206.000	133	2	0.83	25	32	2.75	8	15.88
1643305181	0	13	8	29	179.000	122	2	0.83	25	32	2.75	8	3.88
1643305201	2	16	30	25	247.000	123	2	0.83	25	32	2.75	8	15.88
1643305221	1	17	15	31	210.000	124	2	0.83	25	32	2.75	8	9.88
1643305241	1	16	15	24	146.000	124	2	0.83	25	32	2.75	8	9.88
1643305261	0	7	8	34	144.000	125	2	0.83	25	32	2.75	8	3.88
1643305288	0	8	8	36	185.000	128	2	0.83	25	32	2.75	8	3.88
1643305308	2	39	30	28	246.000	129	2	0.83	25	32	2.75	8	15.88
1643305328	2	23	30	26	274.000	131	2	0.83	25	32	2.75	8	15.88
1643305348	2	20	30	26	208.000	122	2	0.83	25	32	2.75	8	15.88
1643305368	0	6	8	31	187.000	123	2	0.83	25	32	2.75	8	3.88
1643305395	1	11	15	25	200.000	124	2	0.83	25	32	2.75	8	9.88
1643305415	0	3	8	31	181.000	125	2	0.83	25	32	2.75	8	3.88
1643305435	2	20	30	25	270.000	126	2	0.83	25	32	2.75	8	15.88
1643305455	0	20	8	29	225.000	127	2	0.83	25	32	2.75	8	3.88
1643305475	2	42	30	29	259.000	129	2	0.83	25	32	2.75	8	15.88
1643305503	1	11	15	25	192.000	122	2	0.83	25	32	2.75	8	9.88
1643305523	0	8	8	30	185.000	123	2	0.83	25	32	2.75	8	3.88
1643305543	1	10	15	20	200.000	124	2	0.83	25	32	2.75	8	9.88
1643305563	0	8	8	29	129.000	124	2	0.83	25	32	2.75	8	3.88
1643305583	0	10	8	31	187.000	126	2	0.83	25	32	2.75	8	3.88
1643305610	1	8	15	22	117.000	125	2	0.83	25	32	2.75	8	9.88
1643305630	2	16	30	25	248.000	126	2	0.83	25	32	2.75	8	15.88
1643305650	1	11	15	30	218.000	126	2	0.83	25	32	2.75	8	9.88
1643305670	0	8	8	28	148.000	127	2	0.83	25	32	2.75	8	3.88
1643305690	2	24	30	26	235.000	127	2	0.83	25	32	2.75	8	15.88
1643305717	0	7	8	33	146.000	130	2	0.83	25	32	2.75	8	3.88
1643305737	1	12	15	24	217.000	132	2	0.83	25	32	2.75	8	9.88
1643305757	2	10	30	26	226.000	132	2	0.83	25	32	2.75	8	15.88
1643305777	1	11	15	24	200.000	132	2	0.83	25	32	2.75	8	9.88
1643305797	1	18	15	25	248.000	133	2	0.83	25	32	2.75	8	9.88
1643305824	1	13	15	26	208.000	127	2	0.83	25	32	2.75	8	9.88
1643305844	2	21	30	26	239.000	128	2	0.83	25	32	2.75	8	15.88
1643305864	2	20	30	27	249.000	129	2	0.83	25	32	2.75	8	15.88
1643305885	1	22	15	29	251.000	125	2	0.83	25	32	2.75	8	9.88
1643305905	0	8	8	35	171.000	126	2	0.83	25	32	2.75	8	3.88
1643305932	1	19	15	31	206.000	122	2	0.83	25	32	2.75	8	9.88
1643305952	1	19	15	28	224.000	123	2	0.83	25	32	2.75	8	9.88
1643305972	2	32	30	28	265.000	123	2	0.83	25	32	2.75	8	15.88
1643305992	1	27	15	35	208.000	122	2	0.83	25	32	2.75	8	9.88
1643306012	0	10	8	42	189.000	124	2	0.83	25	32	2.75	8	3.88
1643306039	2	24	30	27	236.000	127	2	0.83	25	32	2.75	8	15.88
1643306059	1	13	15	26	215.000	127	2	0.83	25	32	2.75	8	9.88
1643306079	1	11	15	32	215.000	129	2	0.83	25	32	2.75	8	9.88
1643306099	2	5	30	24	154.000	130	2	0.83	25	32	2.75	8	15.88
1643306119	2	22	30	26	240.000	130	2	0.83	25	32	2.75	8	15.88
1643306146	2	6	30	26	224.000	128	2	0.83	25	32	2.75	8	15.88
1643306166	2	19	30	27	238.000	129	2	0.83	25	32	2.75	8	15.88
1643306186	2	24	30	27	218.000	129	2	0.83	25	32	2.75	8	15.88
1643306206	1	15	15	25	192.000	130	2	0.83	25	32	2.75	8	9.88
1643306226	1	16	15	25	167.000	130	2	0.83	25	32	2.75	8	9.88
1643306254	0	5	8	33	188.000	122	2	0.83	25	32	2.75	8	3.88
1643306274	1	6	15	28	164.000	123	2	0.83	25	32	2.75	8	9.88
1643306294	2	3	30	28	179.000	123	2	0.83	25	32	2.75	8	15.88
1643306314	1	8	15	31	137.000	123	2	0.83	25	32	2.75	8	9.88
1643306334	1	6	15	28	174.000	124	2	0.83	25	32	2.75	8	9.88
1643306361	0	9	8	31	214.000	122	2	0.83	25	32	2.75	8	3.88
1643306381	1	9	15	30	188.000	123	2	0.83	25	32	2.75	8	9.88
1643306401	1	9	15	33	125.000	124	2	0.83	25	32	2.75	8	9.88
1643306421	2	7	30	35	133.000	124	2	0.83	25	32	2.75	8	15.88
1643306441	1	7	15	35	186.000	125	2	0.83	25	32	2.75	8	9.88
1643306468	0	5	8	38	142.000	122	2	0.83	25	32	2.75	8	3.88
1643306488	2	5	30	37	172.000	123	2	0.83	25	32	2.75	8	15.88
1643306508	1	7	15	35	186.000	123	2	0.83	25	32	2.75	8	9.88
1643306528	1	9	15	36	200.000	124	2	0.83	25	32	2.75	8	9.88
1643306548	1	5	15	35	123.000	125	2	0.83	25	32	2.75	8	9.88
1643306575	1	14	15	34	229.000	122	2	0.83	25	32	2.75	8	9.88
1643306595	2	23	30	27	228.000	123	2	0.83	25	32	2.75	8	15.88
1643306615	1	21	15	28	223.000	125	2	0.83	25	32	2.75	8	9.88
1643306635	0	8	8	37	194.000	125	2	0.83	25	32	2.75	8	3.88
1643306656	1	14	15	31	248.000	125	2	0.83	25	32	2.75	8	9.88
1643306683	2	17	30	24	266.000	126	2	0.83	25	32	2.75	8	15.88
1643306703	0	4	8	30	186.000	131	2	0.83	25	32	2.75	8	3.88
1643306723	0	7	8	32	181.000	132	2	0.83	25	32	2.75	8	3.88
1643306743	0	8	8	26	173.000	132	2	0.83	25	32	2.75	8	3.88
1643306763	1	20	15	26	93.000	133	2	0.83	25	32	2.75	8	9.88
1643306790	1	15	15	24	216.000	121	2	0.83	25	32	2.75	8	9.88
1643306810	1	15	15	24	220.000	123	2	0.83	25	32	2.75	8	9.88
1643306830	1	20	15	19	188.000	123	2	0.83	25	32	2.75	8	9.88
1643306850	1	11	15	26	248.000	123	2	0.83	25	32	2.75	8	9.88
1643306870	0	8	8	31	141.000	124	2	0.83	25	32	2.75	8	3.88
1643306897	1	10	15	26	245.000	122	2	0.83	25	32	2.75	8	9.88
1643306917	1	4	15	29	218.000	123	2	0.83	25	32	2.75	8	9.88
1643306937	2	15	30	24	216.000	124	2	0.83	25	32	2.75	8	15.88
1643306957	0	8	8	32	171.000	124	2	0.83	25	32	2.75	8	3.88
1643306977	0	4	8	24	172.000	124	2	0.83	25	32	2.75	8	3.88
1643307004	0	8	8	36	200.000	125	2	0.83	25	32	2.75	8	3.88
1643307024	1	15	15	31	218.000	126	2	0.83	25	32	2.75	8	9.88
1643307045	2	13	30	25	165.000	127	2	0.83	25	32	2.75	8	15.88
1643307065	2	41	30	30	267.000	128	2	0.83	25	32	2.75	8	15.88
1643307085	2	45	30	29	252.000	128	2	0.83	25	32	2.75	8	15.88
1643307112	2	16	30	28	234.000	122	2	0.83	25	32	2.75	8	15.88
1643307132	1	13	15	35	222.000	123	2	0.83	25	32	2.75	8	9.88
1643307152	1	21	15	30	168.000	124	2	0.83	25	32	2.75	8	9.88
1643307172	1	12	15	35	226.000	124	2	0.83	25	32	2.75	8	9.88
1643307192	1	7	15	29	210.000	125	2	0.83	25	32	2.75	8	9.88
1643307219	2	29	30	28	265.000	122	2	0.83	25	32	2.75	8	15.88
1643307239	1	26	15	28	238.000	124	2	0.83	25	32	2.75	8	9.88
1643307259	1	15	15	31	213.000	124	2	0.83	25	32	2.75	8	9.88
1643307279	2	31	30	29	242.000	127	2	0.83	25	32	2.75	8	15.88
1643307299	0	8	8	32	221.000	124	2	0.83	25	32	2.75	8	3.88
1643307326	2	26	30	27	248.000	122	2	0.83	25	32	2.75	8	15.88
1643307346	1	19	15	27	247.000	126	2	0.83	25	32	2.75	8	9.88
1643307366	0	9	8	34	229.000	131	2	0.83	25	32	2.75	8	3.88
1643307386	2	19	30	26	239.000	128	2	0.83	25	32	2.75	8	15.88
1643307407	2	5	30	20	240.000	129	2	0.83	25	32	2.75	8	15.88
1643307434	1	26	15	28	244.000	126	2	0.83	25	32	2.75	8	9.88
1643307454	2	13	15	30	212.000	127	2	0.83	25	32	2.75	8	15.88
1643307474	2	11	30	19	256.000	122	2	0.83	25	32	2.75	8	15.88
1643307494	2	15	30	24	235.000	123	2	0.83	25	32	2.75	8	15.88
1643307514	1	15	15	28	252.000	122	2	0.83	25	32	2.75	8	9.88
1643307541	1	28	15	27	203.000	128	2	0.83	25	32	2.75	8	9.88
1643307561	0	7	8	31	198.000	123	2	0.83	25	32	2.75	8	3.88
1643307581	1	7	15	23	238.000	124	2	0.83	25	32	2.75	8	9.88
1643307601	0	8	8	35	237.000	125	2	0.83	25	32	2.75	8	3.88
1643307621	1	5	15	32	133.000	127	2	0.83	25	32	2.75	8	9.88
1643307648	2	32	30	26	262.000	121	2	0.83	25	32	2.75	8	15.88
1643307668	2	30	30	29	233.000	122	2	0.83	25	32	2.75	8	15.88
1643307688	2	21	30	31	236.000	124	2	0.83	25	32	2.75	8	15.88
1643307708	2	20	30	27	231.000	123	2	0.83	25	32	2.75	8	15.88
1643307728	1	18	30	23	241.000	123	2	0.83	25	32	2.75	8	9.88
1643307755	1	23	15	27	237.000	127	2	0.83	25	32	2.75	8	9.88
1643307776	1	16	15	28	229.000	121	2	0.83	25	32	2.75	8	9.88
1643307796	2	12	30	29	245.000	124	2	0.83	25	32	2.75	8	15.88
1643307816	1	22	30	27	238.000	123	2	0.83	25	32	2.75	8	9.88
1643307836	0	7	8	35	208.000	122	2	0.83	25	32	2.75	8	3.88
1643307863	0	6	8	27	149.000	122	2	0.83	25	32	2.75	8	3.88
1643307883	1	8	15	29	240.000	123	2	0.83	25	32	2.75	8	9.88
1643307903	1	15	15	27	210.000	122	2	0.83	25	32	2.75	8	9.88
1643307923	2	22	30	27	245.000	123	2	0.83	25	32	2.75	8	15.88
1643307943	1	8	15	26	165.000	124	2	0.83	25	32	2.75	8	9.88
1643307970	1	7	15	20	186.000	122	2	0.83	25	32	2.75	8	9.88
1643307990	2	10	30	23	188.000	123	2	0.83	25	32	2.75	8	15.88
1643308010	0	5	8	29	134.000	124	2	0.83	25	32	2.75	8	3.88
1643308030	1	9	15	25	202.000	124	2	0.83	25	32	2.75	8	9.88
1643308050	1	15	15	30	241.000	124	2	0.83	25	32	2.75	8	9.88
1643308077	2	17	30	23	245.000	122	2	0.83	25	32	2.75	8	15.88
1643308097	2	25	30	19	239.000	123	2	0.83	25	32	2.75	8	15.88
1643308117	1	11	15	27	233.000	123	2	0.83	25	32	2.75	8	9.88
1643308137	0	9	8	33	185.000	124	2	0.83	25	32	2.75	8	3.88
1643308158	2	29	30	27	250.000	124	2	0.83	25	32	2.75	8	15.88
1643308185	2	9	30	23	171.000	122	2	0.83	25	32	2.75	8	15.88
1643308205	0	8	8	35	196.000	123	2	0.83	25	32	2.75	8	3.88
1643308225	2	13	30	26	263.000	124	2	0.83	25	32	2.75	8	15.88
1643308245	1	16	15	28	213.000	125	2	0.83	25	32	2.75	8	9.88
1643308265	0	7	8	37	202.000	125	2	0.83	25	32	2.75	8	3.88
1643308292	1	16	15	32	194.000	121	2	0.83	25	32	2.75	8	9.88
1643308312	2	13	30	33	226.000	123	2	0.83	25	32	2.75	8	15.88
1643308332	1	6	15	35	239.000	124	2	0.83	25	32	2.75	8	9.88
1643308352	1	16	15	27	240.000	124	2	0.83	25	32	2.75	8	9.88
1643308372	1	15	15	34	231.000	124	2	0.83	25	32	2.75	8	9.88
1643308399	1	17	15	27	184.000	121	2	0.83	25	32	2.75	8	9.88
1643308419	1	14	15	31	208.000	123	2	0.83	25	32	2.75	8	9.88
1643308439	2	9	30	29	220.000	124	2	0.83	25	32	2.75	8	15.88
1643308459	1	4	15	31	206.000	124	2	0.83	25	32	2.75	8	9.88
1643308479	1	11	15	27	204.000	125	2	0.83	25	32	2.75	8	9.88
1643308506	2	25	30	23	243.000	121	2	0.83	25	32	2.75	8	15.88
1643308526	2	18	30	28	264.000	126	2	0.83	25	32	2.75	8	15.88
1643308547	1	7	15	28	198.000	128	2	0.83	25	32	2.75	8	9.88
1643308567	2	20	30	17	235.000	129	2	0.83	25	32	2.75	8	15.88
1643308587	0	8	8	27	180.000	122	2	0.83	25	32	2.75	8	3.88
1643308614	1	7	15	21	174.000	121	2	0.83	25	32	2.75	8	9.88
1643308634	0	8	8	27	158.000	122	2	0.83	25	32	2.75	8	3.88
1643308654	0	8	8	30	171.000	122	2	0.83	25	32	2.75	8	3.88
1643308674	1	14	15	25	227.000	123	2	0.83	25	32	2.75	8	9.88
1643308694	2	36	30	21	276.000	123	2	0.83	25	32	2.75	8	15.88
1643308721	1	16	15	22	223.000	121	2	0.83	25	32	2.75	8	9.88
1643308741	1	9	15	28	248.000	123	2	0.83	25	32	2.75	8	9.88
1643308761	1	23	15	27	214.000	124	2	0.83	25	32	2.75	8	9.88
1643308781	2	16	30	25	214.000	125	2	0.83	25	32	2.75	8	15.88
1643308801	2	19	30	28	202.000	125	2	0.83	25	32	2.75	8	15.88
1643308828	1	16	15	27	226.000	122	2	0.83	25	32	2.75	8	9.88
1643308848	1	14	15	29	222.000	123	2	0.83	25	32	2.75	8	9.88
1643308868	2	31	30	28	264.000	124	2	0.83	25	32	2.75	8	15.88
1643308888	1	16	15	30	202.000	122	2	0.83	25	32	2.75	8	9.88
1643308908	2	14	30	34	233.000	123	2	0.83	25	32	2.75	8	15.88
1643308936	1	18	15	32	237.000	128	2	0.83	25	32	2.75	8	9.88
1643308956	1	11	15	22	224.000	129	2	0.83	25	32	2.75	8	9.88
1643308976	0	9	8	33	133.000	129	2	0.83	25	32	2.75	8	3.88
1643308996	1	16	15	27	180.000	129	2	0.83	25	32	2.75	8	9.88
1643309016	1	19	15	32	238.000	130	2	0.83	25	32	2.75	8	9.88
1643309043	1	17	15	34	188.000	122	2	0.83	25	32	2.75	8	9.88
1643309063	0	8	8	36	198.000	123	2	0.83	25	32	2.75	8	3.88
1643309083	1	13	15	31	241.000	125	2	0.83	25	32	2.75	8	9.88
1643309103	2	23	30	23	242.000	125	2	0.83	25	32	2.75	8	15.88
1643309123	1	15	15	31	230.000	125	2	0.83	25	32	2.75	8	9.88
1643309150	1	11	15	25	218.000	128	2	0.83	25	32	2.75	8	9.88
1643309170	2	12	30	25	251.000	129	2	0.83	25	32	2.75	8	15.88
1643309190	1	10	15	24	164.000	130	2	0.83	25	32	2.75	8	9.88
1643309210	1	11	15	25	232.000	130	2	0.83	25	32	2.75	8	9.88
1643309230	2	17	30	26	191.000	131	2	0.83	25	32	2.75	8	15.88
1643309257	2	32	30	22	236.000	122	2	0.83	25	32	2.75	8	15.88
1643309277	0	4	8	27	181.000	123	2	0.83	25	32	2.75	8	3.88
1643309298	2	26	30	22	250.000	124	2	0.83	25	32	2.75	8	15.88
1643309318	2	29	30	19	202.000	121	2	0.83	25	32	2.75	8	15.88
1643309338	1	13	15	24	253.000	123	2	0.83	25	32	2.75	8	9.88
1643309365	0	8	8	29	186.000	126	2	0.83	25	32	2.75	8	3.88
1643309385	2	14	30	26	231.000	126	2	0.83	25	32	2.75	8	15.88
1643309405	0	8	8	35	190.000	128	2	0.83	25	32	2.75	8	3.88
1643309425	2	22	30	27	192.000	128	2	0.83	25	32	2.75	8	15.88
1643309445	0	7	8	32	189.000	129	2	0.83	25	32	2.75	8	3.88
1643309472	1	18	15	34	229.000	123	2	0.83	25	32	2.75	8	9.88
1643309492	1	15	15	35	217.000	123	2	0.83	25	32	2.75	8	9.88
1643309512	1	16	15	30	200.000	124	2	0.83	25	32	2.75	8	9.88
1643309532	2	32	30	25	245.000	125	2	0.83	25	32	2.75	8	15.88
1643309552	1	22	15	27	215.000	125	2	0.83	25	32	2.75	8	9.88
1643309579	0	8	8	37	196.000	133	2	0.83	25	32	2.75	8	3.88
1643309599	0	4	8	32	189.000	134	2	0.83	25	32	2.75	8	3.88
1643309619	1	19	15	33	227.000	135	2	0.83	25	32	2.75	8	9.88
1643309639	1	19	15	32	241.000	135	2	0.83	25	32	2.75	8	9.88
1643309659	2	13	30	24	198.000	135	2	0.83	25	32	2.75	8	15.88
1643309687	0	6	8	37	126.000	121	2	0.83	25	32	2.75	8	3.88
1643309707	0	7	8	29	161.000	123	2	0.83	25	32	2.75	8	3.88
1643309727	2	4	30	34	194.000	123	2	0.83	25	32	2.75	8	15.88
1643309747	1	7	15	32	175.000	124	2	0.83	25	32	2.75	8	9.88
1643309767	1	4	15	26	98.000	125	2	0.83	25	32	2.75	8	9.88
1643309794	0	8	8	32	163.000	125	2	0.83	25	32	2.75	8	3.88
1643309814	2	12	30	25	226.000	126	2	0.83	25	32	2.75	8	15.88
1643309834	1	17	15	26	156.000	127	2	0.83	25	32	2.75	8	9.88
1643309854	2	19	30	27	233.000	127	2	0.83	25	32	2.75	8	15.88
1643309874	2	20	30	27	239.000	127	2	0.83	25	32	2.75	8	15.88
1643309901	0	5	8	29	150.000	122	2	0.83	25	32	2.75	8	3.88
1643309921	0	4	8	25	180.000	123	2	0.83	25	32	2.75	8	3.88
1643309941	2	11	30	23	222.000	124	2	0.83	25	32	2.75	8	15.88
1643309961	0	7	8	31	156.000	124	2	0.83	25	32	2.75	8	3.88
1643309981	2	5	30	22	184.000	125	2	0.83	25	32	2.75	8	15.88
1643310008	1	14	15	33	198.000	123	2	0.83	25	32	2.75	8	9.88
1643310028	2	10	30	25	240.000	124	2	0.83	25	32	2.75	8	15.88
1643310049	0	6	8	23	140.000	125	2	0.83	25	32	2.75	8	3.88
1643310069	2	32	30	28	233.000	125	2	0.83	25	32	2.75	8	15.88
1643310089	1	11	15	35	242.000	122	2	0.83	25	32	2.75	8	9.88
1643310116	0	9	8	33	148.000	122	2	0.83	25	32	2.75	8	3.88
1643310136	2	6	30	37	165.000	124	2	0.83	25	32	2.75	8	15.88
1643310156	1	9	15	35	194.000	124	2	0.83	25	32	2.75	8	9.88
1643310176	1	9	15	35	202.000	124	2	0.83	25	32	2.75	8	9.88
1643310196	1	6	15	32	129.000	125	2	0.83	25	32	2.75	8	9.88
1643310223	1	14	15	32	208.000	125	2	0.83	25	32	2.75	8	9.88
1643310243	0	8	8	37	180.000	126	2	0.83	25	32	2.75	8	3.88
1643310263	1	14	15	29	204.000	128	2	0.83	25	32	2.75	8	9.88
1643310283	2	30	30	27	241.000	128	2	0.83	25	32	2.75	8	15.88
1643310303	1	13	15	25	233.000	128	2	0.83	25	32	2.75	8	9.88
1643310330	2	32	30	24	223.000	122	2	0.83	25	32	2.75	8	15.88
1643310350	1	20	15	24	224.000	124	2	0.83	25	32	2.75	8	9.88
1643310370	1	16	15	26	208.000	125	2	0.83	25	32	2.75	8	9.88
1643310390	1	14	15	28	245.000	126	2	0.83	25	32	2.75	8	9.88
1643310410	2	28	30	12	253.000	126	2	0.83	25	32	2.75	8	15.88
1643310438	1	16	15	27	185.000	128	2	0.83	25	32	2.75	8	9.88
1643310458	0	6	8	29	164.000	130	2	0.83	25	32	2.75	8	3.88
1643310478	2	8	30	24	147.000	130	2	0.83	25	32	2.75	8	15.88
1643310498	1	8	15	22	192.000	130	2	0.83	25	32	2.75	8	9.88
1643310518	1	11	15	23	202.000	131	2	0.83	25	32	2.75	8	9.88
1643310545	2	26	30	21	264.000	122	2	0.83	25	32	2.75	8	15.88
1643310565	1	20	15	22	241.000	124	2	0.83	25	32	2.75	8	9.88
1643310585	2	22	30	10	260.000	124	2	0.83	25	32	2.75	8	15.88
1643310605	2	23	30	23	264.000	125	2	0.83	25	32	2.75	8	15.88
1643310625	2	24	30	23	262.000	125	2	0.83	25	32	2.75	8	15.88
1643310652	2	26	30	28	240.000	122	2	0.83	25	32	2.75	8	15.88
1643310672	0	8	8	37	194.000	123	2	0.83	25	32	2.75	8	3.88
1643310692	2	17	30	26	269.000	123	2	0.83	25	32	2.75	8	15.88
1643310712	1	10	15	26	228.000	125	2	0.83	25	32	2.75	8	9.88
1643310732	2	14	30	26	250.000	125	2	0.83	25	32	2.75	8	15.88
1643310759	1	3	15	31	212.000	123	2	0.83	25	32	2.75	8	9.88
1643310779	0	8	8	32	179.000	124	2	0.83	25	32	2.75	8	3.88
1643310799	1	16	15	32	241.000	125	2	0.83	25	32	2.75	8	9.88
1643310820	0	4	8	36	164.000	126	2	0.83	25	32	2.75	8	3.88
1643310840	2	25	30	28	249.000	126	2	0.83	25	32	2.75	8	15.88
1643310867	2	37	30	31	256.000	122	2	0.83	25	32	2.75	8	15.88
1643310887	2	31	30	28	214.000	125	2	0.83	25	32	2.75	8	15.88
1643310907	1	16	15	27	223.000	122	2	0.83	25	32	2.75	8	9.88
1643310927	1	9	15	27	206.000	123	2	0.83	25	32	2.75	8	9.88
1643310947	1	20	15	27	226.000	124	2	0.83	25	32	2.75	8	9.88
1643310974	2	32	30	25	212.000	122	2	0.83	25	32	2.75	8	15.88
1643310994	2	29	30	20	250.000	125	2	0.83	25	32	2.75	8	15.88
1643311014	1	10	15	24	131.000	131	2	0.83	25	32	2.75	8	9.88
1643311034	2	8	30	24	172.000	132	2	0.83	25	32	2.75	8	15.88
1643311054	2	19	30	26	224.000	132	2	0.83	25	32	2.75	8	15.88
1643311081	2	27	30	24	233.000	121	2	0.83	25	32	2.75	8	15.88
1643311101	1	17	15	28	236.000	123	2	0.83	25	32	2.75	8	9.88
1643311121	1	12	15	25	249.000	124	2	0.83	25	32	2.75	8	9.88
1643311141	1	16	15	20	200.000	125	2	0.83	25	32	2.75	8	9.88
1643311161	0	7	8	27	177.000	125	2	0.83	25	32	2.75	8	3.88
1643311188	2	26	30	28	263.000	122	2	0.83	25	32	2.75	8	15.88
1643311209	2	22	30	24	246.000	123	2	0.83	25	32	2.75	8	15.88
1643311229	0	9	8	28	157.000	124	2	0.83	25	32	2.75	8	3.88
1643311249	2	28	30	26	260.000	126	2	0.83	25	32	2.75	8	15.88
1643311269	1	23	15	30	210.000	123	2	0.83	25	32	2.75	8	9.88
1643311296	0	5	8	33	174.000	122	2	0.83	25	32	2.75	8	3.88
1643311316	0	8	8	32	170.000	123	2	0.83	25	32	2.75	8	3.88
1643311336	2	21	30	28	254.000	124	2	0.83	25	32	2.75	8	15.88
1643311356	1	17	15	26	230.000	124	2	0.83	25	32	2.75	8	9.88
1643311376	0	7	8	35	186.000	125	2	0.83	25	32	2.75	8	3.88
1643311403	1	19	15	31	200.000	122	2	0.83	25	32	2.75	8	9.88
1643311423	1	17	15	31	226.000	123	2	0.83	25	32	2.75	8	9.88
1643311443	1	13	15	32	176.000	124	2	0.83	25	32	2.75	8	9.88
1643311463	1	17	15	32	218.000	124	2	0.83	25	32	2.75	8	9.88
1643311483	2	36	30	29	264.000	125	2	0.83	25	32	2.75	8	15.88
1643311510	0	6	8	33	186.000	126	2	0.83	25	32	2.75	8	3.88
1643311530	1	22	15	27	227.000	127	2	0.83	25	32	2.75	8	9.88
1643311550	0	8	8	31	187.000	128	2	0.83	25	32	2.75	8	3.88
1643311570	1	17	15	29	190.000	128	2	0.83	25	32	2.75	8	9.88
1643311590	1	19	15	26	196.000	128	2	0.83	25	32	2.75	8	9.88
1643311618	1	15	15	26	178.000	127	2	0.83	25	32	2.75	8	9.88
1643311638	0	9	8	32	170.000	128	2	0.83	25	32	2.75	8	3.88
1643311658	2	11	30	25	196.000	128	2	0.83	25	32	2.75	8	15.88
1643311678	2	24	30	25	183.000	128	2	0.83	25	32	2.75	8	15.88
1643311698	2	14	30	25	222.000	129	2	0.83	25	32	2.75	8	15.88
1643311725	0	8	8	27	154.000	122	2	0.83	25	32	2.75	8	3.88
1643311745	0	10	8	33	179.000	123	2	0.83	25	32	2.75	8	3.88
1643311765	2	20	30	26	240.000	124	2	0.83	25	32	2.75	8	15.88
1643311785	0	9	8	29	140.000	125	2	0.83	25	32	2.75	8	3.88
1643311805	2	29	30	28	231.000	125	2	0.83	25	32	2.75	8	15.88
1643311832	1	17	15	30	206.000	121	2	0.83	25	32	2.75	8	9.88
1643311852	2	29	30	29	264.000	123	2	0.83	25	32	2.75	8	15.88
1643311872	2	19	30	27	250.000	125	2	0.83	25	32	2.75	8	15.88
1643311892	1	21	15	37	180.000	128	2	0.83	25	32	2.75	8	9.88
1643311912	2	25	30	26	259.000	130	2	0.83	25	32	2.75	8	15.88
1643311939	0	7	8	31	186.000	122	2	0.83	25	32	2.75	8	3.88
1643311959	2	22	30	27	254.000	123	2	0.83	25	32	2.75	8	15.88
1643311979	1	21	15	30	242.000	122	2	0.83	25	32	2.75	8	9.88
1643312000	1	12	15	28	226.000	124	2	0.83	25	32	2.75	8	9.88
1643312020	0	8	8	33	136.000	125	2	0.83	25	32	2.75	8	3.88
1643312047	1	15	15	30	250.000	127	2	0.83	25	32	2.75	8	9.88
1643312067	0	6	8	33	184.000	129	2	0.83	25	32	2.75	8	3.88
1643312087	2	20	30	26	192.000	130	2	0.83	25	32	2.75	8	15.88
1643312107	1	12	15	29	224.000	130	2	0.83	25	32	2.75	8	9.88
1643312127	1	8	15	26	216.000	130	2	0.83	25	32	2.75	8	9.88
1643312154	2	26	30	26	255.000	123	2	0.83	25	32	2.75	8	15.88
1643312174	0	8	8	33	174.000	124	2	0.83	25	32	2.75	8	3.88
1643312194	1	12	15	24	194.000	124	2	0.83	25	32	2.75	8	9.88
1643312214	1	18	15	20	209.000	125	2	0.83	25	32	2.75	8	9.88
1643312234	1	15	15	21	200.000	125	2	0.83	25	32	2.75	8	9.88
1643312261	2	24	30	24	233.000	121	2	0.83	25	32	2.75	8	15.88
1643312281	2	31	30	22	229.000	123	2	0.83	25	32	2.75	8	15.88
1643312301	1	15	15	25	216.000	122	2	0.83	25	32	2.75	8	9.88
1643312321	2	15	30	25	183.000	123	2	0.83	25	32	2.75	8	15.88
1643312341	2	9	30	23	208.000	124	2	0.83	25	32	2.75	8	15.88
1643312369	0	7	8	31	175.000	122	2	0.83	25	32	2.75	8	3.88
1643312389	2	32	30	28	255.000	123	2	0.83	25	32	2.75	8	15.88
1643312409	1	12	15	29	217.000	124	2	0.83	25	32	2.75	8	9.88
1643312429	2	23	30	27	167.000	125	2	0.83	25	32	2.75	8	15.88
1643312449	2	31	30	27	269.000	125	2	0.83	25	32	2.75	8	15.88
1643312476	0	4	8	35	137.000	122	2	0.83	25	32	2.75	8	3.88
1643312496	2	9	30	38	174.000	123	2	0.83	25	32	2.75	8	15.88
1643312516	1	11	15	36	218.000	124	2	0.83	25	32	2.75	8	9.88
1643312536	1	4	15	31	167.000	124	2	0.83	25	32	2.75	8	9.88
1643312556	1	9	15	36	142.000	124	2	0.83	25	32	2.75	8	9.88
1643312583	0	8	8	32	185.000	128	2	0.83	25	32	2.75	8	3.88
1643312603	1	17	15	29	222.000	130	2	0.83	25	32	2.75	8	9.88
1643312623	1	15	15	33	178.000	130	2	0.83	25	32	2.75	8	9.88
1643312643	2	30	30	28	252.000	130	2	0.83	25	32	2.75	8	15.88
1643312663	1	14	15	32	237.000	131	2	0.83	25	32	2.75	8	9.88
1643312690	2	21	30	21	258.000	122	2	0.83	25	32	2.75	8	15.88
1643312710	1	17	15	27	235.000	123	2	0.83	25	32	2.75	8	9.88
1643312730	1	13	15	25	171.000	123	2	0.83	25	32	2.75	8	9.88
1643312751	1	5	15	0	146.000	124	2	0.83	25	32	2.75	8	9.88
1643312771	1	18	15	29	208.000	125	2	0.83	25	32	2.75	8	9.88
1643312798	1	30	15	24	233.000	121	2	0.83	25	32	2.75	8	9.88
1643312818	0	7	8	30	180.000	123	2	0.83	25	32	2.75	8	3.88
1643312838	1	14	15	27	202.000	123	2	0.83	25	32	2.75	8	9.88
1643312858	2	27	30	21	274.000	124	2	0.83	25	32	2.75	8	15.88
1643312878	1	16	15	29	212.000	124	2	0.83	25	32	2.75	8	9.88
1643312905	2	21	30	25	231.000	125	2	0.83	25	32	2.75	8	15.88
1643312925	2	16	30	23	214.000	127	2	0.83	25	32	2.75	8	15.88
1643312945	0	7	8	33	175.000	128	2	0.83	25	32	2.75	8	3.88
1643312965	2	12	30	24	171.000	128	2	0.83	25	32	2.75	8	15.88
1643312985	1	18	15	31	227.000	128	2	0.83	25	32	2.75	8	9.88
1643313012	2	16	30	26	217.000	126	2	0.83	25	32	2.75	8	15.88
1643313032	2	8	30	23	211.000	127	2	0.83	25	32	2.75	8	15.88
1643313052	1	10	15	31	178.000	128	2	0.83	25	32	2.75	8	9.88
1643313072	0	10	8	37	173.000	129	2	0.83	25	32	2.75	8	3.88
1643313092	1	19	15	32	222.000	129	2	0.83	25	32	2.75	8	9.88
1643313120	1	20	15	31	188.000	127	2	0.83	25	32	2.75	8	9.88
1643313140	0	8	8	38	188.000	128	2	0.83	25	32	2.75	8	3.88
1643313160	0	10	8	36	141.000	128	2	0.83	25	32	2.75	8	3.88
1643313180	1	15	15	31	186.000	129	2	0.83	25	32	2.75	8	9.88
1643313200	1	15	15	32	236.000	130	2	0.83	25	32	2.75	8	9.88
1643313227	2	28	30	28	244.000	130	2	0.83	25	32	2.75	8	15.88
1643313247	1	16	15	28	254.000	126	2	0.83	25	32	2.75	8	9.88
1643313267	1	10	15	32	198.000	127	2	0.83	25	32	2.75	8	9.88
1643313287	0	9	8	30	188.000	127	2	0.83	25	32	2.75	8	3.88
1643313307	0	8	8	32	185.000	127	2	0.83	25	32	2.75	8	3.88
1643313334	0	11	8	36	179.000	122	2	0.83	25	32	2.75	8	3.88
1643313354	2	15	30	26	238.000	124	2	0.83	25	32	2.75	8	15.88
1643313374	1	6	15	25	251.000	125	2	0.83	25	32	2.75	8	9.88
1643313394	2	15	30	22	209.000	125	2	0.83	25	32	2.75	8	15.88
1643313414	1	16	15	26	231.000	125	2	0.83	25	32	2.75	8	9.88
1643313441	0	7	8	32	165.000	121	2	0.83	25	32	2.75	8	3.88
1643313461	1	8	15	23	214.000	123	2	0.83	25	32	2.75	8	9.88
1643313481	0	6	8	26	194.000	123	2	0.83	25	32	2.75	8	3.88
1643313502	1	8	15	26	165.000	124	2	0.83	25	32	2.75	8	9.88
1643313522	2	14	30	23	196.000	124	2	0.83	25	32	2.75	8	15.88
1643313549	2	34	30	27	241.000	123	2	0.83	25	32	2.75	8	15.88
1643313569	1	17	15	27	219.000	123	2	0.83	25	32	2.75	8	9.88
1643313589	2	27	30	24	269.000	124	2	0.83	25	32	2.75	8	15.88
1643313609	2	26	30	25	285.000	125	2	0.83	25	32	2.75	8	15.88
1643313629	1	15	15	30	223.000	123	2	0.83	25	32	2.75	8	9.88
1643313656	0	6	8	36	124.000	122	2	0.83	25	32	2.75	8	3.88
1643313676	2	8	30	39	226.000	123	2	0.83	25	32	2.75	8	15.88
1643313696	0	8	8	37	177.000	123	2	0.83	25	32	2.75	8	3.88
1643313716	1	8	15	36	174.000	124	2	0.83	25	32	2.75	8	9.88
1643313736	0	5	8	35	164.000	125	2	0.83	25	32	2.75	8	3.88
1643313763	2	16	30	27	254.000	126	2	0.83	25	32	2.75	8	15.88
1643313783	2	13	30	26	239.000	123	2	0.83	25	32	2.75	8	15.88
1643313803	2	28	30	27	256.000	123	2	0.83	25	32	2.75	8	15.88
1643313823	2	21	30	27	222.000	125	2	0.83	25	32	2.75	8	15.88
1643313843	1	11	15	28	225.000	125	2	0.83	25	32	2.75	8	9.88
1643313870	2	27	30	22	258.000	129	2	0.83	25	32	2.75	8	15.88
1643313891	2	17	30	26	239.000	127	2	0.83	25	32	2.75	8	15.88
1643313911	2	12	30	24	235.000	128	2	0.83	25	32	2.75	8	15.88
1643313931	1	6	15	23	183.000	128	2	0.83	25	32	2.75	8	9.88
1643313951	2	10	30	22	250.000	129	2	0.83	25	32	2.75	8	15.88
1643313978	2	20	30	21	249.000	122	2	0.83	25	32	2.75	8	15.88
1643313998	1	7	15	20	166.000	122	2	0.83	25	32	2.75	8	9.88
1643314018	2	17	30	26	178.000	123	2	0.83	25	32	2.75	8	15.88
1643314038	1	16	15	29	206.000	123	2	0.83	25	32	2.75	8	9.88
1643314058	2	18	30	25	202.000	124	2	0.83	25	32	2.75	8	15.88
1643314085	1	17	15	29	234.000	122	2	0.83	25	32	2.75	8	9.88
1643314105	1	13	15	27	212.000	123	2	0.83	25	32	2.75	8	9.88
1643314125	2	19	30	26	192.000	124	2	0.83	25	32	2.75	8	15.88
1643314145	1	4	15	30	209.000	124	2	0.83	25	32	2.75	8	9.88
1643314165	2	15	30	26	132.000	124	2	0.83	25	32	2.75	8	15.88
1643314192	1	16	15	27	211.000	124	2	0.83	25	32	2.75	8	9.88
1643314212	1	8	15	32	214.000	125	2	0.83	25	32	2.75	8	9.88
1643314232	2	15	30	24	187.000	126	2	0.83	25	32	2.75	8	15.88
1643314252	2	31	30	29	259.000	126	2	0.83	25	32	2.75	8	15.88
1643314272	2	35	30	27	275.000	123	2	0.83	25	32	2.75	8	15.88
1643314300	1	15	15	33	224.000	121	2	0.83	25	32	2.75	8	9.88
1643314320	1	22	15	33	248.000	123	2	0.83	25	32	2.75	8	9.88
1643314340	1	17	15	27	179.000	124	2	0.83	25	32	2.75	8	9.88
1643314360	2	15	30	34	260.000	124	2	0.83	25	32	2.75	8	15.88
1643314380	2	9	30	30	170.000	124	2	0.83	25	32	2.75	8	15.88
1643314407	1	17	15	33	221.000	127	2	0.83	25	32	2.75	8	9.88
1643314427	1	18	15	29	225.000	128	2	0.83	25	32	2.75	8	9.88
1643314447	2	28	30	27	210.000	129	2	0.83	25	32	2.75	8	15.88
1643314467	0	6	8	38	188.000	129	2	0.83	25	32	2.75	8	3.88
1643314487	1	16	15	26	238.000	130	2	0.83	25	32	2.75	8	9.88
1643314514	1	14	15	30	233.000	125	2	0.83	25	32	2.75	8	9.88
1643314534	1	13	15	26	221.000	127	2	0.83	25	32	2.75	8	9.88
1643314554	2	21	30	26	196.000	129	2	0.83	25	32	2.75	8	15.88
1643314574	2	19	30	25	212.000	129	2	0.83	25	32	2.75	8	15.88
1643314594	2	23	30	19	178.000	129	2	0.83	25	32	2.75	8	15.88
1643314621	1	17	15	25	202.000	122	2	0.83	25	32	2.75	8	9.88
1643314641	2	6	30	25	188.000	123	2	0.83	25	32	2.75	8	15.88
1643314662	1	11	15	24	228.000	124	2	0.83	25	32	2.75	8	9.88
1643314682	1	16	15	22	224.000	124	2	0.83	25	32	2.75	8	9.88
1643314702	1	15	15	28	217.000	124	2	0.83	25	32	2.75	8	9.88
1643314729	2	40	30	25	272.000	122	2	0.83	25	32	2.75	8	15.88
1643314749	2	25	30	22	251.000	124	2	0.83	25	32	2.75	8	15.88
1643314769	1	15	15	26	212.000	124	2	0.83	25	32	2.75	8	9.88
1643314789	0	10	8	33	177.000	125	2	0.83	25	32	2.75	8	3.88
1643314809	0	9	8	32	170.000	126	2	0.83	25	32	2.75	8	3.88
1643314836	2	17	30	22	244.000	121	2	0.83	25	32	2.75	8	15.88
1643314856	2	33	30	27	242.000	124	2	0.83	25	32	2.75	8	15.88
1643314876	1	12	15	30	215.000	123	2	0.83	25	32	2.75	8	9.88
1643314896	2	32	30	29	247.000	125	2	0.83	25	32	2.75	8	15.88
1643314916	1	13	15	31	214.000	125	2	0.83	25	32	2.75	8	9.88
1643314943	0	5	8	32	202.000	121	2	0.83	25	32	2.75	8	3.88
1643314963	1	5	15	36	162.000	123	2	0.83	25	32	2.75	8	9.88
1643314983	0	7	8	35	166.000	123	2	0.83	25	32	2.75	8	3.88
1643315003	1	8	15	35	158.000	124	2	0.83	25	32	2.75	8	9.88
1643315023	1	6	15	37	157.000	125	2	0.83	25	32	2.75	8	9.88
1643315051	0	10	8	26	200.000	122	2	0.83	25	32	2.75	8	3.88
1643315071	2	35	30	29	231.000	123	2	0.83	25	32	2.75	8	15.88
1643315091	2	22	30	27	190.000	124	2	0.83	25	32	2.75	8	15.88
1643315111	2	21	30	27	251.000	124	2	0.83	25	32	2.75	8	15.88
1643315131	1	11	15	29	242.000	124	2	0.83	25	32	2.75	8	9.88
1643315158	2	8	30	21	169.000	126	2	0.83	25	32	2.75	8	15.88
1643315178	1	19	15	26	202.000	127	2	0.83	25	32	2.75	8	9.88
1643315198	2	17	30	23	202.000	128	2	0.83	25	32	2.75	8	15.88
1643315218	2	5	30	24	190.000	128	2	0.83	25	32	2.75	8	15.88
1643315238	2	16	30	27	227.000	129	2	0.83	25	32	2.75	8	15.88
1643315265	1	21	15	28	182.000	122	2	0.83	25	32	2.75	8	9.88
1643315285	2	14	30	27	254.000	123	2	0.83	25	32	2.75	8	15.88
1643315305	1	17	15	29	159.000	124	2	0.83	25	32	2.75	8	9.88
1643315325	2	14	30	27	219.000	125	2	0.83	25	32	2.75	8	15.88
1643315345	1	22	15	29	251.000	125	2	0.83	25	32	2.75	8	9.88
1643315372	2	8	30	24	232.000	122	2	0.83	25	32	2.75	8	15.88
1643315392	2	13	30	25	239.000	125	2	0.83	25	32	2.75	8	15.88
1643315412	0	4	8	37	242.000	122	2	0.83	25	32	2.75	8	3.88
1643315433	2	22	30	26	251.000	130	2	0.83	25	32	2.75	8	15.88
1643315453	2	29	30	27	261.000	122	2	0.83	25	32	2.75	8	15.88
1643315480	1	20	15	33	253.000	121	2	0.83	25	32	2.75	8	9.88
1643315500	1	26	15	30	258.000	129	2	0.83	25	32	2.75	8	9.88
1643315520	1	14	15	34	183.000	123	2	0.83	25	32	2.75	8	9.88
1643315540	2	18	30	26	235.000	123	2	0.83	25	32	2.75	8	15.88
1643315560	2	24	30	30	246.000	123	2	0.83	25	32	2.75	8	15.88
1643315587	1	13	15	28	246.000	122	2	0.83	25	32	2.75	8	9.88
1643315607	2	12	30	29	248.000	123	2	0.83	25	32	2.75	8	15.88
1643315627	1	19	15	26	252.000	123	2	0.83	25	32	2.75	8	9.88
1643315647	2	15	15	27	242.000	124	2	0.83	25	32	2.75	8	15.88
1643315667	2	24	30	28	243.000	124	2	0.83	25	32	2.75	8	15.88
1643315694	0	7	8	32	235.000	121	2	0.83	25	32	2.75	8	3.88
1643315714	1	13	15	30	252.000	123	2	0.83	25	32	2.75	8	9.88
1643315734	1	6	15	25	242.000	123	2	0.83	25	32	2.75	8	9.88
1643315754	1	10	15	24	260.000	124	2	0.83	25	32	2.75	8	9.88
1643315774	1	17	15	27	200.000	123	2	0.83	25	32	2.75	8	9.88
1643315802	2	24	30	17	240.000	122	2	0.83	25	32	2.75	8	15.88
1643315822	1	91	15	20	0.000	93	2	0.83	25	32	2.75	8	9.88
1643315842	0	8	8	32	225.000	127	2	0.83	25	32	2.75	8	3.88
1643315862	2	11	30	26	231.000	127	2	0.83	25	32	2.75	8	15.88
1643315882	1	10	15	24	230.000	123	2	0.83	25	32	2.75	8	9.88
1643315909	0	12	8	29	217.000	128	2	0.83	25	32	2.75	8	3.88
1643315929	2	19	30	25	246.000	123	2	0.83	25	32	2.75	8	15.88
1643315949	1	29	30	28	150.000	123	2	0.83	25	32	2.75	8	9.88
1643315969	0	11	8	33	184.000	128	2	0.83	25	32	2.75	8	3.88
1643315989	1	17	15	31	248.000	129	2	0.83	25	32	2.75	8	9.88
1643316016	2	17	30	25	194.000	123	2	0.83	25	32	2.75	8	15.88
1643316036	2	9	30	22	229.000	122	2	0.83	25	32	2.75	8	15.88
1643316056	2	19	30	27	225.000	123	2	0.83	25	32	2.75	8	15.88
1643316076	1	15	15	30	244.000	122	2	0.83	25	32	2.75	8	9.88
1643316096	2	26	30	27	254.000	124	2	0.83	25	32	2.75	8	15.88
1643316124	2	26	30	29	264.000	129	2	0.83	25	32	2.75	8	15.88
1643316144	0	21	8	26	238.000	122	2	0.83	25	32	2.75	8	3.88
1643316164	2	28	30	26	186.000	123	2	0.83	25	32	2.75	8	15.88
1643316184	2	19	30	27	230.000	123	2	0.83	25	32	2.75	8	15.88
1643316204	1	29	15	27	258.000	126	2	0.83	25	32	2.75	8	9.88
1643316231	2	31	30	28	245.000	122	2	0.83	25	32	2.75	8	15.88
1643316251	2	11	30	27	257.000	122	2	0.83	25	32	2.75	8	15.88
1643316271	2	32	30	27	248.000	128	2	0.83	25	32	2.75	8	15.88
1643316291	2	17	30	26	245.000	126	2	0.83	25	32	2.75	8	15.88
1643316311	2	26	30	27	256.000	122	2	0.83	25	32	2.75	8	15.88
1643316338	2	9	30	23	238.000	122	2	0.83	25	32	2.75	8	15.88
1643316358	1	12	15	24	190.000	121	2	0.83	25	32	2.75	8	9.88
1643316378	2	27	30	18	240.000	127	2	0.83	25	32	2.75	8	15.88
1643316398	2	11	30	25	153.000	126	2	0.83	25	32	2.75	8	15.88
1643316418	2	12	30	24	223.000	126	2	0.83	25	32	2.75	8	15.88
1643316445	2	32	30	23	228.000	122	2	0.83	25	32	2.75	8	15.88
1643316465	2	24	30	22	200.000	125	2	0.83	25	32	2.75	8	15.88
1643316485	1	14	15	27	226.000	122	2	0.83	25	32	2.75	8	9.88
1643316506	1	10	15	23	152.000	123	2	0.83	25	32	2.75	8	9.88
1643316526	2	19	30	26	245.000	124	2	0.83	25	32	2.75	8	15.88
1643316553	2	13	30	24	214.000	128	2	0.83	25	32	2.75	8	15.88
1643316573	0	6	8	29	180.000	130	2	0.83	25	32	2.75	8	3.88
1643316593	2	28	30	27	229.000	131	2	0.83	25	32	2.75	8	15.88
1643316613	2	25	30	26	224.000	131	2	0.83	25	32	2.75	8	15.88
1643316633	2	8	30	23	239.000	132	2	0.83	25	32	2.75	8	15.88
1643316660	2	19	30	27	249.000	125	2	0.83	25	32	2.75	8	15.88
1643316680	2	24	30	28	241.000	124	2	0.83	25	32	2.75	8	15.88
1643316700	1	22	15	32	225.000	123	2	0.83	25	32	2.75	8	9.88
1643316720	1	11	15	34	250.000	124	2	0.83	25	32	2.75	8	9.88
1643316740	2	17	30	25	226.000	123	2	0.83	25	32	2.75	8	15.88
1643316767	0	9	8	38	180.000	122	2	0.83	25	32	2.75	8	3.88
1643316787	2	6	30	34	210.000	123	2	0.83	25	32	2.75	8	15.88
1643316807	2	6	30	35	204.000	124	2	0.83	25	32	2.75	8	15.88
1643316827	1	9	15	37	200.000	125	2	0.83	25	32	2.75	8	9.88
1643316847	1	3	15	32	115.000	125	2	0.83	25	32	2.75	8	9.88
1643316875	1	14	15	33	202.000	122	2	0.83	25	32	2.75	8	9.88
1643316895	2	13	30	25	231.000	123	2	0.83	25	32	2.75	8	15.88
1643316915	1	15	15	29	231.000	123	2	0.83	25	32	2.75	8	9.88
1643316935	2	17	30	27	192.000	124	2	0.83	25	32	2.75	8	15.88
1643316955	2	10	30	20	188.000	125	2	0.83	25	32	2.75	8	15.88
1643316982	1	10	15	25	229.000	121	2	0.83	25	32	2.75	8	9.88
1643317002	1	13	15	25	217.000	123	2	0.83	25	32	2.75	8	9.88
1643317022	2	16	30	24	162.000	123	2	0.83	25	32	2.75	8	15.88
1643317042	2	11	30	25	233.000	124	2	0.83	25	32	2.75	8	15.88
1643317062	2	18	30	26	226.000	124	2	0.83	25	32	2.75	8	15.88
1643317089	0	8	8	27	183.000	126	2	0.83	25	32	2.75	8	3.88
1643317109	2	6	30	23	189.000	127	2	0.83	25	32	2.75	8	15.88
1643317129	1	13	15	24	153.000	129	2	0.83	25	32	2.75	8	9.88
1643317149	2	8	30	23	194.000	129	2	0.83	25	32	2.75	8	15.88
1643317169	0	10	8	24	190.000	130	2	0.83	25	32	2.75	8	3.88
1643317196	2	27	30	27	265.000	127	2	0.83	25	32	2.75	8	15.88
1643317216	1	13	15	25	247.000	128	2	0.83	25	32	2.75	8	9.88
1643317236	2	15	30	23	153.000	129	2	0.83	25	32	2.75	8	15.88
1643317257	2	31	30	28	235.000	129	2	0.83	25	32	2.75	8	15.88
1643317277	1	18	15	33	200.000	123	2	0.83	25	32	2.75	8	9.88
1643317304	2	18	30	22	250.000	122	2	0.83	25	32	2.75	8	15.88
1643317324	1	19	15	31	224.000	123	2	0.83	25	32	2.75	8	9.88
1643317344	2	33	30	28	227.000	123	2	0.83	25	32	2.75	8	15.88
1643317364	2	25	30	29	234.000	128	2	0.83	25	32	2.75	8	15.88
1643317384	1	16	15	30	218.000	126	2	0.83	25	32	2.75	8	9.88
1643317411	2	16	30	28	252.000	122	2	0.83	25	32	2.75	8	15.88
1643317431	0	3	8	32	174.000	123	2	0.83	25	32	2.75	8	3.88
1643317451	1	15	15	32	237.000	124	2	0.83	25	32	2.75	8	9.88
1643317471	1	10	15	32	250.000	125	2	0.83	25	32	2.75	8	9.88
1643317491	2	20	30	26	196.000	125	2	0.83	25	32	2.75	8	15.88
1643317518	2	22	30	23	208.000	122	2	0.83	25	32	2.75	8	15.88
1643317538	2	28	30	19	238.000	124	2	0.83	25	32	2.75	8	15.88
1643317558	2	21	30	19	254.000	125	2	0.83	25	32	2.75	8	15.88
1643317578	1	21	15	26	233.000	123	2	0.83	25	32	2.75	8	9.88
1643317598	1	10	15	24	210.000	124	2	0.83	25	32	2.75	8	9.88
1643317626	0	7	8	32	194.000	126	2	0.83	25	32	2.75	8	3.88
1643317646	1	12	15	24	193.000	127	2	0.83	25	32	2.75	8	9.88
1643317666	2	11	30	24	200.000	128	2	0.83	25	32	2.75	8	15.88
1643317686	2	18	30	26	160.000	128	2	0.83	25	32	2.75	8	15.88
1643317706	1	21	15	26	200.000	128	2	0.83	25	32	2.75	8	9.88
1643317733	2	29	30	23	243.000	122	2	0.83	25	32	2.75	8	15.88
1643317753	2	16	30	26	196.000	126	2	0.83	25	32	2.75	8	15.88
1643317773	2	12	30	24	194.000	128	2	0.83	25	32	2.75	8	15.88
1643317793	0	9	8	31	131.000	129	2	0.83	25	32	2.75	8	3.88
1643317813	2	18	30	26	229.000	129	2	0.83	25	32	2.75	8	15.88
1643317840	0	7	8	36	143.000	122	2	0.83	25	32	2.75	8	3.88
1643317860	0	5	8	34	194.000	123	2	0.83	25	32	2.75	8	3.88
1643317880	1	14	15	31	221.000	123	2	0.83	25	32	2.75	8	9.88
1643317900	2	22	30	26	269.000	124	2	0.83	25	32	2.75	8	15.88
1643317920	2	31	30	28	239.000	126	2	0.83	25	32	2.75	8	15.88
1643317947	1	14	15	29	226.000	125	2	0.83	25	32	2.75	8	9.88
1643317967	2	15	30	24	257.000	126	2	0.83	25	32	2.75	8	15.88
1643317987	1	16	15	31	183.000	127	2	0.83	25	32	2.75	8	9.88
1643318008	0	11	8	39	186.000	128	2	0.83	25	32	2.75	8	3.88
1643318028	1	18	15	32	212.000	128	2	0.83	25	32	2.75	8	9.88
1643318055	0	11	8	35	175.000	126	2	0.83	25	32	2.75	8	3.88
1643318075	1	15	15	28	236.000	128	2	0.83	25	32	2.75	8	9.88
1643318095	2	18	30	27	232.000	128	2	0.83	25	32	2.75	8	15.88
1643318115	1	22	15	30	165.000	128	2	0.83	25	32	2.75	8	9.88
1643318135	1	10	15	23	204.000	129	2	0.83	25	32	2.75	8	9.88
1643318162	0	7	8	33	164.000	121	2	0.83	25	32	2.75	8	3.88
1643318182	2	10	30	31	206.000	123	2	0.83	25	32	2.75	8	15.88
1643318202	0	6	8	27	188.000	124	2	0.83	25	32	2.75	8	3.88
1643318222	2	8	30	28	165.000	124	2	0.83	25	32	2.75	8	15.88
1643318242	0	9	8	33	134.000	124	2	0.83	25	32	2.75	8	3.88
1643318269	1	15	15	27	215.000	121	2	0.83	25	32	2.75	8	9.88
1643318289	1	16	15	26	240.000	123	2	0.83	25	32	2.75	8	9.88
1643318309	2	26	30	26	206.000	123	2	0.83	25	32	2.75	8	15.88
1643318329	2	8	30	23	222.000	124	2	0.83	25	32	2.75	8	15.88
1643318349	2	10	30	25	208.000	125	2	0.83	25	32	2.75	8	15.88
1643318376	2	27	30	28	244.000	122	2	0.83	25	32	2.75	8	15.88
1643318397	2	32	30	29	272.000	123	2	0.83	25	32	2.75	8	15.88
1643318417	1	11	15	25	149.000	124	2	0.83	25	32	2.75	8	9.88
1643318437	2	28	30	27	262.000	125	2	0.83	25	32	2.75	8	15.88
1643318457	2	25	30	27	247.000	125	2	0.83	25	32	2.75	8	15.88
1643318484	1	19	15	31	226.000	125	2	0.83	25	32	2.75	8	9.88
1643318504	2	13	30	27	262.000	126	2	0.83	25	32	2.75	8	15.88
1643318524	1	25	15	27	252.000	128	2	0.83	25	32	2.75	8	9.88
1643318544	2	20	30	24	236.000	129	2	0.83	25	32	2.75	8	15.88
1643318564	2	22	30	27	220.000	129	2	0.83	25	32	2.75	8	15.88
1643318591	1	15	15	28	216.000	122	2	0.83	25	32	2.75	8	9.88
1643318611	1	10	15	30	235.000	123	2	0.83	25	32	2.75	8	9.88
1643318631	0	4	8	31	146.000	124	2	0.83	25	32	2.75	8	3.88
1643318651	1	18	15	33	227.000	124	2	0.83	25	32	2.75	8	9.88
1643318671	1	13	15	31	212.000	125	2	0.83	25	32	2.75	8	9.88
1643318698	1	12	15	28	250.000	122	2	0.83	25	32	2.75	8	9.88
1643318718	2	22	30	26	228.000	124	2	0.83	25	32	2.75	8	15.88
1643318738	2	10	30	24	200.000	124	2	0.83	25	32	2.75	8	15.88
1643318758	2	23	30	28	233.000	125	2	0.83	25	32	2.75	8	15.88
1643318779	2	19	30	25	237.000	125	2	0.83	25	32	2.75	8	15.88
1643318806	1	16	15	26	192.000	121	2	0.83	25	32	2.75	8	9.88
1643318826	2	33	30	27	240.000	122	2	0.83	25	32	2.75	8	15.88
1643318846	1	11	15	24	153.000	123	2	0.83	25	32	2.75	8	9.88
1643318866	1	15	15	30	226.000	123	2	0.83	25	32	2.75	8	9.88
1643318886	2	19	30	22	242.000	124	2	0.83	25	32	2.75	8	15.88
1643318913	1	10	15	24	215.000	126	2	0.83	25	32	2.75	8	9.88
1643318933	2	22	30	27	245.000	127	2	0.83	25	32	2.75	8	15.88
1643318953	0	8	8	32	130.000	128	2	0.83	25	32	2.75	8	3.88
1643318973	1	22	15	25	236.000	128	2	0.83	25	32	2.75	8	9.88
1643318993	2	16	30	26	254.000	129	2	0.83	25	32	2.75	8	15.88
1643319020	1	15	15	26	206.000	123	2	0.83	25	32	2.75	8	9.88
1643319040	1	13	15	29	225.000	125	2	0.83	25	32	2.75	8	9.88
1643319060	1	18	15	32	246.000	125	2	0.83	25	32	2.75	8	9.88
1643319080	2	18	30	26	242.000	126	2	0.83	25	32	2.75	8	15.88
1643319100	2	20	30	23	255.000	122	2	0.83	25	32	2.75	8	15.88
1643319127	2	24	30	28	223.000	126	2	0.83	25	32	2.75	8	15.88
1643319148	1	19	15	30	245.000	128	2	0.83	25	32	2.75	8	9.88
1643319168	1	20	15	30	236.000	128	2	0.83	25	32	2.75	8	9.88
1643319188	2	26	30	27	200.000	128	2	0.83	25	32	2.75	8	15.88
1643319208	2	16	30	26	265.000	129	2	0.83	25	32	2.75	8	15.88
