1619687990	1	00000	00000	0	0	0.14	1	0.76	0.00	0000.00	0.27	1.84	39.02
1619688000	0	00000	00000	0	0	0.14	1	0.76	0.00	0000.00	0.27	1.84	39.02
1619688010	2	00000	00000	0	0	0.14	1	0.72	0.00	0000.16	0.35	0.43	3.95
1619688020	1	00000	00000	0	0	0.14	1	0.68	0.00	0000.01	0.27	2.12	5.77
1619688030	1	00000	00000	0	0	0.14	1	0.82	0.00	0000.07	0.29	1.91	4.25
1619688040	2	00000	00000	0	0	0.14	1	0.68	0.00	0000.01	0.26	2.24	5.80
1619688050	1	00000	00000	0	0	0.14	1	0.68	0.00	0000.01	0.26	2.24	5.80
1619688060	2	00000	00000	0	0	0.14	1	0.80	0.00	0000.00	0.30	2.48	21.06
1619688070	0	00000	00000	0	0	0.14	1	0.45	0.00	0000.25	0.27	1.68	3.86
1619688080	1	00000	00000	0	0	0.14	1	0.76	0.00	0000.01	0.27	2.25	6.84
1619688090	1	00000	00000	0	0	0.14	1	0.76	0.00	0000.01	0.27	2.25	6.84
1619688100	1	00000	00000	0	0	0.14	1	0.60	0.00	0000.22	0.33	2.16	3.89
1619688110	1	00000	00000	0	0	0.14	1	0.81	0.00	0000.00	0.30	1.50	39.93
1619688120	1	00000	00000	0	0	0.14	1	0.73	0.00	0000.02	0.28	0.92	5.36
1619688130	1	00000	00000	0	0	0.14	1	0.73	0.00	0000.02	0.28	0.92	5.36
1619688140	2	00000	00000	0	0	0.14	1	0.82	0.00	0000.01	0.32	1.14	7.53
1619688150	1	00000	00000	0	0	0.14	1	0.37	0.00	0000.15	0.37	1.34	3.88
1619688160	0	00000	00000	0	0	0.14	1	0.45	0.00	0000.17	0.35	0.91	3.89
1619688170	1	00000	00000	0	0	0.14	1	0.45	0.00	0000.17	0.35	0.91	3.89
1619688180	2	00000	00000	0	0	0.14	1	0.82	0.00	0000.01	0.35	1.28	13.21
1619688190	1	00000	00000	0	0	0.14	1	0.62	0.00	0000.01	0.30	1.25	7.59
1619688200	1	00000	00000	0	0	0.14	1	0.82	0.00	0000.00	0.35	0.85	48.96
1619688210	2	00000	00000	0	0	0.14	1	0.82	0.00	0000.00	0.35	0.85	48.96
1619688220	2	00000	00000	0	0	0.14	1	0.70	0.00	0000.00	0.34	0.11	12.72
1619688230	1	00000	00000	0	0	0.14	1	0.70	0.00	0000.00	0.29	0.73	15.79
1619688240	2	00000	00000	0	0	0.14	1	0.75	0.00	0000.00	0.33	0.82	23.04
1619688250	0	00000	00000	0	0	0.14	1	0.75	0.00	0000.00	0.33	0.82	23.04
1619688260	2	00000	00000	0	0	0.14	1	0.67	0.00	0000.01	0.34	0.06	6.00
1619688270	2	00000	00000	0	0	0.14	1	0.71	0.00	0000.00	0.29	1.58	13.44
1619688280	1	00000	00000	0	0	0.14	1	0.71	0.00	0000.00	0.29	1.58	13.44
1619688290	1	00000	00000	0	0	0.14	1	0.70	0.00	0000.00	0.30	0.77	14.30
1619688300	2	00000	00000	0	0	0.14	1	0.83	0.00	0000.00	0.34	1.47	24.69
1619688310	0	00000	00000	0	0	0.14	1	0.83	0.00	0000.00	0.34	1.47	24.69
1619688321	1	00000	00000	0	0	0.14	1	0.74	0.00	0000.01	0.28	1.28	13.24
1619688331	0	00000	00000	0	0	0.14	1	0.63	0.00	0000.01	0.31	0.96	7.38
1619688341	1	00000	00000	0	0	0.14	1	0.82	0.00	0000.01	0.33	1.13	6.47
1619688351	0	00000	00000	0	0	0.14	1	0.88	0.00	0000.00	0.39	1.15	16.96
1619688361	1	00000	00000	0	0	0.14	1	0.88	0.00	0000.00	0.39	1.15	16.96
1619688371	2	00000	00000	0	0	0.14	1	0.52	0.00	0000.23	0.28	2.05	3.87
1619688381	2	00000	00000	0	0	0.14	1	0.59	0.00	0000.08	0.36	0.78	4.07
1619688391	0	00000	00000	0	0	0.14	1	0.59	0.00	0000.08	0.36	0.78	4.07
1619688401	2	00000	00000	0	0	0.14	1	0.54	0.00	0000.02	0.36	1.33	4.85
1619688411	2	00000	00000	0	0	0.14	1	0.50	0.00	0000.02	0.23	2.39	4.81
1619688421	2	00000	00000	0	0	0.14	1	0.50	0.00	0000.02	0.23	2.39	4.81
1619688431	2	00000	00000	0	0	0.14	1	0.66	0.00	0000.32	0.29	0.08	3.87
1619688441	0	00000	00000	0	0	0.14	1	0.72	0.00	0000.35	0.27	0.49	3.87
1619688451	2	00000	00000	0	0	0.14	1	0.77	0.00	0000.04	0.37	1.37	4.63
1619688461	2	00000	00000	0	0	0.14	1	0.77	0.00	0000.04	0.37	1.37	4.63
1619688471	2	00000	00000	0	0	0.14	1	0.66	0.00	0000.07	0.31	0.68	4.13
1619688481	0	00000	00000	0	0	0.14	1	0.68	0.00	0000.00	0.26	2.09	12.30
1619688491	1	00000	00000	0	0	0.14	1	0.68	0.00	0000.00	0.26	2.09	12.30
1619688501	2	00000	00000	0	0	0.14	1	0.74	0.00	0000.11	0.27	1.87	4.04
1619688511	0	00000	00000	0	0	0.14	1	0.66	0.00	0000.01	0.29	1.58	7.06
1619688521	0	00000	00000	0	0	0.14	1	0.82	0.00	0000.02	0.30	1.85	5.48
1619688531	2	00000	00000	0	0	0.14	1	0.82	0.00	0000.02	0.30	1.85	5.48
1619688541	2	00000	00000	0	0	0.14	1	0.67	0.00	0000.01	0.24	2.38	8.58
1619688551	1	00000	00000	0	0	0.14	1	0.72	0.00	0000.00	0.28	1.33	18.67
1619688561	0	00000	00000	0	0	0.14	1	0.72	0.00	0000.00	0.28	1.33	18.67
1619688571	1	00000	00000	0	0	0.14	1	0.78	0.00	0000.00	0.33	0.63	50.00
1619688581	0	00000	00000	0	0	0.14	1	0.67	0.00	0000.01	0.29	1.14	7.18
1619688591	0	00000	00000	0	0	0.14	1	0.87	0.00	0000.00	0.35	1.83	49.93
1619688601	0	00000	00000	0	0	0.14	1	0.67	0.00	0000.02	0.38	1.17	5.50
1619688611	1	00000	00000	0	0	0.14	1	0.94	0.00	0000.05	0.31	1.67	4.47
1619688621	1	00000	00000	0	0	0.14	1	0.94	0.00	0000.05	0.31	1.67	4.47
1619688631	1	00000	00000	0	0	0.14	1	0.74	0.00	0000.15	0.28	2.82	3.97
1619688641	2	00000	00000	0	0	0.14	1	0.85	0.00	0000.00	0.30	1.38	50.00
1619688651	1	00000	00000	0	0	0.14	1	0.85	0.00	0000.00	0.30	1.38	50.00
1619688661	2	00000	00000	0	0	0.14	1	0.79	0.00	0000.01	0.29	1.26	11.78
1619688671	0	00000	00000	0	0	0.14	1	0.69	0.00	0000.01	0.28	1.15	10.34
1619688681	0	00000	00000	0	0	0.14	1	0.78	0.00	0000.01	0.32	2.34	7.18
1619688691	1	00000	00000	0	0	0.14	1	0.78	0.00	0000.01	0.32	2.34	7.18
1619688701	2	00000	00000	0	0	0.14	1	0.60	0.00	0000.49	0.30	2.36	3.84
1619688711	0	00000	00000	0	0	0.14	1	0.70	0.00	0000.00	0.25	1.39	15.27
1619688721	1	00000	00000	0	0	0.14	1	0.77	0.00	0000.02	0.37	0.94	5.93
1619688731	2	00000	00000	0	0	0.14	1	0.80	0.00	0000.02	0.31	1.14	5.14
1619688741	1	00000	00000	0	0	0.14	1	0.80	0.00	0000.02	0.31	1.14	5.14
1619688751	0	00000	00000	0	0	0.14	1	0.45	0.00	0000.04	0.41	1.27	4.26
1619688761	1	00000	00000	0	0	0.14	1	0.44	0.00	0000.20	0.42	1.40	3.87
1619688771	0	00000	00000	0	0	0.14	1	0.90	0.00	0000.00	0.38	0.25	49.88
1619688781	0	00000	00000	0	0	0.14	1	0.90	0.00	0000.00	0.38	0.25	49.88
1619688791	0	00000	00000	0	0	0.14	1	0.64	0.00	0000.15	0.32	1.35	3.94
1619688801	2	00000	00000	0	0	0.14	1	0.83	0.00	0000.01	0.39	0.76	13.18
1619688812	1	00000	00000	0	0	0.14	1	0.64	0.00	0000.02	0.30	1.15	5.48
1619688822	2	00000	00000	0	0	0.14	1	0.64	0.00	0000.02	0.30	1.15	5.48
1619688832	2	00000	00000	0	0	0.14	1	0.70	0.00	0000.00	0.30	0.65	16.43
1619688842	2	00000	00000	0	0	0.14	1	0.73	0.00	0000.01	0.31	1.18	12.00
1619688852	0	00000	00000	0	0	0.14	1	0.53	0.00	0000.03	0.34	1.11	4.39
1619688862	1	00000	00000	0	0	0.14	1	0.53	0.00	0000.03	0.34	1.11	4.39
1619688872	2	00000	00000	0	0	0.14	1	0.79	0.00	0000.00	0.34	1.59	26.60
1619688882	0	00000	00000	0	0	0.14	1	0.75	0.00	0000.00	0.31	1.16	26.34
1619688892	0	00000	00000	0	0	0.14	1	0.72	0.00	0000.02	0.33	0.47	5.40
1619688902	0	00000	00000	0	0	0.14	1	0.72	0.00	0000.02	0.33	0.47	5.40
1619688912	1	00000	00000	0	0	0.14	1	0.73	0.00	0000.05	0.32	1.21	4.32
1619688922	1	00000	00000	0	0	0.14	1	0.76	0.00	0000.00	0.34	1.31	14.36
1619688932	2	00000	00000	0	0	0.14	1	0.77	0.00	0000.02	0.31	0.84	5.22
1619688942	2	00000	00000	0	0	0.14	1	0.77	0.00	0000.02	0.31	0.84	5.22
1619688952	1	00000	00000	0	0	0.14	1	0.75	0.00	0000.01	0.38	0.25	12.97
1619688962	1	00000	00000	0	0	0.14	1	0.75	0.00	0000.02	0.37	0.59	5.53
1619688972	1	00000	00000	0	0	0.14	1	0.69	0.00	0000.01	0.36	1.02	8.52
1619688982	2	00000	00000	0	0	0.14	1	0.82	0.00	0000.01	0.39	1.92	11.09
1619688992	1	00000	00000	0	0	0.14	1	0.82	0.00	0000.01	0.39	1.92	11.09
1619689002	1	00000	00000	0	0	0.14	1	0.61	0.00	0000.01	0.36	0.77	8.54
1619689012	2	00000	00000	0	0	0.14	1	0.61	0.00	0000.01	0.40	1.53	6.66
1619689022	1	00000	00000	0	0	0.14	1	0.65	0.00	0000.09	0.30	0.81	4.06
1619689032	2	00000	00000	0	0	0.14	1	0.65	0.00	0000.09	0.30	0.81	4.06
1619689042	2	00000	00000	0	0	0.14	1	0.32	0.00	0000.36	0.25	1.70	3.82
1619689052	2	00000	00000	0	0	0.14	1	0.64	0.00	0000.01	0.28	1.29	9.25
1619689062	1	00000	00000	0	0	0.14	1	0.64	0.00	0000.01	0.28	1.29	9.25
1619689072	1	00000	00000	0	0	0.14	1	0.67	0.00	0000.01	0.32	2.50	6.39
1619689082	2	00000	00000	0	0	0.14	1	0.77	0.00	0000.06	0.27	1.89	4.30
1619689092	1	00000	00000	0	0	0.14	1	0.68	0.00	0000.01	0.28	1.65	6.21
1619689102	2	00000	00000	0	0	0.14	1	0.68	0.00	0000.01	0.28	1.65	6.21
1619689112	1	00000	00000	0	0	0.14	1	0.66	0.00	0000.01	0.28	1.53	6.96
1619689122	2	00000	00000	0	0	0.14	1	0.77	0.00	0000.00	0.30	1.83	32.58
1619689132	1	00000	00000	0	0	0.14	1	0.77	0.00	0000.00	0.30	1.83	32.58
1619689142	2	00000	00000	0	0	0.14	1	0.73	0.00	0000.00	0.26	2.10	34.44
1619689152	2	00000	00000	0	0	0.14	1	0.50	0.00	0000.07	0.25	1.61	4.07
1619689162	2	00000	00000	0	0	0.14	1	0.50	0.00	0000.07	0.25	1.61	4.07
1619689172	0	00000	00000	0	0	0.14	1	0.79	0.00	0000.00	0.34	0.52	33.19
1619689182	1	00000	00000	0	0	0.14	1	0.85	0.00	0000.01	0.33	1.94	12.34
1619689192	1	00000	00000	0	0	0.14	1	0.74	0.00	0000.00	0.29	1.96	48.84
1619689202	2	00000	00000	0	0	0.14	1	0.74	0.00	0000.00	0.29	1.96	48.84
1619689212	0	00000	00000	0	0	0.14	1	0.59	0.00	0000.01	0.27	1.27	5.97
1619689222	2	00000	00000	0	0	0.14	1	0.62	0.00	0000.88	0.30	2.10	3.82
1619689232	2	00000	00000	0	0	0.14	1	0.46	0.00	0000.02	0.27	1.14	4.74
1619689242	0	00000	00000	0	0	0.14	1	0.46	0.00	0000.02	0.27	1.14	4.74
1619689252	1	00000	00000	0	0	0.14	1	0.83	0.00	0000.00	0.34	1.62	49.29
1619689262	1	00000	00000	0	0	0.14	1	0.78	0.00	0000.01	0.31	1.47	7.31
1619689272	2	00000	00000	0	0	0.14	1	0.89	0.00	0000.00	0.32	0.40	49.54
1619689282	2	00000	00000	0	0	0.14	1	0.89	0.00	0000.00	0.32	0.40	49.54
1619689292	0	00000	00000	0	0	0.14	1	0.47	0.00	0000.06	0.27	1.75	4.10
1619689302	2	00000	00000	0	0	0.14	1	0.83	0.00	0000.01	0.32	2.35	8.15
1619689312	1	00000	00000	0	0	0.14	1	0.53	0.00	0000.32	0.30	1.14	3.85
1619689322	0	00000	00000	0	0	0.14	1	0.53	0.00	0000.32	0.30	1.14	3.85
1619689332	1	00000	00000	0	0	0.14	1	0.86	0.00	0000.00	0.38	0.74	36.72
1619689343	1	00000	00000	0	0	0.14	1	0.82	0.00	0000.00	0.29	2.08	38.02
1619689353	0	00000	00000	0	0	0.14	1	0.64	0.00	0000.02	0.39	0.79	5.03
1619689363	1	00000	00000	0	0	0.14	1	0.67	0.00	0000.01	0.40	0.84	6.38
1619689373	2	00000	00000	0	0	0.14	1	0.67	0.00	0000.01	0.40	0.84	6.38
1619689383	1	00000	00000	0	0	0.14	1	0.58	0.00	0000.01	0.28	1.40	6.99
1619689393	0	00000	00000	0	0	0.14	1	0.74	0.00	0000.07	0.32	1.49	4.20
1619689403	1	00000	00000	0	0	0.14	1	0.81	0.00	0000.00	0.35	0.85	48.35
1619689413	0	00000	00000	0	0	0.14	1	0.82	0.00	0000.00	0.35	0.13	20.49
1619689423	0	00000	00000	0	0	0.14	1	0.78	0.00	0000.00	0.34	0.71	28.40
1619689433	2	00000	00000	0	0	0.14	1	0.79	0.00	0000.01	0.34	1.13	12.23
1619689443	0	00000	00000	0	0	0.14	1	0.79	0.00	0000.01	0.34	1.13	12.23
1619689453	1	00000	00000	0	0	0.14	1	0.68	0.00	0000.01	0.31	0.73	8.20
1619689463	2	00000	00000	0	0	0.14	1	0.67	0.00	0000.06	0.32	1.94	4.22
1619689473	1	00000	00000	0	0	0.14	1	0.63	0.00	0000.01	0.25	0.75	7.46
1619689483	2	00000	00000	0	0	0.14	1	0.70	0.00	0000.02	0.28	1.10	5.19
1619689493	2	00000	00000	0	0	0.14	1	0.70	0.00	0000.02	0.28	1.10	5.19
1619689503	2	00000	00000	0	0	0.14	1	0.70	0.00	0000.01	0.29	1.41	10.71
1619689513	1	00000	00000	0	0	0.14	1	0.71	0.00	0000.01	0.29	1.23	9.41
1619689523	2	00000	00000	0	0	0.14	1	0.71	0.00	0000.01	0.29	1.23	9.41
1619689533	1	00000	00000	0	0	0.14	1	0.46	0.00	0000.36	0.24	1.17	3.84
1619689543	2	00000	00000	0	0	0.14	1	0.60	0.00	0000.01	0.34	1.18	7.94
1619689553	1	00000	00000	0	0	0.14	1	0.68	0.00	0000.01	0.29	1.66	7.99
1619689563	1	00000	00000	0	0	0.14	1	0.62	0.00	0000.09	0.36	1.35	4.03
1619689573	2	00000	00000	0	0	0.14	1	0.62	0.00	0000.09	0.36	1.35	4.03
1619689583	2	00000	00000	0	0	0.14	1	0.66	0.00	0000.05	0.37	0.53	4.27
1619689593	1	00000	00000	0	0	0.14	1	0.59	0.00	0000.01	0.35	1.04	8.58
1619689603	0	00000	00000	0	0	0.14	1	0.59	0.00	0000.01	0.35	1.04	8.58
1619689613	0	00000	00000	0	0	0.14	1	0.62	0.00	0000.05	0.37	1.67	4.25
1619689623	2	00000	00000	0	0	0.14	1	0.75	0.00	0000.02	0.49	1.25	5.74
1619689633	2	00000	00000	0	0	0.14	1	0.39	0.00	0000.12	0.25	1.70	3.91
1619689643	0	00000	00000	0	0	0.14	1	0.39	0.00	0000.12	0.25	1.70	3.91
1619689653	1	00000	00000	0	0	0.14	1	0.78	0.00	0000.08	0.43	1.42	4.15
1619689663	0	00000	00000	0	0	0.14	1	0.59	0.00	0000.17	0.30	2.08	3.92
1619689673	1	00000	00000	0	0	0.14	1	0.71	0.00	0000.14	0.33	1.51	3.98
1619689683	2	00000	00000	0	0	0.14	1	0.75	0.00	0000.00	0.28	1.84	47.20
1619689693	0	00000	00000	0	0	0.14	1	0.75	0.00	0000.00	0.28	1.84	47.20
1619689703	1	00000	00000	0	0	0.14	1	0.84	0.00	0000.01	0.33	1.90	8.05
1619689713	2	00000	00000	0	0	0.14	1	0.79	0.00	0000.00	0.29	1.64	28.30
1619689723	0	00000	00000	0	0	0.14	1	0.68	0.00	0000.01	0.26	1.44	9.51
1619689733	1	00000	00000	0	0	0.14	1	0.68	0.00	0000.01	0.26	1.44	9.51
1619689743	2	00000	00000	0	0	0.14	1	0.57	0.00	0000.00	0.35	1.48	15.81
1619689753	0	00000	00000	0	0	0.14	1	0.57	0.00	0000.00	0.26	1.43	10.98
1619689763	0	00000	00000	0	0	0.14	1	0.88	0.00	0000.00	0.38	0.49	44.35
1619689773	2	00000	00000	0	0	0.14	1	0.73	0.00	0000.09	0.27	0.99	4.09
1619689783	0	00000	00000	0	0	0.14	1	0.73	0.00	0000.09	0.27	0.99	4.09
1619689793	1	00000	00000	0	0	0.14	1	0.86	0.00	0000.02	0.29	1.47	5.66
1619689803	0	00000	00000	0	0	0.14	1	0.71	0.00	0000.00	0.36	0.99	41.40
1619689813	1	00000	00000	0	0	0.14	1	0.86	0.00	0000.00	0.35	1.57	40.40
1619689823	2	00000	00000	0	0	0.14	1	0.79	0.00	0000.05	0.29	2.35	4.36
1619689833	2	00000	00000	0	0	0.14	1	0.79	0.00	0000.05	0.29	2.35	4.36
1619689843	0	00000	00000	0	0	0.14	1	0.63	0.00	0000.01	0.26	1.83	5.91
1619689854	0	00000	00000	0	0	0.14	1	0.88	0.00	0000.01	0.35	1.61	14.87
1619689864	2	00000	00000	0	0	0.14	1	0.76	0.00	0000.04	0.35	1.57	4.63
1619689874	2	00000	00000	0	0	0.14	1	0.76	0.00	0000.04	0.35	1.57	4.63
1619689884	2	00000	00000	0	0	0.14	1	0.56	0.00	0000.01	0.26	1.89	5.53
1619689894	1	00000	00000	0	0	0.14	1	0.63	0.00	0000.04	0.31	1.27	4.35
1619689904	2	00000	00000	0	0	0.14	1	0.75	0.00	0000.01	0.32	1.24	12.96
1619689914	1	00000	00000	0	0	0.14	1	0.75	0.00	0000.01	0.32	1.24	12.96
1619689924	1	00000	00000	0	0	0.14	1	0.71	0.00	0000.00	0.30	0.94	15.13
1619689934	2	00000	00000	0	0	0.14	1	0.57	0.00	0000.02	0.37	1.69	4.89
1619689944	2	00000	00000	0	0	0.14	1	0.50	0.00	0000.06	0.29	1.31	4.12
1619689954	2	00000	00000	0	0	0.14	1	0.40	0.00	0000.10	0.35	1.40	3.93
1619689964	1	00000	00000	0	0	0.14	1	0.40	0.00	0000.10	0.35	1.40	3.93
1619689974	1	00000	00000	0	0	0.14	1	0.78	0.00	0000.08	0.32	0.10	4.14
1619689984	1	00000	00000	0	0	0.14	1	0.79	0.00	0000.00	0.34	1.16	14.96
1619689994	2	00000	00000	0	0	0.14	1	0.80	0.00	0000.00	0.38	0.64	39.11
1619690004	2	00000	00000	0	0	0.14	1	0.80	0.00	0000.00	0.38	0.64	39.11
1619690014	2	00000	00000	0	0	0.14	1	0.69	0.00	0000.00	0.32	1.15	12.87
1619690024	2	00000	00000	0	0	0.14	1	0.74	0.00	0000.00	0.33	0.77	19.44
1619690034	2	00000	00000	0	0	0.14	1	0.73	0.00	0000.01	0.32	1.12	10.51
1619690044	2	00000	00000	0	0	0.14	1	0.73	0.00	0000.01	0.32	1.12	10.51
1619690054	2	00000	00000	0	0	0.14	1	0.49	0.00	0000.16	0.27	1.00	3.90
1619690064	2	00000	00000	0	0	0.14	1	0.47	0.00	0000.01	0.30	1.54	5.44
1619690074	2	00000	00000	0	0	0.14	1	0.47	0.00	0000.01	0.30	1.54	5.44
1619690084	1	00000	00000	0	0	0.14	1	0.78	0.00	0000.00	0.32	1.06	16.89
1619690094	2	00000	00000	0	0	0.14	1	0.65	0.00	0000.01	0.29	0.42	8.14
1619690104	2	00000	00000	0	0	0.14	1	0.60	0.00	0000.01	0.29	1.23	5.52
1619690114	0	00000	00000	0	0	0.14	1	0.60	0.00	0000.01	0.29	1.23	5.52
1619690124	1	00000	00000	0	0	0.14	1	0.81	0.00	0000.01	0.37	1.49	14.68
1619690134	2	00000	00000	0	0	0.14	1	0.74	0.00	0000.10	0.24	0.00	4.07
1619690144	1	00000	00000	0	0	0.14	1	0.62	0.00	0000.01	0.34	0.85	7.96
1619690154	1	00000	00000	0	0	0.14	1	0.62	0.00	0000.01	0.34	0.85	7.96
1619690164	2	00000	00000	0	0	0.14	1	0.80	0.00	0000.02	0.39	0.97	5.80
1619690174	1	00000	00000	0	0	0.14	1	0.61	0.00	0000.01	0.30	1.32	7.81
1619690184	2	00000	00000	0	0	0.14	1	0.67	0.00	0000.03	0.42	1.30	4.70
1619690194	0	00000	00000	0	0	0.14	1	0.67	0.00	0000.03	0.42	1.30	4.70
1619690204	2	00000	00000	0	0	0.14	1	0.66	0.00	0000.02	0.42	0.74	5.22
1619690214	2	00000	00000	0	0	0.14	1	0.51	0.00	0000.03	0.31	1.41	4.35
1619690224	1	00000	00000	0	0	0.14	1	0.51	0.00	0000.03	0.31	1.41	4.35
1619690234	1	00000	00000	0	0	0.14	1	0.59	0.00	0000.02	0.30	1.62	5.02
1619690244	1	00000	00000	0	0	0.14	1	0.79	0.00	0000.01	0.36	1.28	13.64
1619690254	2	00000	00000	0	0	0.14	1	0.84	0.00	0000.02	0.47	1.26	5.47
1619690264	1	00000	00000	0	0	0.14	1	0.73	0.00	0000.01	0.29	1.67	6.69
1619690274	1	00000	00000	0	0	0.14	1	0.73	0.00	0000.01	0.29	1.67	6.69
1619690284	0	00000	00000	0	0	0.14	1	0.85	0.00	0000.04	0.26	1.06	4.69
1619690294	1	00000	00000	0	0	0.14	1	1.00	0.00	0000.02	0.26	1.14	5.51
1619690304	2	00000	00000	0	0	0.14	1	0.77	0.00	0000.01	0.31	1.59	8.33
1619690314	2	00000	00000	0	0	0.14	1	0.77	0.00	0000.01	0.31	1.59	8.33
1619690324	1	00000	00000	0	0	0.14	1	0.64	0.00	0000.00	0.24	2.21	13.87
1619690334	0	00000	00000	0	0	0.14	1	0.84	0.00	0000.00	0.34	1.83	30.05
1619690344	1	00000	00000	0	0	0.14	1	0.83	0.00	0000.04	0.31	1.28	4.56
1619690355	1	00000	00000	0	0	0.14	1	0.78	0.00	0000.00	0.31	1.29	50.00
1619690365	1	00000	00000	0	0	0.14	1	0.78	0.00	0000.00	0.31	1.29	50.00
1619690375	1	00000	00000	0	0	0.14	1	0.81	0.00	0000.00	0.30	0.83	50.00
1619690385	1	00000	00000	0	0	0.14	1	0.78	0.00	0000.00	0.29	1.68	47.29
1619690395	2	00000	00000	0	0	0.14	1	0.82	0.00	0000.00	0.34	1.45	27.52
1619690405	0	00000	00000	0	0	0.14	1	0.69	0.00	0000.01	0.30	0.80	9.13
1619690415	1	00000	00000	0	0	0.14	1	0.69	0.00	0000.01	0.30	0.80	9.13
1619690425	1	00000	00000	0	0	0.14	1	0.87	0.00	0000.02	0.34	1.10	5.31
1619690435	0	00000	00000	0	0	0.14	1	0.77	0.00	0000.03	0.30	1.75	4.82
1619690445	2	00000	00000	0	0	0.14	1	0.78	0.00	0000.04	0.31	1.76	4.62
1619690455	2	00000	00000	0	0	0.14	1	0.72	0.00	0000.00	0.27	1.81	17.15
1619690465	2	00000	00000	0	0	0.14	1	0.72	0.00	0000.00	0.27	1.81	17.15
1619690475	2	00000	00000	0	0	0.14	1	0.82	0.00	0000.00	0.30	0.40	47.98
1619690485	2	00000	00000	0	0	0.14	1	0.63	0.00	0000.02	0.22	2.09	4.97
1619690495	0	00000	00000	0	0	0.14	1	0.63	0.00	0000.02	0.22	2.09	4.97
1619690505	2	00000	00000	0	0	0.14	1	0.82	0.00	0000.00	0.31	2.35	35.82
1619690515	2	00000	00000	0	0	0.14	1	0.48	0.00	0000.27	0.29	1.44	3.86
1619690525	2	00000	00000	0	0	0.14	1	0.74	0.00	0000.00	0.33	0.76	25.86
1619690535	0	00000	00000	0	0	0.14	1	0.74	0.00	0000.00	0.33	0.76	25.86
1619690545	0	00000	00000	0	0	0.14	1	0.85	0.00	0000.01	0.35	1.28	15.07
1619690555	1	00000	00000	0	0	0.14	1	0.55	0.00	0000.01	0.40	1.30	6.19
1619690565	2	00000	00000	0	0	0.14	1	0.67	0.00	0000.05	0.42	0.77	4.25
1619690575	2	00000	00000	0	0	0.14	1	0.74	0.00	0000.01	0.37	0.66	9.89
1619690585	1	00000	00000	0	0	0.14	1	0.74	0.00	0000.01	0.37	0.66	9.89
1619690595	0	00000	00000	0	0	0.14	1	0.79	0.00	0000.02	0.33	1.34	5.46
1619690605	2	00000	00000	0	0	0.14	1	0.86	0.00	0000.01	0.38	0.63	8.89
1619690615	2	00000	00000	0	0	0.14	1	0.67	0.00	0000.00	0.34	0.92	19.07
1619690625	2	00000	00000	0	0	0.14	1	0.67	0.00	0000.00	0.34	0.92	19.07
1619690635	2	00000	00000	0	0	0.14	1	0.58	0.00	0000.03	0.32	0.51	4.65
1619690645	0	00000	00000	0	0	0.14	1	0.49	0.00	0000.02	0.30	1.04	4.61
1619690655	1	00000	00000	0	0	0.14	1	0.69	0.00	0000.11	0.38	1.54	4.02
1619690665	2	00000	00000	0	0	0.14	1	0.64	0.00	0000.01	0.31	1.32	8.52
1619690675	2	00000	00000	0	0	0.14	1	0.64	0.00	0000.01	0.31	1.32	8.52
1619690685	1	00000	00000	0	0	0.14	1	0.70	0.00	0000.02	0.28	0.72	5.36
1619690695	1	00000	00000	0	0	0.14	1	0.84	0.00	0000.00	0.34	1.47	29.28
1619690705	0	00000	00000	0	0	0.14	1	0.76	0.00	0000.04	0.30	1.73	4.55
1619690715	2	00000	00000	0	0	0.14	1	0.81	0.00	0000.01	0.31	1.31	8.37
1619690725	0	00000	00000	0	0	0.14	1	0.81	0.00	0000.01	0.31	1.31	8.37
1619690735	2	00000	00000	0	0	0.14	1	0.73	0.00	0000.01	0.37	0.83	10.39
1619690745	2	00000	00000	0	0	0.14	1	0.53	0.00	0000.01	0.36	0.87	6.58
1619690755	2	00000	00000	0	0	0.14	1	0.68	0.00	0000.03	0.33	1.16	4.76
1619690765	0	00000	00000	0	0	0.14	1	0.68	0.00	0000.03	0.33	1.16	4.76
1619690775	0	00000	00000	0	0	0.14	1	0.73	0.00	0000.11	0.36	1.24	4.04
1619690785	1	00000	00000	0	0	0.14	1	0.76	0.00	0000.01	0.44	0.77	7.31
1619690795	0	00000	00000	0	0	0.14	1	0.65	0.00	0000.02	0.39	0.53	5.48
1619690805	2	00000	00000	0	0	0.14	1	0.70	0.00	0000.02	0.49	1.67	5.61
1619690815	0	00000	00000	0	0	0.14	1	0.70	0.00	0000.02	0.49	1.67	5.61
1619690825	1	00000	00000	0	0	0.14	1	0.79	0.00	0000.00	0.48	1.08	19.80
1619690835	1	00000	00000	0	0	0.14	1	0.54	0.00	0000.01	0.31	1.67	6.56
1619690845	0	00000	00000	0	0	0.14	1	0.65	0.00	0000.01	0.48	0.78	10.08
1619690855	2	00000	00000	0	0	0.14	1	0.89	0.00	0000.02	0.34	1.10	5.76
1619690866	2	00000	00000	0	0	0.14	1	0.62	0.00	0000.01	0.27	2.30	6.26
1619690876	2	00000	00000	0	0	0.14	1	0.62	0.00	0000.01	0.27	2.30	6.26
1619690886	0	00000	00000	0	0	0.14	1	0.60	0.00	0000.00	0.23	2.17	10.96
1619690896	0	00000	00000	0	0	0.14	1	0.82	0.00	0000.03	0.28	2.13	4.78
1619690906	2	00000	00000	0	0	0.14	1	0.63	0.00	0000.47	0.27	2.76	3.84
1619690916	1	00000	00000	0	0	0.14	1	0.63	0.00	0000.47	0.27	2.76	3.84
1619690926	1	00000	00000	0	0	0.14	1	0.77	0.00	0000.00	0.30	1.75	25.03
1619690936	2	00000	00000	0	0	0.14	1	0.75	0.00	0000.00	0.31	2.20	41.74
1619690946	2	00000	00000	0	0	0.14	1	0.69	0.00	0000.02	0.29	1.22	5.38
1619690956	1	00000	00000	0	0	0.14	1	0.69	0.00	0000.02	0.29	1.22	5.38
1619690966	0	00000	00000	0	0	0.14	1	0.71	0.00	0000.00	0.30	0.97	50.00
1619690976	1	00000	00000	0	0	0.14	1	0.77	0.00	0000.07	0.30	1.71	4.17
1619690986	2	00000	00000	0	0	0.14	1	0.82	0.00	0000.00	0.32	1.83	47.19
1619690996	1	00000	00000	0	0	0.14	1	0.55	0.00	0000.11	0.26	1.71	3.98
1619691006	1	00000	00000	0	0	0.14	1	0.55	0.00	0000.11	0.26	1.71	3.98
1619691016	0	00000	00000	0	0	0.14	1	0.78	0.00	0000.12	0.28	1.58	4.03
1619691026	1	00000	00000	0	0	0.14	1	0.84	0.00	0000.19	0.31	2.39	3.95
1619691036	2	00000	00000	0	0	0.14	1	0.81	0.00	0000.00	0.30	1.78	49.67
1619691046	2	00000	00000	0	0	0.14	1	0.81	0.00	0000.00	0.30	1.78	49.67
1619691056	2	00000	00000	0	0	0.14	1	0.74	0.00	0000.00	0.26	1.57	16.57
1619691066	1	00000	00000	0	0	0.14	1	0.69	0.00	0000.01	0.27	1.08	9.31
1619691076	2	00000	00000	0	0	0.14	1	0.73	0.00	0000.01	0.28	2.06	6.46
1619691086	2	00000	00000	0	0	0.14	1	0.73	0.00	0000.01	0.28	2.06	6.46
1619691096	2	00000	00000	0	0	0.14	1	0.56	0.00	0000.03	0.28	1.79	4.65
1619691106	2	00000	00000	0	0	0.14	1	0.61	0.00	0000.01	0.28	0.86	9.22
1619691116	1	00000	00000	0	0	0.14	1	0.61	0.00	0000.01	0.28	0.86	9.22
1619691126	2	00000	00000	0	0	0.14	1	0.71	0.00	0000.01	0.31	1.02	8.47
1619691136	2	00000	00000	0	0	0.14	1	0.78	0.00	0000.01	0.27	1.39	9.98
1619691146	2	00000	00000	0	0	0.14	1	0.52	0.00	0000.05	0.42	0.81	4.21
1619691156	0	00000	00000	0	0	0.14	1	0.52	0.00	0000.05	0.42	0.81	4.21
1619691166	1	00000	00000	0	0	0.14	1	0.70	0.00	0000.00	0.39	0.86	12.92
1619691176	0	00000	00000	0	0	0.14	1	0.65	0.00	0000.05	0.32	1.42	4.27
1619691186	2	00000	00000	0	0	0.14	1	0.79	0.00	0000.08	0.31	1.63	4.14
1619691196	1	00000	00000	0	0	0.14	1	0.74	0.00	0000.00	0.30	0.85	23.57
1619691206	2	00000	00000	0	0	0.14	1	0.74	0.00	0000.00	0.30	0.85	23.57
1619691216	0	00000	00000	0	0	0.14	1	0.69	0.00	0000.00	0.34	0.24	49.60
1619691226	0	00000	00000	0	0	0.14	1	0.77	0.00	0000.03	0.31	0.93	4.82
1619691236	1	00000	00000	0	0	0.14	1	0.69	0.00	0000.01	0.37	0.95	7.03
1619691246	1	00000	00000	0	0	0.14	1	0.77	0.00	0000.01	0.36	1.01	6.53
1619691256	0	00000	00000	0	0	0.14	1	0.77	0.00	0000.01	0.36	1.01	6.53
1619691266	2	00000	00000	0	0	0.14	1	0.80	0.00	0000.00	0.38	1.68	43.53
1619691276	2	00000	00000	0	0	0.14	1	0.63	0.00	0000.22	0.26	0.94	3.89
1619691286	1	00000	00000	0	0	0.14	1	0.59	0.00	0000.01	0.28	0.31	6.44
1619691296	1	00000	00000	0	0	0.14	1	0.59	0.00	0000.01	0.28	0.31	6.44
1619691306	0	00000	00000	0	0	0.14	1	0.68	0.00	0000.01	0.33	1.26	6.21
1619691316	2	00000	00000	0	0	0.14	1	0.77	0.00	0000.14	0.34	1.31	3.99
1619691326	0	00000	00000	0	0	0.14	1	0.67	0.00	0000.02	0.30	0.45	5.35
1619691336	1	00000	00000	0	0	0.14	1	0.67	0.00	0000.02	0.30	0.45	5.35
1619691346	2	00000	00000	0	0	0.14	1	0.69	0.00	0000.01	0.41	0.52	9.72
1619691356	2	00000	00000	0	0	0.14	1	0.69	0.00	0000.02	0.35	0.54	5.11
1619691367	1	00000	00000	0	0	0.14	1	0.55	0.00	0000.01	0.31	0.81	6.07
1619691377	0	00000	00000	0	0	0.14	1	0.55	0.00	0000.01	0.31	0.81	6.07
1619691387	1	00000	00000	0	0	0.14	1	0.72	0.00	0000.12	0.35	0.73	4.01
1619691397	1	00000	00000	0	0	0.14	1	0.61	0.00	0000.07	0.41	1.04	4.10
1619691407	1	00000	00000	0	0	0.14	1	0.65	0.00	0000.01	0.39	1.38	5.66
1619691417	1	00000	00000	0	0	0.14	1	0.54	0.00	0000.01	0.33	2.27	5.93
1619691427	2	00000	00000	0	0	0.14	1	0.54	0.00	0000.01	0.33	2.27	5.93
1619691437	2	00000	00000	0	0	0.14	1	0.39	0.00	0000.15	0.27	1.85	3.88
1619691447	1	00000	00000	0	0	0.14	1	0.53	0.00	0000.13	0.31	1.41	3.94
1619691457	2	00000	00000	0	0	0.14	1	0.71	0.00	0000.06	0.34	0.63	4.22
1619691467	0	00000	00000	0	0	0.14	1	0.71	0.00	0000.06	0.34	0.63	4.22
1619691477	0	00000	00000	0	0	0.14	1	0.76	0.00	0000.08	0.29	1.88	4.14
1619691487	1	00000	00000	0	0	0.14	1	0.84	0.00	0000.01	0.27	2.14	9.67
1619691497	2	00000	00000	0	0	0.14	1	0.82	0.00	0000.01	0.32	1.56	8.19
1619691507	0	00000	00000	0	0	0.14	1	0.82	0.00	0000.01	0.32	1.56	8.19
1619691517	1	00000	00000	0	0	0.14	1	0.69	0.00	0000.00	0.27	1.43	38.01
1619691527	2	00000	00000	0	0	0.14	1	0.87	0.00	0000.00	0.35	1.20	34.28
1619691537	1	00000	00000	0	0	0.14	1	0.58	0.00	0000.03	0.26	2.22	4.42
1619691547	1	00000	00000	0	0	0.14	1	0.58	0.00	0000.00	0.32	1.77	15.20
1619691557	2	00000	00000	0	0	0.14	1	0.58	0.00	0000.00	0.32	1.77	15.20
1619691567	0	00000	00000	0	0	0.14	1	0.64	0.00	0000.11	0.31	0.94	4.00
1619691577	0	00000	00000	0	0	0.14	1	0.84	0.00	0000.01	0.28	2.08	7.97
1619691587	2	00000	00000	0	0	0.14	1	0.75	0.00	0000.09	0.25	1.45	4.10
1619691597	1	00000	00000	0	0	0.14	1	0.75	0.00	0000.09	0.25	1.45	4.10
1619691607	2	00000	00000	0	0	0.14	1	0.75	0.00	0000.01	0.29	1.47	11.49
1619691617	0	00000	00000	0	0	0.14	1	0.65	0.00	0000.01	0.28	1.56	10.22
1619691627	0	00000	00000	0	0	0.14	1	0.75	0.00	0000.12	0.34	0.82	4.02
1619691637	2	00000	00000	0	0	0.14	1	0.62	0.00	0000.11	0.22	2.25	3.99
1619691647	2	00000	00000	0	0	0.14	1	0.62	0.00	0000.11	0.22	2.25	3.99
1619691657	2	00000	00000	0	0	0.14	1	0.61	0.00	0000.01	0.23	1.99	6.66
1619691667	2	00000	00000	0	0	0.14	1	0.52	0.00	0000.06	0.24	1.62	4.09
1619691677	2	00000	00000	0	0	0.14	1	0.52	0.00	0000.06	0.24	1.62	4.09
1619691687	2	00000	00000	0	0	0.14	1	0.45	0.00	0000.32	0.25	1.88	3.84
1619691697	2	00000	00000	0	0	0.14	1	0.63	0.00	0000.01	0.23	2.51	10.07
1619691707	2	00000	00000	0	0	0.14	1	0.66	0.00	0000.01	0.32	1.28	10.80
1619691717	1	00000	00000	0	0	0.14	1	0.66	0.00	0000.01	0.32	1.28	10.80
1619691727	1	00000	00000	0	0	0.14	1	0.78	0.00	0000.00	0.36	0.62	23.88
1619691737	0	00000	00000	0	0	0.14	1	0.84	0.00	0000.00	0.31	1.83	26.21
1619691747	1	00000	00000	0	0	0.14	1	0.63	0.00	0000.01	0.39	0.68	5.93
1619691757	2	00000	00000	0	0	0.14	1	0.57	0.00	0000.03	0.35	0.76	4.64
1619691767	1	00000	00000	0	0	0.14	1	0.57	0.00	0000.03	0.35	0.76	4.64
1619691777	1	00000	00000	0	0	0.14	1	0.66	0.00	0000.01	0.31	1.44	10.92
1619691787	0	00000	00000	0	0	0.14	1	0.73	0.00	0000.02	0.30	1.58	5.56
1619691797	1	00000	00000	0	0	0.14	1	0.86	0.00	0000.01	0.36	0.57	8.33
1619691807	1	00000	00000	0	0	0.14	1	0.90	0.00	0000.00	0.34	0.24	38.22
1619691817	2	00000	00000	0	0	0.14	1	0.73	0.00	0000.00	0.34	0.88	14.01
1619691827	1	00000	00000	0	0	0.14	1	0.73	0.00	0000.00	0.34	0.88	14.01
1619691837	0	00000	00000	0	0	0.14	1	0.83	0.00	0000.00	0.37	1.21	29.78
1619691847	1	00000	00000	0	0	0.14	1	0.75	0.00	0000.02	0.30	1.09	5.47
1619691857	1	00000	00000	0	0	0.14	1	0.66	0.00	0000.01	0.32	2.01	9.27
1619691867	2	00000	00000	0	0	0.14	1	0.88	0.00	0000.06	0.29	0.46	4.33
1619691877	1	00000	00000	0	0	0.14	1	0.88	0.00	0000.06	0.29	0.46	4.33
1619691887	2	00000	00000	0	0	0.14	1	0.75	0.00	0000.00	0.32	1.27	13.63
1619691897	1	00000	00000	0	0	0.14	1	0.56	0.00	0000.01	0.27	0.68	5.62
1619691908	2	00000	00000	0	0	0.14	1	0.72	0.00	0000.01	0.35	0.43	11.39
1619691918	2	00000	00000	0	0	0.14	1	0.72	0.00	0000.01	0.35	0.43	11.39
1619691928	0	00000	00000	0	0	0.14	1	0.44	0.00	0000.04	0.26	1.11	4.17
1619691938	2	00000	00000	0	0	0.14	1	0.71	0.00	0000.08	0.33	1.23	4.10
1619691948	2	00000	00000	0	0	0.14	1	0.77	0.00	0000.01	0.32	1.02	7.77
1619691958	2	00000	00000	0	0	0.14	1	0.77	0.00	0000.01	0.32	1.02	7.77
1619691968	2	00000	00000	0	0	0.14	1	0.54	0.00	0000.01	0.30	1.56	5.52
1619691978	2	00000	00000	0	0	0.14	1	0.58	0.00	0000.04	0.38	0.78	4.30
1619691988	2	00000	00000	0	0	0.14	1	0.60	0.00	0000.01	0.34	1.10	9.66
1619691998	1	00000	00000	0	0	0.14	1	0.60	0.00	0000.01	0.34	1.10	9.66
1619692008	2	00000	00000	0	0	0.14	1	0.64	0.00	0000.01	0.31	1.91	9.51
1619692018	2	00000	00000	0	0	0.14	1	0.57	0.00	0000.02	0.31	1.64	4.90
1619692028	0	00000	00000	0	0	0.14	1	0.38	0.00	0000.22	0.27	1.95	3.85
1619692038	0	00000	00000	0	0	0.14	1	0.38	0.00	0000.22	0.27	1.95	3.85
1619692048	0	00000	00000	0	0	0.14	1	0.47	0.00	0000.19	0.39	1.45	3.88
1619692058	2	00000	00000	0	0	0.14	1	0.82	0.00	0000.01	0.37	0.25	14.56
1619692068	1	00000	00000	0	0	0.14	1	0.80	0.00	0000.00	0.29	1.56	29.65
1619692078	1	00000	00000	0	0	0.14	1	0.80	0.00	0000.00	0.29	1.56	29.65
1619692088	1	00000	00000	0	0	0.14	1	0.74	0.00	0000.00	0.28	1.88	48.96
1619692098	2	00000	00000	0	0	0.14	1	0.78	0.00	0000.01	0.31	1.91	7.92
1619692108	2	00000	00000	0	0	0.14	1	0.71	0.00	0000.00	0.27	1.56	32.50
1619692118	1	00000	00000	0	0	0.14	1	0.71	0.00	0000.00	0.27	1.56	32.50
1619692128	0	00000	00000	0	0	0.14	1	0.84	0.00	0000.00	0.33	1.11	31.57
1619692138	0	00000	00000	0	0	0.14	1	0.77	0.00	0000.04	0.31	2.07	4.49
1619692148	1	00000	00000	0	0	0.14	1	0.62	0.00	0000.21	0.30	1.66	3.90
1619692158	1	00000	00000	0	0	0.14	1	0.84	0.00	0000.00	0.37	0.50	38.40
1619692168	0	00000	00000	0	0	0.14	1	0.84	0.00	0000.00	0.37	0.50	38.40
1619692178	1	00000	00000	0	0	0.14	1	0.76	0.00	0000.01	0.36	1.36	11.09
1619692188	0	00000	00000	0	0	0.14	1	0.73	0.00	0000.00	0.30	2.20	30.65
1619692198	2	00000	00000	0	0	0.14	1	0.76	0.00	0000.00	0.37	0.87	14.06
1619692208	0	00000	00000	0	0	0.14	1	0.68	0.00	0000.01	0.27	2.10	6.72
1619692218	1	00000	00000	0	0	0.14	1	0.68	0.00	0000.01	0.27	2.10	6.72
1619692228	2	00000	00000	0	0	0.14	1	0.82	0.00	0000.07	0.31	2.01	4.21
1619692238	2	00000	00000	0	0	0.14	1	0.61	0.00	0000.03	0.26	2.46	4.71
1619692248	2	00000	00000	0	0	0.14	1	0.63	0.00	0000.01	0.23	2.87	5.91
1619692258	0	00000	00000	0	0	0.14	1	0.63	0.00	0000.01	0.23	2.87	5.91
1619692268	0	00000	00000	0	0	0.14	1	0.64	0.00	0000.01	0.34	1.88	8.92
1619692278	2	00000	00000	0	0	0.14	1	0.87	0.00	0000.00	0.34	1.84	50.00
1619692288	0	00000	00000	0	0	0.14	1	0.54	0.00	0000.16	0.23	2.65	3.92
1619692298	2	00000	00000	0	0	0.14	1	0.54	0.00	0000.16	0.23	2.65	3.92
1619692308	0	00000	00000	0	0	0.14	1	0.55	0.00	0000.03	0.29	1.41	4.61
1619692318	1	00000	00000	0	0	0.14	1	0.79	0.00	0000.01	0.38	1.04	8.17
1619692328	1	00000	00000	0	0	0.14	1	0.83	0.00	0000.01	0.31	1.25	12.45
1619692338	1	00000	00000	0	0	0.14	1	0.45	0.00	0000.09	0.42	1.19	3.96
1619692348	0	00000	00000	0	0	0.14	1	0.45	0.00	0000.09	0.42	1.19	3.96
1619692358	0	00000	00000	0	0	0.14	1	0.44	0.00	0000.47	0.41	1.61	3.83
1619692368	2	00000	00000	0	0	0.14	1	0.87	0.00	0000.10	0.32	0.06	4.12
1619692378	0	00000	00000	0	0	0.14	1	0.68	0.00	0000.01	0.29	1.23	9.09
1619692388	2	00000	00000	0	0	0.14	1	0.76	0.00	0000.01	0.31	0.95	12.67
1619692398	0	00000	00000	0	0	0.14	1	0.76	0.00	0000.01	0.31	0.95	12.67
1619692408	2	00000	00000	0	0	0.14	1	0.82	0.00	0000.00	0.39	1.17	27.18
1619692418	2	00000	00000	0	0	0.14	1	0.72	0.00	0000.00	0.33	0.84	14.89
1619692428	2	00000	00000	0	0	0.14	1	0.72	0.00	0000.01	0.31	1.33	12.28
1619692439	1	00000	00000	0	0	0.14	1	0.72	0.00	0000.01	0.31	1.33	12.28
1619692449	1	00000	00000	0	0	0.14	1	0.63	0.00	0000.02	0.30	1.00	5.41
1619692459	0	00000	00000	0	0	0.14	1	0.48	0.00	0000.01	0.35	0.77	7.96
1619692469	2	00000	00000	0	0	0.14	1	0.48	0.00	0000.01	0.35	0.77	7.96
1619692479	1	00000	00000	0	0	0.14	1	0.65	0.00	0000.02	0.30	0.75	5.45
1619692489	0	00000	00000	0	0	0.14	1	0.56	0.00	0000.01	0.28	0.58	6.21
1619692499	2	00000	00000	0	0	0.14	1	0.72	0.00	0000.01	0.35	0.85	8.09
1619692509	0	00000	00000	0	0	0.14	1	0.73	0.00	0000.01	0.30	0.63	10.47
1619692519	1	00000	00000	0	0	0.14	1	0.73	0.00	0000.01	0.30	0.63	10.47
1619692529	0	00000	00000	0	0	0.14	1	0.56	0.00	0000.23	0.29	1.00	3.88
1619692539	0	00000	00000	0	0	0.14	1	0.78	0.00	0000.01	0.39	0.20	12.75
1619692549	0	00000	00000	0	0	0.14	1	0.83	0.00	0000.01	0.39	1.65	9.04
1619692559	1	00000	00000	0	0	0.14	1	0.61	0.00	0000.25	0.31	2.14	3.88
1619692569	2	00000	00000	0	0	0.14	1	0.51	0.00	0000.01	0.45	0.73	6.82
1619692579	2	00000	00000	0	0	0.14	1	0.51	0.00	0000.01	0.45	0.73	6.82
1619692589	1	00000	00000	0	0	0.14	1	0.56	0.00	0000.03	0.34	1.25	4.49
1619692599	1	00000	00000	0	0	0.14	1	0.68	0.00	0000.02	0.36	2.29	5.51
1619692609	1	00000	00000	0	0	0.14	1	0.68	0.00	0000.02	0.36	2.29	5.51
1619692619	2	00000	00000	0	0	0.14	1	0.58	0.00	0000.02	0.34	1.79	5.12
1619692629	2	00000	00000	0	0	0.14	1	0.68	0.00	0000.01	0.29	0.98	7.05
1619692639	0	00000	00000	0	0	0.14	1	0.50	0.00	0000.02	0.35	1.03	5.07
1619692649	2	00000	00000	0	0	0.14	1	0.50	0.00	0000.02	0.35	1.03	5.07
1619692659	1	00000	00000	0	0	0.14	1	0.61	0.00	0000.00	0.35	0.22	11.56
1619692669	2	00000	00000	0	0	0.14	1	0.87	0.00	0000.01	0.33	1.10	13.77
1619692679	0	00000	00000	0	0	0.14	1	0.62	0.00	0000.00	0.23	2.12	12.92
1619692689	0	00000	00000	0	0	0.14	1	0.62	0.00	0000.00	0.23	2.12	12.92
1619692699	1	00000	00000	0	0	0.14	1	0.83	0.00	0000.07	0.30	2.10	4.24
1619692709	2	00000	00000	0	0	0.14	1	0.80	0.00	0000.00	0.30	1.60	49.75
1619692719	0	00000	00000	0	0	0.14	1	0.66	0.00	0000.00	0.26	1.49	16.20
1619692729	1	00000	00000	0	0	0.14	1	0.69	0.00	0000.00	0.37	1.51	37.11
1619692739	0	00000	00000	0	0	0.14	1	0.69	0.00	0000.00	0.37	1.51	37.11
1619692749	2	00000	00000	0	0	0.14	1	0.75	0.00	0000.06	0.32	1.42	4.24
1619692759	1	00000	00000	0	0	0.14	1	0.77	0.00	0000.03	0.30	0.71	5.01
1619692769	2	00000	00000	0	0	0.14	1	0.77	0.00	0000.03	0.30	0.71	5.01
1619692779	1	00000	00000	0	0	0.14	1	0.54	0.00	0000.30	0.23	2.18	3.86
1619692789	2	00000	00000	0	0	0.14	1	0.78	0.00	0000.00	0.29	1.66	47.23
1619692799	1	00000	00000	0	0	0.14	1	0.63	0.00	0000.01	0.26	1.10	6.31
1619692809	2	00000	00000	0	0	0.14	1	0.63	0.00	0000.01	0.26	1.10	6.31
1619692819	1	00000	00000	0	0	0.14	1	0.80	0.00	0000.00	0.27	1.36	26.95
1619692829	2	00000	00000	0	0	0.14	1	0.75	0.00	0000.00	0.30	2.44	13.97
1619692839	1	00000	00000	0	0	0.14	1	0.75	0.00	0000.00	0.30	2.44	13.97
1619692849	0	00000	00000	0	0	0.14	1	0.78	0.00	0000.00	0.30	1.93	38.58
1619692859	2	00000	00000	0	0	0.14	1	0.76	0.00	0000.07	0.28	2.35	4.19
1619692869	0	00000	00000	0	0	0.14	1	0.76	0.00	0000.07	0.28	2.35	4.19
1619692879	2	00000	00000	0	0	0.14	1	0.52	0.00	0000.05	0.26	2.05	4.20
1619692889	1	00000	00000	0	0	0.14	1	0.44	0.00	0000.33	0.25	2.05	3.84
1619692899	0	00000	00000	0	0	0.14	1	0.71	0.00	0000.00	0.33	0.85	16.63
1619692909	2	00000	00000	0	0	0.14	1	0.71	0.00	0000.00	0.33	0.85	16.63
1619692919	0	00000	00000	0	0	0.14	1	0.68	0.00	0000.01	0.33	0.98	5.79
1619692929	2	00000	00000	0	0	0.14	1	0.86	0.00	0000.04	0.32	1.40	4.68
1619692939	1	00000	00000	0	0	0.14	1	0.86	0.00	0000.04	0.32	1.40	4.68
1619692949	1	00000	00000	0	0	0.14	1	0.52	0.00	0000.09	0.46	0.74	4.00
1619692959	2	00000	00000	0	0	0.14	1	0.60	0.00	0000.01	0.36	1.06	6.59
1619692969	1	00000	00000	0	0	0.14	1	0.60	0.00	0000.01	0.36	1.06	6.59
1619692980	0	00000	00000	0	0	0.14	1	0.65	0.00	0000.02	0.27	1.12	5.28
1619692990	2	00000	00000	0	0	0.14	1	0.80	0.00	0000.07	0.30	1.30	4.25
1619693000	2	00000	00000	0	0	0.14	1	0.73	0.00	0000.01	0.32	1.01	11.50
1619693010	0	00000	00000	0	0	0.14	1	0.73	0.00	0000.01	0.32	1.01	11.50
1619693020	2	00000	00000	0	0	0.14	1	0.73	0.00	0000.06	0.30	0.43	4.28
1619693030	2	00000	00000	0	0	0.14	1	0.68	0.00	0000.01	0.34	0.65	11.14
1619693040	2	00000	00000	0	0	0.14	1	0.39	0.00	0000.16	0.30	1.10	3.88
1619693050	2	00000	00000	0	0	0.14	1	0.39	0.00	0000.16	0.30	1.10	3.88
1619693060	1	00000	00000	0	0	0.14	1	0.55	0.00	0000.01	0.27	1.69	8.99
1619693070	2	00000	00000	0	0	0.14	1	0.64	0.00	0000.01	0.28	0.57	9.70
1619693080	1	00000	00000	0	0	0.14	1	0.65	0.00	0000.01	0.27	1.33	6.22
1619693090	1	00000	00000	0	0	0.14	1	0.65	0.00	0000.01	0.27	1.33	6.22
1619693100	1	00000	00000	0	0	0.14	1	0.67	0.00	0000.17	0.32	0.84	3.94
1619693110	2	00000	00000	0	0	0.14	1	0.72	0.00	0000.01	0.35	0.78	8.74
1619693120	2	00000	00000	0	0	0.14	1	0.50	0.00	0000.09	0.27	0.93	3.99
1619693130	1	00000	00000	0	0	0.14	1	0.50	0.00	0000.09	0.27	0.93	3.99
1619693140	1	00000	00000	0	0	0.14	1	0.80	0.00	0000.01	0.39	0.43	6.46
1619693150	1	00000	00000	0	0	0.14	1	0.76	0.00	0000.01	0.32	0.80	12.72
1619693160	2	00000	00000	0	0	0.14	1	0.70	0.00	0000.03	0.40	0.94	4.78
1619693170	0	00000	00000	0	0	0.14	1	0.70	0.00	0000.03	0.40	0.94	4.78
1619693180	2	00000	00000	0	0	0.14	1	0.82	0.00	0000.02	0.44	0.84	6.21
1619693190	2	00000	00000	0	0	0.14	1	0.48	0.00	0000.02	0.39	1.42	4.74
1619693200	0	00000	00000	0	0	0.14	1	0.39	0.00	0000.15	0.27	1.79	3.89
1619693210	0	00000	00000	0	0	0.14	1	0.39	0.00	0000.15	0.27	1.79	3.89
1619693220	2	00000	00000	0	0	0.14	1	0.76	0.00	0000.02	0.36	1.39	5.14
1619693230	1	00000	00000	0	0	0.14	1	0.39	0.00	0000.15	0.26	1.76	3.89
1619693240	1	00000	00000	0	0	0.14	1	0.78	0.00	0000.01	0.46	1.37	10.83
1619693250	2	00000	00000	0	0	0.14	1	0.51	0.00	0000.02	0.28	1.96	4.66
1619693260	2	00000	00000	0	0	0.14	1	0.51	0.00	0000.02	0.28	1.96	4.66
1619693270	2	00000	00000	0	0	0.14	1	0.56	0.00	0000.03	0.27	1.91	4.62
1619693280	0	00000	00000	0	0	0.14	1	0.58	0.00	0000.07	0.22	1.92	4.11
1619693290	2	00000	00000	0	0	0.14	1	0.79	0.00	0000.01	0.30	1.61	7.45
1619693300	2	00000	00000	0	0	0.14	1	0.79	0.00	0000.01	0.30	1.61	7.45
1619693310	1	00000	00000	0	0	0.14	1	0.65	0.00	0000.00	0.29	1.18	37.75
1619693320	0	00000	00000	0	0	0.14	1	0.87	0.00	0000.00	0.35	1.10	29.92
1619693330	2	00000	00000	0	0	0.14	1	0.72	0.00	0000.18	0.29	1.88	3.94
1619693340	1	00000	00000	0	0	0.14	1	0.72	0.00	0000.18	0.29	1.88	3.94
1619693350	0	00000	00000	0	0	0.14	1	0.66	0.00	0000.00	0.30	1.42	37.02
1619693360	1	00000	00000	0	0	0.14	1	0.95	0.00	0000.00	0.37	0.01	49.24
1619693370	0	00000	00000	0	0	0.14	1	0.73	0.00	0000.03	0.32	1.20	4.90
1619693380	1	00000	00000	0	0	0.14	1	0.73	0.00	0000.03	0.32	1.20	4.90
1619693390	2	00000	00000	0	0	0.14	1	0.74	0.00	0000.03	0.27	1.43	4.90
1619693400	1	00000	00000	0	0	0.14	1	0.70	0.00	0000.01	0.27	1.51	7.85
1619693410	1	00000	00000	0	0	0.14	1	0.53	0.00	0000.95	0.31	2.08	3.81
1619693420	1	00000	00000	0	0	0.14	1	0.53	0.00	0000.95	0.31	2.08	3.81
1619693430	1	00000	00000	0	0	0.14	1	0.54	0.00	0000.01	0.32	1.10	8.14
1619693440	0	00000	00000	0	0	0.14	1	0.80	0.00	0000.11	0.26	1.74	4.06
1619693450	2	00000	00000	0	0	0.14	1	0.84	0.00	0000.02	0.25	2.09	5.24
1619693460	0	00000	00000	0	0	0.14	1	0.84	0.00	0000.02	0.25	2.09	5.24
1619693470	0	00000	00000	0	0	0.14	1	0.72	0.00	0000.01	0.27	1.02	6.84
1619693481	2	00000	00000	0	0	0.14	1	0.66	0.00	0000.24	0.34	1.97	3.89
1619693491	2	00000	00000	0	0	0.14	1	0.72	0.00	0000.00	0.24	2.26	21.53
1619693501	2	00000	00000	0	0	0.14	1	0.72	0.00	0000.00	0.24	2.26	21.53
1619693511	2	00000	00000	0	0	0.14	1	0.66	0.00	0000.01	0.29	1.14	5.88
1619693521	1	00000	00000	0	0	0.14	1	0.73	0.00	0000.00	0.31	0.50	22.59
1619693531	0	00000	00000	0	0	0.14	1	0.84	0.00	0000.00	0.31	1.82	21.50
1619693541	0	00000	00000	0	0	0.14	1	0.84	0.00	0000.00	0.31	1.82	21.50
1619693551	1	00000	00000	0	0	0.14	1	0.57	0.00	0000.01	0.40	0.96	6.57
1619693561	0	00000	00000	0	0	0.14	1	0.59	0.00	0000.01	0.37	0.90	5.73
1619693571	2	00000	00000	0	0	0.14	1	0.80	0.00	0000.01	0.42	0.68	7.32
1619693581	0	00000	00000	0	0	0.14	1	0.80	0.00	0000.01	0.42	0.68	7.32
1619693591	2	00000	00000	0	0	0.14	1	0.79	0.00	0000.05	0.32	1.49	4.34
1619693601	2	00000	00000	0	0	0.14	1	0.70	0.00	0000.01	0.30	1.27	10.37
1619693611	1	00000	00000	0	0	0.14	1	0.58	0.00	0000.00	0.38	0.11	32.72
1619693621	1	00000	00000	0	0	0.14	1	0.58	0.00	0000.00	0.38	0.11	32.72
1619693631	0	00000	00000	0	0	0.14	1	0.77	0.00	0000.01	0.37	1.03	9.78
1619693641	1	00000	00000	0	0	0.14	1	0.54	0.00	0000.07	0.36	0.86	4.08
1619693651	2	00000	00000	0	0	0.14	1	0.64	0.00	0000.00	0.35	1.54	11.48
1619693661	2	00000	00000	0	0	0.14	1	0.64	0.00	0000.00	0.35	1.54	11.48
1619693671	0	00000	00000	0	0	0.14	1	0.69	0.00	0000.00	0.30	1.57	13.66
1619693681	0	00000	00000	0	0	0.14	1	0.78	0.00	0000.05	0.31	1.10	4.38
1619693691	1	00000	00000	0	0	0.14	1	0.83	0.00	0000.08	0.28	1.59	4.16
1619693701	2	00000	00000	0	0	0.14	1	0.83	0.00	0000.01	0.33	1.26	6.49
1619693711	1	00000	00000	0	0	0.14	1	0.83	0.00	0000.01	0.33	1.26	6.49
1619693721	2	00000	00000	0	0	0.14	1	0.74	0.00	0000.00	0.30	1.20	15.15
1619693731	0	00000	00000	0	0	0.14	1	0.67	0.00	0000.02	0.31	0.88	5.00
1619693741	1	00000	00000	0	0	0.14	1	0.77	0.00	0000.08	0.35	1.17	4.13
1619693751	2	00000	00000	0	0	0.14	1	0.77	0.00	0000.08	0.35	1.17	4.13
1619693761	0	00000	00000	0	0	0.14	1	0.67	0.00	0000.01	0.28	1.62	6.37
1619693771	2	00000	00000	0	0	0.14	1	0.68	0.00	0000.02	0.49	1.08	5.30
1619693781	2	00000	00000	0	0	0.14	1	0.57	0.00	0000.03	0.35	1.11	4.44
1619693791	2	00000	00000	0	0	0.14	1	0.57	0.00	0000.03	0.35	1.11	4.44
1619693801	2	00000	00000	0	0	0.14	1	0.52	0.00	0000.02	0.35	0.74	5.09
1619693811	2	00000	00000	0	0	0.14	1	0.43	0.00	0000.04	0.29	1.88	4.21
1619693821	2	00000	00000	0	0	0.14	1	0.43	0.00	0000.04	0.29	1.88	4.21
1619693831	0	00000	00000	0	0	0.14	1	0.50	0.00	0000.02	0.28	1.49	4.90
1619693841	2	00000	00000	0	0	0.14	1	0.66	0.00	0000.01	0.48	0.76	7.54
1619693851	1	00000	00000	0	0	0.14	1	0.81	0.00	0000.00	0.29	1.14	35.97
1619693861	2	00000	00000	0	0	0.14	1	0.76	0.00	0000.00	0.29	1.98	14.48
1619693871	0	00000	00000	0	0	0.14	1	0.76	0.00	0000.00	0.29	1.98	14.48
1619693881	2	00000	00000	0	0	0.14	1	0.78	0.00	0000.02	0.26	2.00	5.41
1619693891	2	00000	00000	0	0	0.14	1	0.62	0.00	0000.01	0.27	2.00	6.37
1619693901	0	00000	00000	0	0	0.14	1	0.51	0.00	0000.39	0.25	2.31	3.84
1619693911	2	00000	00000	0	0	0.14	1	0.51	0.00	0000.39	0.25	2.31	3.84
1619693921	0	00000	00000	0	0	0.14	1	0.82	0.00	0000.02	0.26	0.95	5.26
1619693931	1	00000	00000	0	0	0.14	1	0.82	0.00	0000.02	0.30	1.60	5.77
1619693941	1	00000	00000	0	0	0.14	1	0.60	0.00	0000.01	0.29	1.66	10.45
1619693951	1	00000	00000	0	0	0.14	1	0.77	0.00	0000.00	0.32	0.74	50.00
1619693961	1	00000	00000	0	0	0.14	1	0.77	0.00	0000.00	0.32	0.74	50.00
1619693971	2	00000	00000	0	0	0.14	1	0.82	0.00	0000.00	0.31	1.15	48.36
1619693981	2	00000	00000	0	0	0.14	1	0.76	0.00	0000.00	0.27	1.83	39.54
1619693991	1	00000	00000	0	0	0.14	1	0.76	0.00	0000.00	0.27	1.83	39.54
1619694001	0	00000	00000	0	0	0.14	1	0.51	0.00	0000.28	0.28	1.30	3.86
1619694012	0	00000	00000	0	0	0.14	1	0.79	0.00	0000.03	0.30	2.25	5.02
1619694022	2	00000	00000	0	0	0.14	1	0.86	0.00	0000.03	0.34	2.58	5.07
1619694032	2	00000	00000	0	0	0.14	1	0.86	0.00	0000.03	0.34	2.58	5.07
1619694042	1	00000	00000	0	0	0.14	1	0.70	0.00	0000.00	0.23	1.85	24.04
1619694052	1	00000	00000	0	0	0.14	1	0.80	0.00	0000.01	0.30	1.32	7.20
1619694062	1	00000	00000	0	0	0.14	1	0.89	0.00	0000.00	0.32	0.40	49.63
1619694072	1	00000	00000	0	0	0.14	1	0.89	0.00	0000.00	0.32	0.40	49.63
1619694082	1	00000	00000	0	0	0.14	1	0.76	0.00	0000.00	0.28	2.10	36.22
1619694092	2	00000	00000	0	0	0.14	1	0.73	0.00	0000.05	0.21	2.75	4.32
1619694102	2	00000	00000	0	0	0.14	1	0.73	0.00	0000.05	0.21	2.75	4.32
1619694112	0	00000	00000	0	0	0.14	1	0.54	0.00	0000.01	0.33	1.02	7.37
1619694122	1	00000	00000	0	0	0.14	1	0.85	0.00	0000.01	0.35	0.86	12.41
1619694132	2	00000	00000	0	0	0.14	1	0.85	0.00	0000.00	0.31	1.95	46.67
1619694142	0	00000	00000	0	0	0.14	1	0.57	0.00	0000.03	0.34	0.79	4.55
1619694152	2	00000	00000	0	0	0.14	1	0.57	0.00	0000.03	0.34	0.79	4.55
1619694162	2	00000	00000	0	0	0.14	1	0.52	0.00	0000.02	0.31	1.05	4.61
1619694172	0	00000	00000	0	0	0.14	1	0.68	0.00	0000.00	0.46	0.13	24.91
1619694182	1	00000	00000	0	0	0.14	1	0.68	0.00	0000.00	0.46	0.13	24.91
1619694192	2	00000	00000	0	0	0.14	1	0.78	0.00	0000.00	0.37	0.36	27.78
1619694202	2	00000	00000	0	0	0.14	1	0.69	0.00	0000.00	0.32	0.81	18.33
1619694212	0	00000	00000	0	0	0.14	1	0.73	0.00	0000.00	0.33	0.76	16.60
1619694222	1	00000	00000	0	0	0.14	1	0.73	0.00	0000.00	0.33	0.76	16.60
1619694232	2	00000	00000	0	0	0.14	1	0.83	0.00	0000.00	0.37	1.16	22.43
1619694242	0	00000	00000	0	0	0.14	1	0.69	0.00	0000.01	0.30	1.02	7.32
1619694252	2	00000	00000	0	0	0.14	1	0.51	0.00	0000.01	0.37	0.75	9.11
1619694262	0	00000	00000	0	0	0.14	1	0.51	0.00	0000.01	0.37	0.75	9.11
1619694272	0	00000	00000	0	0	0.14	1	0.63	0.00	0000.07	0.24	0.66	4.13
1619694282	1	00000	00000	0	0	0.14	1	0.79	0.00	0000.01	0.35	1.33	12.82
1619694292	2	00000	00000	0	0	0.14	1	0.65	0.00	0000.03	0.32	0.65	4.60
1619694302	1	00000	00000	0	0	0.14	1	0.65	0.00	0000.03	0.32	0.65	4.60
1619694312	1	00000	00000	0	0	0.14	1	0.72	0.00	0000.01	0.35	0.47	10.29
1619694322	2	00000	00000	0	0	0.14	1	0.61	0.00	0000.01	0.33	1.06	7.12
1619694332	1	00000	00000	0	0	0.14	1	0.53	0.00	0000.01	0.28	1.22	5.54
1619694342	0	00000	00000	0	0	0.14	1	0.75	0.00	0000.01	0.33	1.05	7.97
1619694352	2	00000	00000	0	0	0.14	1	0.75	0.00	0000.01	0.33	1.05	7.97
1619694362	1	00000	00000	0	0	0.14	1	0.50	0.00	0000.04	0.32	1.49	4.24
1619694372	2	00000	00000	0	0	0.14	1	0.78	0.00	0000.04	0.42	0.52	4.63
1619694382	0	00000	00000	0	0	0.14	1	0.60	0.00	0000.02	0.35	1.37	5.27
1619694392	2	00000	00000	0	0	0.14	1	0.60	0.00	0000.02	0.35	1.37	5.27
1619694402	2	00000	00000	0	0	0.14	1	0.50	0.00	0000.02	0.24	2.12	5.04
1619694412	0	00000	00000	0	0	0.14	1	0.60	0.00	0000.02	0.32	1.58	5.32
1619694422	2	00000	00000	0	0	0.14	1	0.59	0.00	0000.29	0.32	1.91	3.87
1619694432	2	00000	00000	0	0	0.14	1	0.59	0.00	0000.29	0.32	1.91	3.87
1619694442	0	00000	00000	0	0	0.14	1	0.54	0.00	0000.01	0.39	0.86	5.49
1619694452	2	00000	00000	0	0	0.14	1	0.80	0.00	0000.01	0.35	0.32	9.31
1619694462	2	00000	00000	0	0	0.14	1	0.82	0.00	0000.00	0.30	1.09	31.95
1619694472	0	00000	00000	0	0	0.14	1	0.82	0.00	0000.00	0.30	1.09	31.95
1619694482	0	00000	00000	0	0	0.14	1	0.77	0.00	0000.00	0.30	1.87	16.69
1619694492	2	00000	00000	0	0	0.14	1	0.82	0.00	0000.01	0.32	1.97	8.25
1619694502	1	00000	00000	0	0	0.14	1	0.49	0.00	0000.41	0.25	2.34	3.84
1619694512	1	00000	00000	0	0	0.14	1	0.77	0.00	0000.00	0.31	1.44	31.13
1619694522	1	00000	00000	0	0	0.14	1	0.77	0.00	0000.00	0.31	1.44	31.13
1619694533	0	00000	00000	0	0	0.14	1	0.78	0.00	0000.00	0.31	1.51	41.66
1619694543	1	00000	00000	0	0	0.14	1	0.63	0.00	0000.11	0.28	1.82	3.99
1619694553	2	00000	00000	0	0	0.14	1	0.79	0.00	0000.00	0.30	1.03	50.00
1619694563	2	00000	00000	0	0	0.14	1	0.66	0.00	0000.04	0.27	1.10	4.45
1619694573	0	00000	00000	0	0	0.14	1	0.66	0.00	0000.04	0.27	1.10	4.45
1619694583	0	00000	00000	0	0	0.14	1	0.84	0.00	0000.05	0.26	1.50	4.45
1619694593	0	00000	00000	0	0	0.14	1	0.82	0.00	0000.01	0.33	1.44	9.41
1619694603	1	00000	00000	0	0	0.14	1	0.82	0.00	0000.04	0.32	2.07	4.66
1619694613	0	00000	00000	0	0	0.14	1	0.83	0.00	0000.05	0.31	2.09	4.45
1619694623	1	00000	00000	0	0	0.14	1	0.83	0.00	0000.05	0.31	2.09	4.45
1619694633	2	00000	00000	0	0	0.14	1	0.73	0.00	0000.00	0.33	1.62	15.61
1619694643	2	00000	00000	0	0	0.14	1	0.77	0.00	0000.01	0.28	1.56	13.95
1619694653	2	00000	00000	0	0	0.14	1	0.66	0.00	0000.01	0.23	2.29	10.78
1619694663	2	00000	00000	0	0	0.14	1	0.66	0.00	0000.01	0.23	2.29	10.78
1619694673	1	00000	00000	0	0	0.14	1	0.54	0.00	0000.10	0.24	1.73	3.99
1619694683	2	00000	00000	0	0	0.14	1	0.67	0.00	0000.00	0.33	1.79	12.26
1619694693	1	00000	00000	0	0	0.14	1	0.67	0.00	0000.00	0.33	1.79	12.26
1619694703	1	00000	00000	0	0	0.14	1	0.71	0.00	0000.00	0.28	1.23	21.51
1619694713	2	00000	00000	0	0	0.14	1	0.76	0.00	0000.01	0.27	1.08	11.63
1619694723	2	00000	00000	0	0	0.14	1	0.58	0.00	0000.09	0.29	0.99	4.03
1619694733	0	00000	00000	0	0	0.14	1	0.58	0.00	0000.09	0.29	0.99	4.03
1619694743	2	00000	00000	0	0	0.14	1	0.52	0.00	0000.03	0.57	1.27	4.37
1619694753	2	00000	00000	0	0	0.14	1	0.34	0.00	0000.22	0.33	1.14	3.85
1619694763	2	00000	00000	0	0	0.14	1	0.68	0.00	0000.00	0.28	1.37	21.84
1619694773	2	00000	00000	0	0	0.14	1	0.68	0.00	0000.00	0.28	1.37	21.84
1619694783	1	00000	00000	0	0	0.14	1	0.62	0.00	0000.01	0.31	1.18	9.24
1619694793	2	00000	00000	0	0	0.14	1	0.69	0.00	0000.01	0.35	0.96	12.15
1619694803	1	00000	00000	0	0	0.14	1	0.73	0.00	0000.00	0.32	0.16	17.77
1619694813	0	00000	00000	0	0	0.14	1	0.73	0.00	0000.00	0.32	0.16	17.77
1619694823	2	00000	00000	0	0	0.14	1	0.77	0.00	0000.01	0.29	0.57	8.29
1619694833	0	00000	00000	0	0	0.14	1	0.73	0.00	0000.00	0.32	1.23	17.34
1619694843	2	00000	00000	0	0	0.14	1	0.77	0.00	0000.01	0.36	1.04	6.75
1619694853	2	00000	00000	0	0	0.14	1	0.77	0.00	0000.01	0.36	1.04	6.75
1619694863	1	00000	00000	0	0	0.14	1	0.69	0.00	0000.01	0.29	1.62	8.14
1619694873	1	00000	00000	0	0	0.14	1	0.68	0.00	0000.01	0.32	1.39	7.13
1619694883	1	00000	00000	0	0	0.14	1	0.69	0.00	0000.02	0.30	0.48	5.75
1619694893	2	00000	00000	0	0	0.14	1	0.69	0.00	0000.01	0.34	1.21	6.34
1619694903	1	00000	00000	0	0	0.14	1	0.69	0.00	0000.01	0.34	1.21	6.34
1619694913	0	00000	00000	0	0	0.14	1	0.79	0.00	0000.00	0.32	0.89	17.71
1619694923	2	00000	00000	0	0	0.14	1	0.85	0.00	0000.02	0.32	0.59	5.83
1619694933	1	00000	00000	0	0	0.14	1	0.73	0.00	0000.01	0.38	0.26	10.58
1619694943	1	00000	00000	0	0	0.14	1	0.73	0.00	0000.01	0.38	0.26	10.58
1619694953	0	00000	00000	0	0	0.14	1	0.76	0.00	0000.02	0.37	0.53	5.28
1619694963	1	00000	00000	0	0	0.14	1	0.87	0.00	0000.04	0.32	1.60	4.67
1619694973	1	00000	00000	0	0	0.14	1	0.72	0.00	0000.03	0.40	1.40	4.86
1619694983	2	00000	00000	0	0	0.14	1	0.56	0.00	0000.01	0.52	1.50	5.44
1619694993	0	00000	00000	0	0	0.14	1	0.56	0.00	0000.01	0.52	1.50	5.44
1619695003	2	00000	00000	0	0	0.14	1	0.65	0.00	0000.01	0.41	1.72	8.02
1619695013	1	00000	00000	0	0	0.14	1	0.60	0.00	0000.01	0.32	1.23	6.97
1619695023	0	00000	00000	0	0	0.14	1	0.52	0.00	0000.02	0.33	1.86	5.07
1619695033	0	00000	00000	0	0	0.14	1	0.52	0.00	0000.02	0.33	1.86	5.07
1619695043	1	00000	00000	0	0	0.14	1	0.36	0.00	0000.12	0.45	0.21	3.90
1619695054	2	00000	00000	0	0	0.14	1	0.59	0.00	0000.01	0.32	1.98	7.48
1619695064	2	00000	00000	0	0	0.14	1	0.54	0.00	0000.03	0.29	1.60	4.45
1619695074	1	00000	00000	0	0	0.14	1	0.54	0.00	0000.03	0.29	1.60	4.45
1619695084	1	00000	00000	0	0	0.14	1	0.77	0.00	0000.00	0.25	2.03	50.00
1619695094	1	00000	00000	0	0	0.14	1	0.83	0.00	0000.01	0.33	1.66	7.96
1619695104	1	00000	00000	0	0	0.14	1	0.76	0.00	0000.02	0.27	1.70	5.43
1619695114	2	00000	00000	0	0	0.14	1	0.76	0.00	0000.02	0.27	1.70	5.43
1619695124	0	00000	00000	0	0	0.14	1	0.83	0.00	0000.00	0.33	1.01	34.83
1619695134	0	00000	00000	0	0	0.14	1	0.83	0.00	0000.01	0.33	1.82	12.71
1619695144	2	00000	00000	0	0	0.14	1	0.92	0.00	0000.01	0.35	0.35	9.76
1619695154	0	00000	00000	0	0	0.14	1	0.92	0.00	0000.01	0.35	0.35	9.76
1619695164	2	00000	00000	0	0	0.14	1	0.78	0.00	0000.00	0.34	0.53	43.52
1619695174	0	00000	00000	0	0	0.14	1	0.68	0.00	0000.00	0.24	2.07	24.63
1619695184	1	00000	00000	0	0	0.14	1	0.84	0.00	0000.05	0.27	1.51	4.50
1619695194	1	00000	00000	0	0	0.14	1	0.78	0.00	0000.01	0.32	1.08	9.69
1619695204	0	00000	00000	0	0	0.14	1	0.78	0.00	0000.01	0.32	1.08	9.69
1619695214	0	00000	00000	0	0	0.14	1	0.72	0.00	0000.03	0.37	2.05	4.75
1619695224	2	00000	00000	0	0	0.14	1	0.63	0.00	0000.03	0.33	1.17	4.58
1619695234	1	00000	00000	0	0	0.14	1	0.63	0.00	0000.03	0.33	1.17	4.58
1619695244	2	00000	00000	0	0	0.14	1	0.50	0.00	0000.03	0.23	1.78	4.36
1619695254	0	00000	00000	0	0	0.14	1	0.67	0.00	0000.01	0.24	2.44	9.58
1619695264	2	00000	00000	0	0	0.14	1	0.75	0.00	0000.06	0.31	1.76	4.22
1619695274	0	00000	00000	0	0	0.14	1	0.75	0.00	0000.06	0.31	1.76	4.22
1619695284	0	00000	00000	0	0	0.14	1	0.68	0.00	0000.05	0.38	1.55	4.34
1619695294	1	00000	00000	0	0	0.14	1	0.77	0.00	0000.07	0.30	2.20	4.17
1619695304	2	00000	00000	0	0	0.14	1	0.52	0.00	0000.05	0.35	1.07	4.22
1619695314	0	00000	00000	0	0	0.14	1	0.52	0.00	0000.05	0.35	1.07	4.22
1619695324	2	00000	00000	0	0	0.14	1	0.75	0.00	0000.00	0.34	0.74	22.98
1619695334	2	00000	00000	0	0	0.14	1	0.69	0.00	0000.01	0.27	1.34	10.25
1619695344	0	00000	00000	0	0	0.14	1	0.43	0.00	0000.37	0.35	1.81	3.83
1619695354	2	00000	00000	0	0	0.14	1	0.43	0.00	0000.37	0.35	1.81	3.83
1619695364	0	00000	00000	0	0	0.14	1	0.40	0.00	0000.11	0.28	0.61	3.92
1619695374	0	00000	00000	0	0	0.14	1	0.80	0.00	0000.01	0.41	1.58	7.29
1619695384	1	00000	00000	0	0	0.14	1	0.80	0.00	0000.01	0.41	1.58	7.29
1619695394	2	00000	00000	0	0	0.14	1	0.84	0.00	0000.00	0.37	0.95	16.61
1619695404	0	00000	00000	0	0	0.14	1	0.76	0.00	0000.00	0.29	0.74	33.62
1619695414	0	00000	00000	0	0	0.14	1	0.78	0.00	0000.00	0.29	0.53	21.66
1619695424	1	00000	00000	0	0	0.14	1	0.78	0.00	0000.00	0.29	0.53	21.66
1619695434	0	00000	00000	0	0	0.14	1	0.82	0.00	0000.00	0.35	1.24	18.78
1619695444	0	00000	00000	0	0	0.14	1	0.63	0.00	0000.02	0.40	1.34	5.45
1619695454	0	00000	00000	0	0	0.14	1	0.49	0.00	0000.03	0.36	1.28	4.33
1619695464	1	00000	00000	0	0	0.14	1	0.71	0.00	0000.01	0.35	0.80	5.95
1619695474	0	00000	00000	0	0	0.14	1	0.71	0.00	0000.01	0.35	0.80	5.95
1619695484	1	00000	00000	0	0	0.14	1	0.57	0.00	0000.01	0.29	0.32	7.21
1619695494	2	00000	00000	0	0	0.14	1	0.71	0.00	0000.01	0.35	0.78	8.70
1619695504	2	00000	00000	0	0	0.14	1	0.67	0.00	0000.01	0.31	0.81	6.91
1619695514	2	00000	00000	0	0	0.14	1	0.67	0.00	0000.01	0.31	0.81	6.91
1619695524	0	00000	00000	0	0	0.14	1	0.61	0.00	0000.03	0.27	0.79	4.74
1619695534	2	00000	00000	0	0	0.14	1	0.74	0.00	0000.01	0.40	0.32	10.77
1619695544	2	00000	00000	0	0	0.14	1	0.66	0.00	0000.02	0.35	0.70	5.34
1619695554	0	00000	00000	0	0	0.14	1	0.66	0.00	0000.02	0.35	0.70	5.34
1619695565	1	00000	00000	0	0	0.14	1	0.66	0.00	0000.12	0.32	1.24	4.00
1619695575	1	00000	00000	0	0	0.14	1	0.82	0.00	0000.01	0.36	1.46	13.52
1619695585	0	00000	00000	0	0	0.14	1	0.64	0.00	0000.01	0.39	0.51	6.42
1619695595	1	00000	00000	0	0	0.14	1	0.64	0.00	0000.01	0.39	0.51	6.42
1619695605	2	00000	00000	0	0	0.14	1	0.61	0.00	0000.01	0.41	1.54	5.52
1619695615	2	00000	00000	0	0	0.14	1	0.57	0.00	0000.02	0.32	1.53	4.72
1619695625	1	00000	00000	0	0	0.14	1	0.36	0.00	0000.16	0.25	1.82	3.87
1619695635	2	00000	00000	0	0	0.14	1	0.36	0.00	0000.16	0.25	1.82	3.87
1619695645	2	00000	00000	0	0	0.14	1	0.60	0.00	0000.03	0.30	1.76	4.49
1619695655	2	00000	00000	0	0	0.14	1	0.61	0.00	0000.02	0.29	2.38	4.88
1619695665	2	00000	00000	0	0	0.14	1	0.61	0.00	0000.02	0.29	2.38	4.88
1619695675	2	00000	00000	0	0	0.14	1	0.83	0.00	0000.01	0.25	1.20	7.49
1619695685	2	00000	00000	0	0	0.14	1	0.83	0.00	0000.01	0.25	1.20	7.49
1619695695	2	00000	00000	0	0	0.14	1	0.68	0.00	0000.01	0.28	1.96	6.00
1619695705	2	00000	00000	0	0	0.14	1	0.66	0.00	0000.00	0.28	1.17	34.87
1619695715	1	00000	00000	0	0	0.14	1	0.85	0.00	0000.00	0.32	1.07	40.76
1619695725	0	00000	00000	0	0	0.14	1	0.85	0.00	0000.00	0.32	1.07	40.76
1619695735	0	00000	00000	0	0	0.14	1	0.78	0.00	0000.02	0.32	2.47	5.20
1619695745	1	00000	00000	0	0	0.14	1	0.68	0.00	0000.04	0.33	1.11	4.51
1619695755	0	00000	00000	0	0	0.14	1	0.67	0.00	0000.09	0.32	1.08	4.06
1619695765	2	00000	00000	0	0	0.14	1	0.75	0.00	0000.04	0.27	1.44	4.45
1619695775	2	00000	00000	0	0	0.14	1	0.75	0.00	0000.04	0.27	1.44	4.45
1619695785	1	00000	00000	0	0	0.14	1	0.56	0.00	0000.03	0.24	2.16	4.50
1619695795	2	00000	00000	0	0	0.14	1	0.71	0.00	0000.01	0.31	1.10	8.76
1619695805	2	00000	00000	0	0	0.14	1	0.71	0.00	0000.01	0.31	1.10	8.76
1619695815	0	00000	00000	0	0	0.14	1	0.65	0.00	0000.20	0.27	1.51	3.90
1619695825	1	00000	00000	0	0	0.14	1	0.84	0.00	0000.00	0.34	1.92	19.69
1619695835	2	00000	00000	0	0	0.14	1	0.70	0.00	0000.00	0.31	1.14	46.96
1619695845	1	00000	00000	0	0	0.14	1	0.70	0.00	0000.00	0.31	1.14	46.96
1619695855	1	00000	00000	0	0	0.14	1	0.77	0.00	0000.01	0.29	1.71	12.96
1619695865	1	00000	00000	0	0	0.14	1	0.89	0.00	0000.00	0.31	0.35	23.55
1619695875	0	00000	00000	0	0	0.14	1	0.59	0.00	0000.01	0.26	2.25	7.85
1619695885	2	00000	00000	0	0	0.14	1	0.81	0.00	0000.01	0.31	2.47	9.30
1619695895	0	00000	00000	0	0	0.14	1	0.81	0.00	0000.01	0.31	2.47	9.30
1619695905	0	00000	00000	0	0	0.14	1	0.77	0.00	0000.01	0.39	1.30	6.38
1619695915	2	00000	00000	0	0	0.14	1	0.85	0.00	0000.00	0.35	0.61	27.84
1619695925	2	00000	00000	0	0	0.14	1	0.85	0.00	0000.00	0.35	0.61	27.84
1619695935	0	00000	00000	0	0	0.14	1	0.76	0.00	0000.00	0.24	1.96	32.40
1619695945	1	00000	00000	0	0	0.14	1	0.52	0.00	0000.04	0.39	1.55	4.30
1619695955	0	00000	00000	0	0	0.14	1	0.57	0.00	0000.01	0.38	0.88	5.85
1619695965	1	00000	00000	0	0	0.14	1	0.81	0.00	0000.00	0.45	0.16	15.78
1619695975	2	00000	00000	0	0	0.14	1	0.81	0.00	0000.00	0.45	0.16	15.78
1619695985	2	00000	00000	0	0	0.14	1	0.70	0.00	0000.00	0.27	1.33	14.36
1619695995	2	00000	00000	0	0	0.14	1	0.79	0.00	0000.01	0.34	0.54	8.11
1619696005	0	00000	00000	0	0	0.14	1	0.79	0.00	0000.01	0.34	0.54	8.11
1619696015	2	00000	00000	0	0	0.14	1	0.72	0.00	0000.00	0.34	0.35	20.10
1619696025	1	00000	00000	0	0	0.14	1	0.63	0.00	0000.14	0.31	1.18	3.96
1619696035	2	00000	00000	0	0	0.14	1	0.63	0.00	0000.01	0.30	0.76	7.66
1619696045	0	00000	00000	0	0	0.14	1	0.63	0.00	0000.01	0.30	0.76	7.66
1619696055	0	00000	00000	0	0	0.14	1	0.66	0.00	0000.00	0.37	1.52	35.00
1619696065	0	00000	00000	0	0	0.14	1	0.68	0.00	0000.01	0.29	0.57	8.82
1619696075	2	00000	00000	0	0	0.14	1	0.82	0.00	0000.01	0.34	1.08	6.67
1619696085	0	00000	00000	0	0	0.14	1	0.82	0.00	0000.01	0.34	1.08	6.67
1619696096	0	00000	00000	0	0	0.14	1	0.58	0.00	0000.01	0.30	0.63	5.38
1619696106	0	00000	00000	0	0	0.14	1	0.54	0.00	0000.04	0.33	0.78	4.32
1619696116	0	00000	00000	0	0	0.14	1	0.64	0.00	0000.16	0.29	1.11	3.94
1619696126	1	00000	00000	0	0	0.14	1	0.65	0.00	0000.16	0.33	1.41	3.94
1619696136	2	00000	00000	0	0	0.14	1	0.65	0.00	0000.16	0.33	1.41	3.94
1619696146	2	00000	00000	0	0	0.14	1	0.82	0.00	0000.00	0.32	0.98	16.17
1619696156	1	00000	00000	0	0	0.14	1	0.43	0.00	0000.18	0.24	2.03	3.88
1619696166	2	00000	00000	0	0	0.14	1	0.74	0.00	0000.05	0.41	0.51	4.32
1619696176	2	00000	00000	0	0	0.14	1	0.74	0.00	0000.05	0.41	0.51	4.32
1619696186	2	00000	00000	0	0	0.14	1	0.60	0.00	0000.02	0.35	1.41	5.34
1619696196	1	00000	00000	0	0	0.14	1	0.51	0.00	0000.02	0.24	2.45	4.80
1619696206	2	00000	00000	0	0	0.14	1	0.62	0.00	0000.02	0.36	1.84	5.47
1619696216	0	00000	00000	0	0	0.14	1	0.62	0.00	0000.02	0.36	1.84	5.47
1619696226	1	00000	00000	0	0	0.14	1	0.65	0.00	0000.01	0.47	1.61	5.69
1619696236	0	00000	00000	0	0	0.14	1	0.58	0.00	0000.01	0.44	0.96	7.71
1619696246	0	00000	00000	0	0	0.14	1	0.90	0.00	0000.00	0.36	1.07	21.66
1619696256	2	00000	00000	0	0	0.14	1	0.83	0.00	0000.02	0.33	1.67	5.89
1619696266	1	00000	00000	0	0	0.14	1	0.83	0.00	0000.02	0.33	1.67	5.89
1619696276	2	00000	00000	0	0	0.14	1	0.72	0.00	0000.00	0.29	1.94	46.72
1619696286	2	00000	00000	0	0	0.14	1	0.61	0.00	0000.01	0.26	2.17	6.31
1619696296	1	00000	00000	0	0	0.14	1	0.61	0.00	0000.01	0.26	2.17	6.31
1619696306	0	00000	00000	0	0	0.14	1	0.69	0.00	0000.00	0.26	1.77	17.26
1619696316	2	00000	00000	0	0	0.14	1	0.84	0.00	0000.01	0.33	1.49	15.29
1619696326	2	00000	00000	0	0	0.14	1	0.68	0.00	0000.00	0.27	1.50	26.87
1619696336	1	00000	00000	0	0	0.14	1	0.68	0.00	0000.00	0.27	1.50	26.87
1619696346	1	00000	00000	0	0	0.14	1	0.52	0.00	0000.00	0.31	1.55	9.75
1619696356	2	00000	00000	0	0	0.14	1	0.98	0.00	0000.01	0.31	0.25	16.68
1619696366	1	00000	00000	0	0	0.14	1	0.68	0.00	0000.00	0.25	1.91	25.29
1619696376	0	00000	00000	0	0	0.14	1	0.68	0.00	0000.00	0.25	1.91	25.29
1619696386	0	00000	00000	0	0	0.14	1	0.90	0.00	0000.00	0.34	0.17	50.00
1619696396	1	00000	00000	0	0	0.14	1	0.81	0.00	0000.02	0.30	1.11	6.11
1619696406	1	00000	00000	0	0	0.14	1	0.74	0.00	0000.07	0.32	0.90	4.19
1619696416	0	00000	00000	0	0	0.14	1	0.76	0.00	0000.07	0.24	2.21	4.21
1619696426	0	00000	00000	0	0	0.14	1	0.76	0.00	0000.07	0.24	2.21	4.21
1619696436	0	00000	00000	0	0	0.14	1	0.80	0.00	0000.00	0.31	2.24	50.00
1619696446	2	00000	00000	0	0	0.14	1	0.85	0.00	0000.00	0.34	1.91	35.52
1619696456	2	00000	00000	0	0	0.14	1	0.50	0.00	0000.14	0.26	1.75	3.92
1619696466	0	00000	00000	0	0	0.14	1	0.50	0.00	0000.14	0.26	1.75	3.92
1619696476	2	00000	00000	0	0	0.14	1	0.97	0.00	0000.02	0.31	0.96	5.54
1619696486	2	00000	00000	0	0	0.14	1	0.78	0.00	0000.00	0.27	1.79	23.84
1619696496	2	00000	00000	0	0	0.14	1	0.69	0.00	0000.01	0.28	1.18	6.25
1619696506	0	00000	00000	0	0	0.14	1	0.69	0.00	0000.01	0.28	1.18	6.25
1619696516	1	00000	00000	0	0	0.14	1	0.87	0.00	0000.01	0.31	1.11	7.97
1619696526	0	00000	00000	0	0	0.14	1	0.83	0.00	0000.01	0.31	1.59	12.59
1619696536	1	00000	00000	0	0	0.14	1	0.60	0.00	0000.23	0.47	0.61	3.89
1619696546	0	00000	00000	0	0	0.14	1	0.54	0.00	0000.02	0.36	0.63	4.70
1619696556	2	00000	00000	0	0	0.14	1	0.54	0.00	0000.02	0.36	0.63	4.70
1619696566	0	00000	00000	0	0	0.14	1	0.69	0.00	0000.00	0.29	1.16	22.58
1619696576	2	00000	00000	0	0	0.14	1	0.72	0.00	0000.13	0.33	1.42	4.00
1619696586	0	00000	00000	0	0	0.14	1	0.62	0.00	0000.01	0.31	0.97	7.21
1619696596	1	00000	00000	0	0	0.14	1	0.62	0.00	0000.01	0.31	0.97	7.21
1619696607	0	00000	00000	0	0	0.14	1	0.80	0.00	0000.00	0.35	0.19	49.91
1619696617	2	00000	00000	0	0	0.14	1	0.76	0.00	0000.01	0.29	0.50	9.92
1619696627	2	00000	00000	0	0	0.14	1	0.74	0.00	0000.00	0.32	1.22	15.75
1619696637	2	00000	00000	0	0	0.14	1	0.74	0.00	0000.00	0.32	1.22	15.75
1619696647	0	00000	00000	0	0	0.14	1	0.75	0.00	0000.01	0.29	1.24	11.08
1619696657	1	00000	00000	0	0	0.14	1	0.75	0.00	0000.01	0.29	1.24	11.08
1619696667	2	00000	00000	0	0	0.14	1	0.62	0.00	0000.04	0.35	0.80	4.37
1619696677	0	00000	00000	0	0	0.14	1	0.62	0.00	0000.04	0.35	0.80	4.37
1619696687	1	00000	00000	0	0	0.14	1	0.68	0.00	0000.01	0.28	1.14	6.71
1619696697	0	00000	00000	0	0	0.14	1	0.68	0.00	0000.01	0.28	1.14	6.71
1619696707	2	00000	00000	0	0	0.14	1	0.80	0.00	0000.00	0.33	1.51	18.99
1619696717	2	00000	00000	0	0	0.14	1	0.80	0.00	0000.00	0.33	1.51	18.99
1619696727	2	00000	00000	0	0	0.14	1	0.44	0.00	0000.02	0.29	1.02	4.79
1619696737	2	00000	00000	0	0	0.14	1	0.44	0.00	0000.02	0.29	1.02	4.79
1619696747	2	00000	00000	0	0	0.14	1	0.55	0.00	0000.20	0.25	0.92	3.89
1619696757	0	00000	00000	0	0	0.14	1	0.55	0.00	0000.20	0.25	0.92	3.89
