1643388776	0	8	8	32	194	123	10	0.74	43	0	3.35	7	14.51
1643388796	2	14	30	25	204	124	10	0.47	33	33	2.98	9	15.84
1643388816	1	13	15	25	186	125	10	0.72	39	0	3.52	14	25.36
1643388836	0	5	8	30	200	125	10	0.69	44	7	2.42	8	4.16
1643388856	2	12	30	22	250	125	10	0.79	35	1	3.76	12	18.92
1643388883	0	11	8	30	241	121	4	0.70	30	1	2.98	11	6.60
1643388903	2	13	30	27	246	122	4	0.69	35	0	3.92	10	35.68
1643388923	0	10	8	34	216	121	4	0.79	45	0	3.27	13	28.71
1643388943	0	6	8	28	224	123	4	0.81	52	1	3.14	6	7.65
1643388963	1	14	15	25	221	126	4	0.82	38	11	3.66	13	10.06
1643388990	0	4	8	33	154	122	4	0.52	43	1	3.30	16	5.21
1643389010	0	5	8	31	174	123	4	0.71	44	5	3.35	10	4.30
1643389030	1	4	15	30	184	124	4	0.69	33	22	3.52	7	9.90
1643389050	1	15	15	36	231	124	4	0.50	30	54	2.68	3	9.83
1643389070	2	8	30	36	137	124	4	0.60	43	3	2.66	14	16.53
1643389098	0	12	8	29	176	122	7	0.77	36	3	4.30	8	4.82
1643389118	0	9	8	39	177	123	7	0.80	86	1	3.10	14	7.25
1643389138	0	8	8	37	160	124	7	0.64	57	0	2.54	20	18.76
1643389158	0	8	8	38	153	124	7	0.72	61	1	2.46	16	7.80
1643389178	1	7	15	35	200	125	7	0.83	57	1	3.05	15	17.03
1643389205	1	17	15	27	183	122	5	0.86	69	3	3.54	8	11.16
1643389225	1	14	15	35	234	123	5	0.70	31	2	3.01	10	11.13
1643389245	1	19	15	30	192	123	5	0.66	45	3	3.12	1	10.66
1643389265	2	12	30	29	218	124	5	0.84	54	1	3.41	10	20.53
1643389285	0	14	8	35	165	125	5	0.77	61	5	3.09	19	4.33
1643389312	2	19	30	24	235	123	7	0.69	45	5	3.49	19	16.27
1643389332	0	6	8	41	171	124	7	0.84	54	0	3.26	24	48.71
1643389352	0	7	8	31	147	125	7	0.81	70	1	2.30	11	7.74
1643389372	1	11	15	23	206	125	7	0.78	29	0	3.17	7	25.21
1643389392	2	20	30	12	270	125	7	0.54	26	2	4.97	13	16.79
1643389419	1	12	15	26	179	122	7	0.70	33	0	3.32	15	22.74
1643389439	0	7	8	28	184	123	7	0.77	46	6	3.22	6	4.29
1643389459	1	17	15	24	238	124	7	0.86	34	0	3.88	8	33.49
1643389479	2	22	30	21	249	125	7	0.84	39	3	3.13	11	17.08
1643389500	1	14	15	27	208	125	7	0.66	27	6	2.96	11	10.22
1643389527	2	29	30	21	269	122	3	0.90	27	1	3.71	9	19.52
1643389547	1	21	15	21	241	123	3	0.89	44	0	3.84	14	27.08
1643389567	1	15	15	27	177	122	3	0.64	39	23	2.91	3	9.89
1643389587	0	8	8	32	157	123	3	0.77	34	0	3.70	0	24.84
1643389607	1	15	15	29	208	124	3	0.67	40	13	2.82	4	9.98
1643389634	0	7	8	31	170	122	5	0.62	36	1	3.49	17	5.63
1643389654	2	17	30	27	251	123	5	0.57	57	26	2.41	20	15.87
1643389674	0	3	8	30	148	124	5	0.70	39	1	4.76	16	7.03
1643389694	0	10	8	26	138	124	5	0.61	30	12	3.03	12	3.98
1643389714	2	8	30	26	258	125	5	0.81	86	1	3.25	16	18.91
1643389741	0	7	8	36	162	121	6	0.77	72	1	2.87	17	8.16
1643389761	2	9	30	38	183	123	6	0.73	59	0	2.55	18	42.41
1643389781	0	11	8	36	176	124	6	0.74	58	8	2.82	3	4.13
1643389801	0	3	8	32	120	124	6	0.73	54	1	2.80	6	6.00
1643389821	1	12	15	35	178	125	6	0.77	66	0	2.82	19	45.22
1643389848	1	13	15	29	234	122	4	0.67	46	7	2.33	10	10.15
1643389869	2	32	30	29	273	123	4	0.76	43	1	3.42	16	21.32
1643389889	2	24	30	28	250	125	4	0.67	41	8	3.46	4	16.11
1643389909	1	5	15	29	212	124	4	0.68	45	5	2.84	17	10.31
1643389929	0	5	8	34	166	125	4	0.62	48	5	2.98	14	4.21
1643389956	1	20	15	27	198	122	6	0.67	34	0	3.63	9	24.21
1643389976	0	3	8	30	188	123	6	0.81	44	0	3.61	2	41.93
1643389996	0	10	8	30	194	124	6	0.51	36	3	3.09	6	4.38
1643390016	0	8	8	32	139	125	6	0.66	30	1	2.78	1	7.73
1643390036	0	8	8	27	148	126	6	0.75	42	3	2.82	13	4.73
1643390063	0	10	8	29	172	122	8	0.75	33	0	3.25	6	16.67
1643390083	2	8	30	28	171	122	8	0.47	30	74	2.74	8	15.82
1643390103	2	12	30	32	123	123	8	0.69	47	4	2.91	18	16.45
1643390123	2	5	30	30	114	123	8	0.61	26	28	2.58	9	15.87
1643390143	0	6	8	29	178	123	8	0.81	45	0	3.27	15	28.12
1643390170	1	14	15	27	202	122	9	0.57	27	1	3.39	10	13.53
1643390190	2	11	30	25	212	124	9	0.86	35	1	3.95	0	22.15
1643390210	1	13	15	28	204	124	9	0.63	45	11	3.31	1	9.99
1643390230	2	23	30	27	226	124	9	0.71	38	14	3.48	15	15.97
1643390251	1	16	15	28	208	125	9	0.77	35	5	4.23	12	10.41
1643390278	2	28	30	25	202	122	10	0.52	47	55	2.99	23	15.83
1643390298	0	4	8	30	179	123	10	0.81	35	3	4.23	14	4.76
1643390318	0	10	8	38	140	125	10	0.71	48	0	3.85	3	27.39
1643390338	1	13	15	31	174	125	10	0.85	70	2	3.04	5	11.77
1643390358	1	12	15	26	223	125	10	0.84	57	0	3.21	16	55.88
1643390385	0	7	8	35	172	128	5	0.59	61	6	2.40	22	4.13
1643390405	0	6	8	31	200	128	5	0.74	78	14	2.90	5	3.98
1643390425	0	11	8	33	132	128	5	0.77	53	1	2.62	2	11.25
1643390445	2	23	30	28	198	129	5	0.71	44	1	3.59	2	23.64
1643390465	2	29	30	27	260	129	5	0.86	50	1	3.80	17	24.11
1643390492	2	23	30	27	235	121	1	0.89	58	2	3.50	16	17.44
1643390512	2	19	30	20	238	122	1	0.95	29	0	3.31	4	54.20
1643390532	0	45	8	29	219	123	1	0.68	56	28	3.37	19	3.88
1643390552	0	8	8	31	132	126	1	0.78	42	1	3.03	12	10.97
1643390572	2	8	30	30	171	127	1	0.80	49	0	3.32	1	35.97
1643390599	1	8	15	24	153	127	4	0.51	19	1	4.72	3	11.63
1643390619	0	12	8	22	182	128	4	0.86	49	1	3.51	7	12.90
1643390640	1	15	15	25	209	129	4	0.61	40	2	2.77	10	11.26
1643390660	0	18	8	20	148	129	4	0.71	37	0	3.76	0	47.91
1643390680	1	18	15	25	230	129	4	0.72	40	16	2.87	6	9.95
1643390707	0	7	8	32	170	122	6	0.74	43	0	2.92	16	29.28
1643390727	2	17	30	26	233	123	6	0.56	44	20	2.47	9	15.89
1643390747	0	5	8	31	198	124	6	0.86	44	1	3.63	15	6.37
1643390767	1	10	15	28	202	124	6	0.46	36	18	3.21	2	9.88
1643390787	1	15	15	29	226	124	6	0.85	35	0	3.93	3	26.29
1643390814	2	26	30	27	225	128	10	0.68	32	1	3.91	8	21.84
1643390834	2	10	30	25	220	129	10	0.77	30	2	3.50	8	17.56
1643390854	1	6	15	25	206	129	10	0.68	40	20	3.43	6	9.91
1643390874	0	8	8	32	172	129	10	0.70	41	1	3.85	16	6.47
1643390894	0	5	8	31	189	130	10	0.74	43	2	2.41	6	5.46
1643390921	2	19	30	26	245	127	4	0.89	59	0	3.73	19	53.44
1643390941	2	29	30	28	239	122	4	0.84	68	1	3.42	16	20.77
1643390961	0	136	8	20	0	94	4	0.90	55	1	3.37	11	12.17
1643390981	0	7	8	38	200	123	4	0.60	48	2	2.67	22	4.93
1643391001	0	6	8	31	177	124	4	0.57	32	1	2.68	0	7.26
1643391029	1	17	15	34	216	122	1	0.83	60	0	3.33	20	45.20
1643391049	2	18	30	30	250	123	1	0.80	46	1	3.22	9	23.66
1643391069	0	3	8	34	142	124	1	0.71	44	4	3.53	20	4.41
1643391089	2	19	30	23	256	124	1	0.87	57	1	3.55	17	21.16
1643391109	0	8	8	32	179	125	1	0.84	49	0	3.26	22	35.41
1643391136	2	30	30	28	266	122	8	0.89	63	1	3.33	24	23.03
1643391156	1	13	15	26	228	129	8	0.88	42	1	3.87	12	18.60
1643391176	0	9	8	33	135	130	8	0.85	55	0	3.72	2	45.34
1643391196	1	17	15	29	209	131	8	0.53	25	5	4.49	6	10.22
1643391216	1	15	15	25	234	131	8	0.88	24	10	3.16	0	10.10
1643391243	0	11	8	28	175	122	2	0.73	20	0	3.14	7	13.87
1643391263	1	17	15	25	208	123	2	0.77	37	0	2.92	9	26.43
1643391283	2	25	30	26	215	123	2	0.73	38	4	3.51	13	16.51
1643391303	0	8	8	33	129	123	2	0.41	29	3	2.92	13	4.37
1643391323	2	20	30	25	224	124	2	0.72	25	15	3.21	9	15.96
1643391350	2	12	30	24	229	127	4	0.88	41	0	3.71	13	37.11
1643391370	1	14	15	25	210	128	4	0.88	36	0	3.47	7	55.97
1643391391	2	20	30	26	176	129	4	0.82	44	5	3.72	17	16.41
1643391411	0	8	8	32	177	129	4	0.71	45	8	3.56	13	4.11
1643391431	0	8	8	30	180	130	4	0.45	52	95	2.97	2	3.81
1643391458	0	8	8	37	198	122	6	0.49	41	3	2.71	19	4.49
1643391478	1	6	15	35	155	123	6	0.49	36	9	2.64	15	9.99
1643391498	0	7	8	28	169	124	6	0.79	45	2	3.49	19	5.28
1643391518	1	10	15	37	150	125	6	0.90	60	0	2.77	5	50.52
1643391538	1	9	15	34	192	125	6	0.72	71	2	2.66	12	11.10
1643391565	1	8	15	27	216	122	5	0.73	59	0	2.60	17	41.40
1643391585	2	21	30	27	258	124	5	0.73	51	0	3.47	16	51.52
1643391605	0	6	8	26	140	124	5	0.72	42	0	2.98	1	35.16
1643391625	2	11	30	25	225	124	5	0.75	63	0	2.62	14	50.87
1643391645	1	11	15	28	238	128	5	0.73	62	13	3.22	19	9.99
1643391672	1	17	15	32	179	122	10	0.82	59	0	3.29	23	35.42
1643391692	1	14	15	34	235	123	10	0.83	55	0	3.27	18	49.18
1643391712	2	9	30	21	210	124	10	0.71	44	4	3.28	18	16.54
1643391732	1	12	15	32	233	125	10	0.59	48	7	3.58	22	10.08
1643391752	1	14	15	24	173	125	10	0.83	29	0	3.05	13	34.51
1643391780	1	9	15	29	190	121	2	0.82	41	0	3.29	13	21.89
1643391800	0	5	8	29	214	123	2	0.48	35	77	3.60	10	3.81
1643391820	2	35	30	13	265	125	2	0.75	25	27	3.05	1	15.89
1643391840	0	5	8	24	131	125	2	0.76	19	0	3.09	4	16.91
1643391860	0	8	8	27	176	125	2	0.75	37	0	3.58	2	30.57
1643391887	0	9	8	30	141	127	6	0.46	36	47	3.09	11	3.83
1643391907	1	16	15	26	210	127	6	0.81	40	1	3.46	8	17.09
1643391927	0	6	8	32	174	127	6	0.73	23	3	3.20	8	4.65
1643391947	2	18	30	26	171	128	6	0.82	30	2	3.44	0	17.80
1643391967	2	16	30	25	224	128	6	0.69	34	1	3.49	11	18.26
1643391994	0	7	8	26	170	121	2	0.68	22	2	3.00	8	5.59
1643392014	0	5	8	29	176	123	2	0.62	34	1	2.72	7	5.64
1643392034	0	7	8	25	184	124	2	0.58	36	2	4.04	16	5.00
1643392054	0	11	8	36	120	124	2	0.73	48	17	3.07	16	3.94
1643392074	1	6	15	36	162	124	2	0.27	28	23	2.52	15	9.83
1643392101	0	8	8	23	129	122	6	0.75	86	1	3.11	4	6.15
1643392121	0	5	8	34	169	123	6	0.91	60	0	2.87	7	45.82
1643392141	2	29	30	28	252	124	6	0.69	72	2	2.69	20	17.67
1643392162	0	5	8	32	164	123	6	0.73	55	0	2.60	18	15.46
1643392182	0	10	8	35	175	124	6	0.66	60	3	2.57	21	4.66
1643392209	2	18	30	24	210	127	5	0.89	53	0	3.21	15	62.00
1643392229	1	3	15	34	256	128	5	0.91	68	0	2.99	16	51.26
1643392249	1	15	15	32	182	129	5	0.82	52	2	3.27	16	12.21
1643392269	2	20	30	27	243	130	5	0.91	72	13	2.88	29	16.05
1643392289	1	28	30	27	236	131	5	0.91	59	0	3.63	19	56.00
1643392316	0	7	8	42	212	122	3	0.47	42	27	2.42	21	3.85
1643392336	2	18	30	26	245	124	3	0.59	53	4	2.80	18	16.37
1643392356	2	20	30	25	252	128	3	0.88	42	1	3.87	12	24.60
1643392376	0	4	8	32	135	128	3	0.72	42	0	2.70	13	14.49
1643392396	0	5	8	32	160	130	3	0.28	20	15	2.71	6	3.86
1643392423	0	8	8	34	182	121	6	0.69	40	1	3.05	15	7.10
1643392443	0	8	8	31	165	123	6	0.75	34	0	3.30	7	21.96
1643392463	0	6	8	25	176	123	6	0.75	40	1	3.42	2	10.33
1643392483	0	8	8	32	135	124	6	0.65	27	1	2.96	8	6.54
1643392503	1	8	15	32	204	124	6	0.76	44	5	3.14	5	10.38
1643392530	0	6	8	28	186	128	4	0.54	28	25	2.64	13	3.87
1643392551	2	17	30	26	204	129	4	0.66	34	17	2.89	9	15.93
1643392571	1	16	15	26	158	130	4	0.64	18	1	3.26	6	17.00
1643392591	1	11	15	24	200	131	4	0.71	28	7	2.94	4	10.17
1643392611	2	22	30	27	224	131	4	0.59	53	4	3.13	20	16.31
1643392638	0	5	8	29	174	121	10	0.52	26	2	3.55	9	4.86
1643392658	2	6	30	34	182	123	10	0.54	39	7	2.84	15	16.09
1643392678	1	8	15	35	157	123	10	0.60	44	3	2.48	15	10.63
1643392698	1	4	15	28	106	124	10	0.70	43	0	3.57	1	33.06
1643392718	2	7	30	36	146	124	10	0.77	62	0	2.75	18	43.60
1643392745	0	8	8	37	149	126	3	0.74	57	0	2.52	10	47.61
1643392765	2	20	30	27	233	128	3	0.94	56	0	3.55	1	58.76
1643392785	2	32	30	28	249	129	3	0.82	67	2	3.07	25	17.75
1643392805	1	18	15	34	220	126	3	0.79	41	0	3.22	10	52.32
1643392825	0	8	8	40	168	127	3	0.81	55	0	2.92	5	49.98
1643392852	0	8	8	36	226	122	5	0.71	49	1	2.60	13	6.76
1643392872	1	7	15	38	160	123	5	0.78	86	6	2.73	20	10.30
1643392892	0	8	8	36	204	124	5	0.74	59	0	2.31	21	49.43
1643392912	1	11	15	33	159	124	5	0.65	45	4	2.84	12	10.48
1643392932	1	6	15	38	192	125	5	0.67	57	3	2.68	1	10.79
1643392960	0	8	8	32	155	122	6	0.84	52	0	3.01	7	23.72
1643392980	1	3	15	33	222	122	6	0.84	57	0	2.57	12	54.67
1643393000	2	5	30	31	167	123	6	0.34	20	18	3.33	11	15.86
1643393020	0	6	8	32	180	124	6	0.62	33	1	2.80	15	8.11
1643393040	2	8	30	24	169	124	6	0.66	46	15	2.50	16	15.96
1643393067	2	28	30	17	264	121	9	0.84	26	1	3.46	4	18.87
1643393087	0	11	8	25	173	121	9	0.73	28	1	3.89	10	10.79
1643393107	2	22	30	27	235	123	9	0.65	45	10	3.38	19	16.04
1643393127	1	7	15	24	139	123	9	0.82	41	1	3.63	8	18.04
1643393147	1	19	15	27	214	124	9	0.87	40	0	3.51	6	34.30
1643393174	2	21	30	25	234	128	4	0.56	33	31	2.80	17	15.86
1643393194	0	8	8	30	183	128	4	0.88	48	1	3.56	11	7.83
1643393214	2	10	30	24	152	129	4	0.80	46	2	4.69	15	18.05
1643393234	2	15	30	25	196	129	4	0.53	25	32	2.77	9	15.85
1643393254	0	7	8	41	178	130	4	0.74	37	3	4.66	8	4.87
1643393281	0	9	8	28	180	126	4	0.60	21	1	3.17	8	6.16
1643393301	1	17	15	31	219	128	4	0.78	61	0	3.18	2	25.69
1643393321	2	34	30	29	271	128	4	0.91	76	0	2.97	14	31.53
1643393342	2	25	30	28	260	128	4	0.81	85	17	2.94	23	15.96
1643393362	0	7	8	33	174	123	4	0.86	54	0	3.60	18	30.93
1643393389	0	10	8	33	192	123	8	0.50	41	1	2.69	16	6.20
1643393409	1	19	15	28	231	124	8	0.69	42	0	3.31	1	55.84
1643393429	1	15	15	32	228	124	8	0.83	60	0	3.47	12	35.66
1643393449	0	8	8	32	174	125	8	0.75	53	0	2.88	17	18.19
1643393469	0	9	8	33	164	126	8	0.74	90	4	2.76	23	4.43
1643393496	0	6	8	35	182	127	9	0.76	54	1	2.79	14	11.65
1643393516	1	12	15	32	226	129	9	0.84	28	1	2.91	5	15.53
1643393536	0	11	8	33	142	130	9	0.63	49	5	3.54	9	4.26
1643393556	2	18	30	25	215	130	9	0.73	30	5	3.26	11	16.30
1643393576	0	8	8	32	181	130	9	0.91	55	2	3.18	15	6.30
1643393603	1	15	15	23	188	122	5	0.53	25	34	2.55	12	9.85
1643393623	0	9	8	31	174	123	5	0.86	37	1	4.43	6	10.38
1643393643	1	16	15	26	220	124	5	0.91	41	0	3.50	4	39.71
1643393663	0	10	8	26	148	125	5	0.72	18	1	2.87	6	6.03
1643393683	0	8	8	27	196	125	5	0.49	32	17	3.09	5	3.89
1643393711	0	3	8	26	144	122	7	0.66	26	2	3.16	8	5.50
1643393731	0	8	8	34	186	123	7	0.40	18	62	2.30	2	3.82
1643393751	0	8	8	33	176	124	7	0.64	42	8	2.55	16	4.09
1643393771	0	10	8	26	192	124	7	0.69	33	0	2.65	12	21.21
1643393791	2	6	30	28	137	125	7	0.49	34	91	2.62	4	15.81
1643393818	1	11	15	27	242	126	8	0.60	19	2	4.59	9	10.91
1643393838	2	19	30	26	248	127	8	0.58	32	22	3.54	14	15.89
1643393858	2	21	30	26	237	128	8	0.66	45	1	4.55	23	18.24
1643393878	0	7	8	31	188	128	8	0.63	33	0	3.83	1	16.96
1643393898	1	6	15	21	217	129	8	0.57	36	67	3.56	1	9.82
1643393925	2	27	30	30	249	122	6	0.86	72	2	3.29	17	17.48
1643393945	1	13	15	33	238	123	6	0.74	76	12	3.37	17	10.02
1643393965	1	13	15	28	172	124	6	0.81	57	0	3.33	23	26.83
1643393985	1	17	15	30	233	124	6	0.80	57	0	3.15	6	56.00
1643394005	2	35	30	28	214	125	6	0.85	70	3	3.52	8	17.09
1643394032	2	30	30	25	243	122	7	0.80	59	3	3.56	17	16.86
1643394052	2	17	30	21	261	124	7	0.88	57	0	3.56	21	33.66
1643394072	0	10	8	33	180	127	7	0.89	51	1	3.10	19	6.76
1643394092	2	48	30	29	251	128	7	0.90	58	0	3.21	15	34.24
1643394113	0	3	8	41	210	129	7	0.65	49	1	2.74	16	6.93
1643394140	1	12	15	28	220	121	10	0.84	30	0	3.07	14	46.73
1643394160	2	21	30	27	236	123	10	0.71	26	6	3.07	9	16.20
1643394180	0	4	8	33	139	123	10	0.68	51	7	3.19	5	4.15
1643394200	0	8	8	25	153	124	10	0.45	21	29	2.77	10	3.85
1643394220	1	19	15	27	200	125	10	0.85	39	1	3.50	0	18.13
1643394247	1	13	15	25	192	129	3	0.77	34	1	3.48	13	16.12
1643394267	2	12	30	24	212	130	3	0.82	26	1	3.15	4	21.75
1643394287	2	17	30	26	165	130	3	0.81	49	5	3.56	2	16.39
1643394307	0	8	8	27	190	130	3	0.67	24	1	3.27	7	11.44
1643394327	1	14	15	25	208	130	3	0.78	26	1	3.17	7	14.99
1643394354	2	27	30	23	233	121	8	0.84	47	8	2.85	15	16.15
1643394374	2	11	30	27	227	128	8	0.72	39	0	3.89	12	27.71
1643394394	2	19	30	26	226	129	8	0.78	24	2	3.15	9	17.62
1643394414	2	18	30	26	182	130	8	0.76	39	1	4.57	12	18.87
1643394434	1	10	15	25	216	131	8	0.51	25	40	2.72	8	9.84
1643394461	0	10	8	33	190	124	2	0.35	37	14	2.41	18	3.88
1643394482	1	18	15	27	237	125	2	0.64	37	1	2.78	2	11.89
1643394502	2	22	30	25	230	126	2	0.83	51	0	3.59	23	41.04
1643394522	1	11	15	33	253	127	2	0.87	60	0	3.38	18	55.96
1643394542	2	35	30	29	256	124	2	0.88	72	1	3.22	21	19.66
1643394569	0	7	8	35	170	122	9	0.70	58	0	2.45	23	13.29
1643394589	2	26	30	27	252	123	9	0.63	52	3	2.54	12	16.65
1643394609	2	27	30	28	229	124	9	0.79	48	3	3.62	9	16.82
1643394629	1	16	15	30	252	123	9	0.77	50	0	3.20	18	36.35
1643394649	2	31	30	27	274	124	9	0.91	53	3	2.82	2	17.05
1643394676	2	27	30	28	247	127	4	0.83	54	1	3.55	25	19.20
1643394696	1	14	15	32	221	123	4	0.88	65	3	2.85	20	11.03
1643394716	2	23	30	27	251	124	4	0.73	54	0	3.76	22	30.46
1643394736	0	7	8	32	190	125	4	0.77	67	0	2.95	23	18.63
1643394756	0	6	8	33	204	125	4	0.45	35	2	3.06	13	4.98
1643394783	2	10	30	24	181	125	8	0.61	20	4	5.50	8	16.42
1643394803	1	1	15	17	110	126	8	0.67	23	2	3.79	10	10.97
1643394823	1	14	15	27	182	127	8	0.79	43	2	3.21	15	11.40
1643394843	0	8	8	32	185	127	8	0.78	34	1	3.69	13	12.57
1643394864	2	6	30	19	175	128	8	0.75	37	0	3.62	3	49.32
1643394891	0	8	8	32	182	126	4	0.57	50	1	2.84	12	8.38
1643394911	2	18	30	25	229	127	4	0.69	45	4	2.76	7	16.47
1643394931	1	17	15	27	226	127	4	0.76	32	1	3.49	7	12.77
1643394951	2	18	30	25	221	127	4	0.85	37	0	3.32	7	32.42
1643394971	1	18	15	27	243	128	4	0.78	27	1	3.48	5	14.43
1643394998	1	24	15	28	192	122	3	0.66	56	0	3.18	21	19.48
1643395018	2	22	30	26	210	123	3	0.59	31	26	2.57	4	15.87
1643395038	2	22	30	28	262	124	3	0.58	39	1	4.68	18	18.90
1643395058	1	21	15	31	238	124	3	0.66	41	4	4.05	19	10.40
1643395078	2	4	30	24	196	124	3	0.61	36	1	3.44	8	19.67
1643395105	2	21	30	24	230	122	6	0.82	56	9	3.21	21	16.13
1643395125	0	5	8	35	171	123	6	0.84	68	0	3.18	19	15.38
1643395145	1	9	15	32	215	124	6	0.72	51	0	3.40	12	21.88
1643395165	2	41	30	25	267	125	6	0.93	65	0	2.96	1	43.15
1643395185	1	16	15	29	208	128	6	0.64	40	0	3.33	16	47.49
1643395212	2	29	30	29	245	131	6	0.74	55	1	3.48	22	19.33
1643395232	1	15	15	26	242	127	6	0.90	43	0	3.60	13	49.62
1643395253	0	9	8	33	136	129	6	0.86	47	2	3.28	5	5.44
1643395273	2	19	30	25	243	129	6	0.84	57	5	3.29	23	16.49
1643395293	0	6	8	38	214	128	6	0.85	56	0	3.16	19	29.86
1643395320	0	9	8	42	136	123	6	0.46	48	6	2.62	20	4.07
1643395340	2	16	30	25	204	125	6	0.86	29	1	3.13	4	23.28
1643395360	1	14	15	28	240	125	6	0.84	32	0	3.67	11	31.30
1643395380	1	11	15	23	192	125	6	0.57	22	23	3.18	9	9.88
1643395400	0	13	8	26	182	125	6	0.54	20	2	2.79	5	4.67
1643395427	1	6	15	21	212	122	5	0.67	36	4	2.88	9	10.43
1643395447	0	9	8	21	196	123	5	0.81	32	3	3.50	9	4.70
1643395467	0	4	8	25	139	123	5	0.81	35	0	3.26	7	18.79
1643395487	0	9	8	33	136	123	5	0.77	50	0	2.89	13	16.66
1643395507	2	20	30	16	253	124	5	0.81	46	0	3.80	1	62.00
1643395534	2	14	30	26	215	122	4	0.79	31	1	3.50	7	19.60
1643395554	2	17	30	27	226	123	4	0.84	38	1	3.28	11	25.43
1643395574	0	6	8	27	183	124	4	0.73	32	4	3.13	9	4.53
1643395594	2	15	30	26	224	124	4	0.66	55	8	3.41	4	16.11
1643395614	1	14	15	28	231	125	4	0.67	38	45	4.12	1	9.85
1643395642	2	22	30	26	255	128	2	0.71	36	2	4.68	17	17.62
1643395662	2	20	30	27	258	129	2	0.64	42	1	4.99	1	18.46
1643395682	2	20	30	26	245	130	2	0.86	46	3	4.72	7	16.82
1643395702	1	7	15	28	220	131	2	0.80	64	1	3.40	16	18.44
1643395722	0	8	8	33	170	131	2	0.77	65	0	2.98	22	49.98
1643395749	2	7	30	29	251	122	1	0.83	54	1	3.40	12	25.79
1643395769	1	19	15	31	220	123	1	0.90	57	1	3.68	15	17.62
1643395789	2	29	30	25	252	124	1	0.80	71	63	3.03	4	15.84
1643395809	1	13	15	27	249	126	1	0.74	54	1	3.57	22	14.00
1643395829	0	11	8	37	169	121	1	0.64	58	1	2.79	17	7.32
1643395856	2	33	30	29	264	122	2	0.66	48	3	2.69	6	16.64
1643395876	2	19	30	27	240	122	2	0.81	46	0	3.67	7	59.96
1643395896	2	29	30	28	250	127	2	0.76	34	1	3.54	12	21.94
1643395916	0	9	8	34	182	129	2	0.83	58	0	3.48	20	49.94
1643395936	1	15	15	25	236	129	2	0.80	59	0	2.73	17	26.71
1643395963	0	9	8	33	206	131	2	0.54	30	3	3.31	18	4.53
1643395983	1	13	15	26	202	132	2	0.38	22	14	3.79	13	9.89
1643396003	2	18	30	25	247	133	2	0.77	28	0	3.85	5	29.82
1643396023	2	24	30	27	240	134	2	0.78	45	5	3.21	15	16.41
1643396044	1	6	15	19	200	134	2	0.76	32	1	3.69	13	16.24
1643396071	0	6	8	29	153	121	2	0.70	30	0	3.04	11	14.66
1643396091	1	9	15	33	188	123	2	0.76	50	3	3.09	1	10.63
1643396111	1	5	15	30	186	124	2	0.74	42	0	3.00	12	35.61
1643396131	0	4	8	26	188	124	2	0.72	35	0	2.86	11	12.99
1643396151	1	7	15	29	145	124	2	0.73	35	0	3.05	15	21.72
1643396178	1	18	15	30	194	122	1	0.58	39	10	3.52	18	10.00
1643396198	1	22	15	27	235	122	1	0.74	44	8	3.63	4	10.11
1643396218	1	10	15	23	169	123	1	0.66	33	7	4.62	2	10.16
1643396238	0	9	8	35	196	124	1	0.59	54	6	2.63	27	4.17
1643396258	1	16	15	30	236	124	1	0.56	42	6	3.16	2	10.16
1643396285	2	25	30	26	279	122	10	0.89	45	3	4.68	12	16.95
1643396305	0	7	8	38	210	124	10	0.89	86	1	3.28	18	8.38
1643396325	1	14	15	32	176	125	10	0.84	73	1	3.19	10	14.81
1643396345	2	42	30	29	278	125	10	0.87	60	0	3.54	18	50.92
1643396365	1	19	15	32	220	122	10	0.80	59	0	2.98	23	25.90
1643396392	1	13	15	28	184	122	9	0.85	70	5	3.53	8	10.45
1643396412	1	15	15	31	223	123	9	0.69	33	4	2.89	10	10.38
1643396433	1	20	15	30	174	124	9	0.75	46	1	3.09	14	12.68
1643396453	1	16	15	29	234	124	9	0.60	39	4	3.45	20	10.34
1643396473	1	18	15	33	202	125	9	0.75	52	2	2.78	19	11.82
1643396500	1	17	15	31	240	123	9	0.81	39	0	3.44	12	27.02
1643396520	0	6	8	32	190	124	9	0.83	64	0	3.05	9	42.50
1643396540	2	23	30	27	206	124	9	0.71	39	0	4.04	10	24.79
1643396560	0	9	8	33	206	124	9	0.80	52	0	3.38	1	27.28
1643396580	1	7	15	23	217	124	9	0.73	44	1	2.69	14	17.75
1643396607	1	10	15	25	206	123	2	0.71	33	0	3.38	15	21.68
1643396627	2	15	30	25	220	124	2	0.76	44	6	3.07	10	16.28
1643396647	1	14	15	23	174	124	2	0.83	37	0	3.66	5	42.16
1643396667	1	11	15	25	216	124	2	0.81	38	2	3.52	14	11.10
1643396687	0	9	8	33	176	125	2	0.54	24	13	2.74	10	3.94
1643396714	1	13	15	26	243	123	4	0.84	26	0	3.50	9	21.47
1643396734	1	26	15	26	227	123	4	0.87	36	1	3.80	0	18.11
1643396754	1	25	15	28	170	124	4	0.67	33	1	3.47	10	11.79
1643396774	2	23	30	27	224	125	4	0.87	36	0	3.90	1	28.87
1643396794	1	17	15	28	204	125	4	0.78	31	4	3.64	4	10.63
1643396822	2	15	30	26	227	123	1	0.73	36	1	5.23	17	18.08
1643396842	0	10	8	33	180	125	1	0.65	71	32	2.71	7	3.87
1643396862	2	39	30	29	237	125	1	0.64	40	2	3.41	15	17.19
1643396882	0	5	8	25	129	126	1	0.61	29	10	3.12	10	4.00
1643396902	1	10	15	27	242	126	1	0.74	85	1	2.98	17	12.34
1643396929	1	16	15	30	204	122	7	0.85	71	1	3.25	17	14.99
1643396949	2	15	30	34	227	123	7	0.86	60	0	3.17	5	36.10
1643396969	1	14	15	32	194	124	7	0.72	59	0	3.00	21	35.41
1643396989	2	6	30	27	206	124	7	0.84	77	0	3.07	1	62.00
1643397009	0	8	8	39	188	125	7	0.77	42	0	3.19	9	33.25
1643397036	2	17	30	25	251	123	1	0.80	41	1	3.47	11	22.13
1643397056	0	9	8	36	182	124	1	0.92	54	0	3.81	15	22.18
1643397076	0	3	8	32	196	125	1	0.68	59	5	2.59	12	4.34
1643397096	0	3	8	32	137	125	1	0.29	43	70	2.33	13	3.81
1643397116	2	7	30	27	248	126	1	0.87	63	0	3.67	21	61.98
1643397143	0	11	8	32	166	122	3	0.53	34	1	2.97	9	7.48
1643397163	0	10	8	35	188	124	3	0.61	39	1	3.20	2	9.66
1643397183	1	6	15	32	196	124	3	0.33	26	27	3.60	8	9.84
1643397204	2	13	30	35	181	125	3	0.48	23	7	3.20	10	16.04
1643397224	0	4	8	27	106	125	3	0.71	41	0	3.23	1	18.66
1643397251	0	6	8	28	186	122	6	0.67	30	1	3.12	12	6.29
1643397271	0	6	8	25	196	123	6	0.48	30	73	2.73	10	3.82
1643397291	2	3	30	31	215	123	6	0.76	45	1	3.22	10	19.77
1643397311	1	6	15	30	178	124	6	0.71	43	2	2.86	17	11.02
1643397331	2	11	30	31	189	124	6	0.35	15	78	2.22	0	15.81
1643397358	1	16	15	25	220	122	2	0.57	27	1	3.38	10	13.04
1643397378	2	17	30	25	241	124	2	0.85	34	0	3.91	2	34.22
1643397398	2	32	30	27	222	124	2	0.68	40	5	3.61	11	16.27
1643397418	2	4	30	24	231	124	2	0.65	36	5	3.98	14	16.29
1643397438	2	24	30	27	249	124	2	0.77	57	35	2.71	17	15.87
1643397465	1	14	15	31	172	122	7	0.51	33	2	3.41	18	10.95
1643397485	2	16	30	26	238	123	7	0.73	37	5	4.14	11	16.37
1643397505	0	9	8	37	140	125	7	0.79	85	1	3.41	18	6.79
1643397525	2	11	30	29	212	125	7	0.86	71	2	3.21	13	18.01
1643397545	0	11	8	36	180	125	7	0.79	60	0	2.92	15	44.52
1643397573	0	6	8	33	130	125	10	0.72	61	0	2.61	7	46.37
1643397593	1	15	15	27	241	126	10	0.77	72	0	3.17	8	53.98
1643397613	2	25	30	27	229	126	10	0.77	39	7	3.04	7	16.19
1643397633	1	12	15	30	231	122	10	0.81	66	10	3.10	18	10.08
1643397653	2	15	30	26	260	124	10	0.88	86	13	2.93	25	16.04
1643397680	0	7	8	33	168	122	1	0.72	55	1	2.72	18	11.59
1643397700	2	4	30	31	177	123	1	0.40	33	14	2.71	17	15.89
1643397720	0	13	8	31	177	124	1	0.76	52	0	2.38	9	24.86
1643397740	2	5	30	31	143	124	1	0.72	67	1	2.35	25	21.72
1643397760	1	10	15	33	157	124	1	0.66	37	61	2.36	1	9.83
1643397787	2	15	30	26	258	129	6	0.50	32	1	4.12	9	17.51
1643397807	0	5	8	23	168	130	6	0.78	24	11	3.18	0	4.05
1643397827	2	9	30	25	157	131	6	0.73	22	0	3.31	9	25.93
1643397847	2	13	30	24	181	131	6	0.75	42	0	3.50	5	54.05
1643397867	0	8	8	28	179	131	6	0.54	29	12	2.87	9	3.95
1643397894	0	9	8	32	158	122	10	0.74	43	0	2.93	16	30.29
1643397914	2	20	30	27	229	123	10	0.61	28	26	2.61	10	15.88
1643397934	2	18	30	26	194	124	10	0.85	36	1	3.66	14	23.77
1643397955	0	10	8	32	183	124	10	0.49	31	2	2.77	11	4.59
1643397975	1	8	15	27	224	124	10	0.69	37	10	3.65	3	10.04
1643398002	1	13	15	26	160	122	7	0.58	33	1	4.05	14	11.54
1643398022	0	5	8	26	190	123	7	0.68	37	12	3.88	16	3.99
1643398042	0	8	8	37	167	124	7	0.69	37	10	3.13	12	4.05
1643398062	0	9	8	40	142	124	7	0.43	38	11	2.55	18	3.93
1643398082	0	9	8	31	181	125	7	0.64	39	14	3.03	3	3.96
1643398109	2	32	30	30	238	122	8	0.83	79	2	2.46	24	17.39
1643398129	2	35	30	27	255	122	8	0.81	76	9	3.36	21	16.11
1643398149	2	19	30	22	258	123	8	0.74	51	1	3.68	14	21.35
1643398169	1	13	15	35	233	129	8	0.79	77	12	2.58	26	10.04
1643398189	1	17	15	28	192	129	8	0.87	58	0	3.73	6	48.51
1643398216	1	15	15	31	240	122	6	0.63	39	11	3.23	19	10.00
1643398236	1	17	15	29	224	123	6	0.75	48	1	3.29	9	16.12
1643398256	0	9	8	35	138	124	6	0.74	60	1	2.35	28	9.33
1643398276	0	9	8	34	184	124	6	0.69	46	0	2.34	5	14.41
1643398296	1	13	15	27	222	124	6	0.59	49	4	2.57	17	10.33
1643398323	0	8	8	35	180	122	5	0.73	60	0	2.41	23	17.45
1643398344	2	15	30	26	236	123	5	0.74	44	1	2.87	6	19.24
1643398364	0	8	8	36	200	123	5	0.88	58	0	3.41	8	34.78
1643398384	0	7	8	36	146	124	5	0.29	26	15	3.01	6	3.86
1643398404	2	5	30	23	254	125	5	0.84	51	0	3.76	18	44.89
1643398431	1	11	15	25	202	122	7	0.76	20	0	3.27	7	21.49
1643398451	0	8	8	23	186	124	7	0.88	37	0	3.66	8	40.54
1643398471	0	9	8	28	174	124	7	0.51	28	40	2.94	7	3.84
1643398491	1	16	15	27	230	124	7	0.69	42	0	3.86	18	32.48
1643398511	1	21	15	25	247	124	7	0.90	46	2	3.39	3	12.04
1643398538	1	8	15	23	144	121	8	0.82	30	1	3.74	5	18.41
1643398558	0	9	8	27	190	123	8	0.63	37	14	2.92	5	3.95
1643398578	0	7	8	33	174	124	8	0.73	37	2	3.58	5	5.11
1643398598	0	8	8	28	135	124	8	0.68	42	12	2.86	0	4.00
1643398618	1	17	15	25	166	125	8	0.67	36	11	3.86	5	10.01
1643398645	2	20	30	24	213	122	9	0.70	40	3	4.69	19	16.67
1643398665	0	6	8	31	186	123	9	0.67	43	7	3.64	18	4.13
1643398685	1	34	15	31	208	124	9	0.44	35	16	2.94	12	9.89
1643398705	1	16	15	33	189	125	9	0.88	59	0	3.37	1	31.26
1643398725	2	21	30	26	262	125	9	0.82	72	1	3.13	18	20.73
1643398753	0	9	8	32	188	123	3	0.73	52	1	2.70	14	12.93
1643398773	1	12	15	31	221	124	3	0.59	51	0	2.76	16	21.47
1643398793	1	8	15	22	167	124	3	0.81	54	0	2.89	14	56.00
1643398813	0	9	8	33	192	124	3	0.76	62	0	2.46	17	25.36
1643398833	2	19	30	25	253	125	3	0.80	60	0	2.83	5	52.06
1643398860	2	25	30	26	232	122	4	0.86	62	3	3.40	23	16.88
1643398880	0	36	8	28	248	123	4	0.81	65	3	2.78	23	4.99
1643398900	0	12	8	30	196	122	4	0.67	35	1	3.49	3	9.10
1643398920	2	6	30	36	173	124	4	0.47	48	2	2.55	11	16.60
1643398940	1	6	15	32	178	124	4	0.68	37	0	2.18	17	30.65
1643398967	1	11	15	28	190	122	7	0.82	41	0	3.29	13	21.89
1643398987	1	16	15	26	224	124	7	0.57	26	6	4.59	7	10.15
1643399007	0	9	8	30	140	124	7	0.92	24	10	3.14	1	4.12
1643399027	1	15	15	21	202	125	7	0.82	20	0	3.63	1	23.28
1643399047	2	33	30	21	262	125	7	0.85	41	0	3.48	11	51.34
1643399074	0	7	8	31	196	132	7	0.43	32	1	3.15	9	6.47
1643399094	2	10	30	25	210	133	7	0.54	35	5	2.63	11	16.18
1643399115	0	7	8	29	145	133	7	0.84	41	2	3.38	9	6.21
1643399135	2	17	30	24	187	133	7	0.88	39	0	3.68	9	29.19
1643399155	0	9	8	26	190	134	7	0.87	34	0	3.33	11	45.08
1643399182	1	10	15	25	210	122	6	0.76	22	2	3.31	8	11.45
1643399202	1	7	15	24	194	123	6	0.78	34	0	3.73	5	21.18
1643399222	0	9	8	26	141	124	6	0.58	35	16	2.76	8	3.92
1643399242	0	4	8	33	149	125	6	0.50	50	11	2.60	19	3.96
1643399262	2	18	30	27	233	125	6	0.57	37	2	3.36	13	17.14
1643399289	0	6	8	44	190	122	8	0.73	45	0	3.54	6	21.87
1643399309	1	17	15	34	227	123	8	0.74	60	0	2.62	15	36.14
1643399329	0	5	8	41	190	123	8	0.86	76	1	3.23	14	9.19
1643399349	1	16	15	31	196	124	8	0.85	53	0	3.35	1	45.09
1643399369	2	41	30	29	256	124	8	0.87	57	0	3.46	18	54.44
1643399396	2	26	30	27	218	128	8	0.90	69	1	2.71	11	18.56
1643399416	1	13	15	34	196	122	8	0.84	54	0	3.09	18	51.79
1643399436	0	8	8	33	206	123	8	0.86	43	1	3.35	6	10.28
1643399456	2	16	30	23	228	124	8	0.85	61	0	3.02	8	43.79
1643399476	2	16	30	30	176	125	8	0.87	57	1	3.31	15	21.35
1643399504	2	27	30	28	229	122	1	0.87	52	1	3.56	6	18.43
1643399524	2	35	30	28	244	124	1	0.89	64	2	3.24	23	18.09
1643399544	2	12	30	25	230	124	1	0.84	38	1	3.48	14	20.57
1643399564	1	14	15	31	214	125	1	0.81	57	0	3.01	23	44.40
1643399584	0	7	8	31	180	126	1	0.55	29	1	3.97	14	6.15
1643399611	0	9	8	34	165	121	2	0.67	44	0	3.11	12	13.89
1643399631	2	7	30	29	183	123	2	0.76	25	1	2.94	9	19.64
1643399651	1	8	15	27	182	123	2	0.78	38	0	3.03	2	55.98
1643399671	0	7	8	32	129	124	2	0.43	29	49	2.42	9	3.82
1643399691	1	7	15	30	128	124	2	0.68	45	7	2.99	18	10.15
1643399718	2	26	30	22	258	121	2	0.61	18	17	2.68	6	15.92
1643399738	1	15	15	26	224	131	2	0.88	41	0	3.71	13	31.11
1643399758	0	6	8	27	185	132	2	0.85	34	0	3.24	11	47.34
1643399778	2	15	30	26	220	133	2	0.78	21	1	3.26	3	21.70
1643399798	1	14	15	28	214	133	2	0.87	49	0	3.69	9	28.92
1643399825	2	22	30	19	242	121	10	0.63	32	14	3.47	12	15.95
1643399845	0	9	8	32	186	123	10	0.77	38	2	5.10	14	5.13
1643399865	1	27	15	24	222	124	10	0.62	26	17	3.59	9	9.92
1643399886	0	5	8	24	148	124	10	0.53	41	2	2.60	17	5.13
1643399906	0	7	8	36	186	125	10	0.68	50	2	2.57	16	5.23
1643399933	2	22	30	26	255	126	4	0.80	76	1	3.35	22	18.30
1643399953	2	23	30	21	270	128	4	0.91	52	0	3.51	2	32.07
1643399973	1	15	15	31	244	129	4	0.65	32	4	3.36	4	10.45
1643399993	2	36	30	29	244	129	4	0.84	44	0	3.34	10	61.63
1643400013	1	16	15	33	245	123	4	0.91	60	0	3.61	15	54.23
1643400040	0	6	8	36	174	122	10	0.72	52	0	2.51	21	29.55
1643400060	1	10	15	40	184	123	10	0.44	44	15	2.41	1	9.90
1643400080	0	3	8	35	158	124	10	0.75	59	1	2.51	15	6.62
1643400100	2	24	30	35	198	124	10	0.43	33	10	2.78	17	15.94
1643400120	1	7	15	37	148	125	10	0.70	70	1	2.29	26	12.36
1643400147	1	15	15	28	242	122	1	0.82	32	0	3.57	11	47.37
1643400167	0	11	8	33	170	123	1	0.88	50	2	3.40	5	6.20
1643400187	2	13	30	19	247	124	1	0.65	15	1	4.28	9	18.26
1643400207	0	17	8	27	179	122	1	0.81	45	1	3.82	12	7.87
1643400227	1	13	15	24	200	123	1	0.52	21	9	2.71	2	10.00
1643400254	0	3	8	24	152	121	10	0.69	24	1	3.45	4	11.34
1643400275	0	6	8	28	156	122	10	0.44	33	7	3.23	10	4.00
1643400295	1	5	15	29	190	123	10	0.40	26	11	2.63	12	9.93
1643400315	2	4	30	28	133	124	10	0.67	35	22	2.84	10	15.90
1643400335	1	4	15	28	155	124	10	0.77	36	1	2.97	8	16.59
1643400362	2	20	30	23	224	122	1	0.56	30	2	2.86	8	16.93
1643400382	1	13	15	25	236	123	1	0.77	29	2	3.30	8	11.05
1643400402	2	6	30	23	149	124	1	0.66	33	20	2.99	9	15.91
1643400422	1	16	15	26	218	125	1	0.58	28	15	2.48	5	9.93
1643400442	2	13	30	24	251	125	1	0.64	41	14	3.76	13	15.95
1643400469	0	4	8	30	191	127	2	0.61	21	1	3.16	8	5.90
1643400489	1	19	15	31	228	128	2	0.80	61	0	3.08	2	41.89
1643400509	1	19	15	32	176	129	2	0.85	73	0	2.76	20	56.00
1643400529	0	5	8	32	181	129	2	0.63	65	0	2.37	11	14.40
1643400549	1	17	15	28	227	129	2	0.71	57	1	2.46	5	16.14
1643400576	0	8	8	32	165	122	3	0.50	41	1	2.70	16	6.76
1643400596	2	21	30	26	231	123	3	0.69	42	0	3.32	1	62.00
1643400616	1	13	15	29	245	127	3	0.86	60	0	3.52	20	43.73
1643400636	0	8	8	37	191	128	3	0.72	47	8	3.07	15	4.13
1643400656	0	5	8	32	131	129	3	0.57	46	26	2.83	4	3.87
1643400684	2	31	30	28	246	128	10	0.84	70	4	2.75	21	16.58
1643400704	0	9	8	38	157	130	10	0.90	29	0	3.13	4	23.53
1643400724	0	7	8	34	140	131	10	0.50	54	4	2.21	22	4.24
1643400744	2	22	30	26	228	131	10	0.76	31	5	3.36	11	16.39
1643400764	1	13	15	30	208	121	10	0.82	41	1	3.26	13	18.73
1643400791	2	14	30	24	212	122	4	0.38	13	8	3.14	7	15.97
1643400811	0	10	8	34	186	123	4	0.80	37	1	3.67	12	10.54
1643400831	2	17	30	26	234	123	4	0.78	38	10	3.18	5	16.09
1643400851	0	8	8	30	146	124	4	0.51	26	43	2.83	3	3.83
1643400871	1	16	15	26	240	125	4	0.52	34	13	3.28	9	9.94
1643400898	1	17	15	24	190	122	8	0.73	27	1	3.49	8	11.99
1643400918	2	21	30	27	236	123	8	0.52	17	37	2.47	2	15.84
1643400938	1	17	15	26	212	123	8	0.80	37	3	3.51	12	11.00
1643400958	1	23	15	24	249	124	8	0.72	24	1	3.42	11	14.17
1643400978	1	10	15	20	208	124	8	0.61	31	1	3.56	11	15.94
1643401005	1	8	15	25	206	122	8	0.78	26	1	4.25	7	12.25
1643401025	1	13	15	28	244	123	8	0.74	37	5	3.31	10	10.41
1643401046	0	7	8	38	135	124	8	0.69	42	9	4.34	14	4.07
1643401066	0	11	8	24	134	125	8	0.64	21	2	3.26	5	5.50
1643401086	0	5	8	18	178	126	8	0.56	48	13	3.02	15	3.95
1643401113	2	21	30	27	208	122	2	0.87	74	1	3.27	11	20.37
1643401133	1	13	15	30	245	124	2	0.81	87	6	2.76	14	10.29
1643401153	1	15	15	27	235	125	2	0.81	57	0	3.18	18	45.07
1643401173	2	33	30	27	249	125	2	0.69	47	17	3.27	17	15.93
1643401193	2	27	30	28	216	122	2	0.84	43	0	3.43	9	53.70
1643401220	1	13	15	33	217	123	10	0.90	57	0	3.21	18	33.96
1643401240	1	18	15	31	171	125	10	0.90	60	0	3.59	10	34.40
1643401260	1	12	15	30	228	125	10	0.56	51	1	3.37	17	12.05
1643401280	1	18	15	31	218	126	10	0.79	56	3	3.17	17	11.05
1643401300	0	4	8	33	142	126	10	0.63	54	1	2.39	20	7.43
1643401327	1	16	15	25	224	122	9	0.81	46	1	3.24	13	16.32
1643401347	2	21	30	26	229	123	9	0.73	35	7	3.13	13	16.15
1643401367	1	21	15	27	194	124	9	0.49	21	4	5.24	11	10.27
1643401387	2	8	30	23	204	124	9	0.56	21	2	3.94	6	16.97
1643401407	2	20	30	27	202	125	9	0.80	41	2	3.48	15	17.70
1643401435	0	10	8	28	196	121	7	0.69	27	2	3.13	10	5.69
1643401455	1	12	15	28	214	123	7	0.75	25	1	2.86	7	12.28
1643401475	2	11	30	30	142	124	7	0.58	35	0	3.02	10	22.52
1643401495	1	4	15	28	116	124	7	0.59	24	9	2.28	7	10.02
1643401515	1	10	15	29	164	124	7	0.69	28	1	2.62	11	16.11
1643401542	0	10	8	31	156	122	9	0.74	37	0	3.02	13	16.44
1643401562	2	5	30	28	176	123	9	0.49	28	57	2.26	3	15.82
1643401582	2	9	30	30	184	124	9	0.75	46	4	3.14	17	16.43
1643401602	0	8	8	30	192	124	9	0.79	56	3	2.86	16	4.71
1643401622	2	6	30	29	123	125	9	0.60	38	33	2.89	7	15.86
1643401649	1	18	15	32	224	121	5	0.55	38	2	3.34	18	11.08
1643401669	2	16	30	28	254	123	5	0.68	38	1	3.75	8	21.00
1643401689	0	7	8	30	136	124	5	0.65	51	1	2.72	21	8.34
1643401709	0	9	8	35	162	124	5	0.69	65	0	2.35	6	28.39
1643401729	1	17	15	34	250	125	5	0.63	74	5	2.71	9	10.22
1643401756	2	33	30	27	252	131	4	0.81	70	6	2.74	26	16.26
1643401776	1	12	15	26	230	122	4	0.75	78	0	3.21	14	56.00
1643401796	2	13	30	29	224	123	4	0.89	58	0	2.98	9	62.00
1643401817	2	15	30	31	198	123	4	0.88	50	0	3.24	1	44.57
1643401837	1	16	15	31	237	124	4	0.79	52	1	3.19	19	12.54
1643401864	2	35	30	29	231	122	4	0.82	58	0	2.98	22	34.59
1643401884	1	13	15	32	239	128	4	0.80	50	0	3.18	17	50.22
1643401904	1	15	15	31	217	129	4	0.71	44	3	3.43	12	10.61
1643401924	1	12	15	29	157	130	4	0.86	29	1	3.04	1	13.47
1643401944	1	16	15	28	235	131	4	0.82	31	1	3.82	10	15.72
1643401971	2	7	30	24	194	129	1	0.71	21	4	5.16	0	16.40
1643401991	2	25	30	27	179	130	1	0.76	25	2	3.85	8	17.89
1643402011	0	6	8	30	133	130	1	0.72	43	4	2.75	14	4.41
1643402031	2	7	30	24	235	131	1	0.78	30	1	3.75	12	21.27
1643402051	0	10	8	24	173	131	1	0.78	25	2	3.24	8	6.04
1643402078	2	14	30	25	222	127	4	0.79	50	0	3.65	12	41.24
1643402098	2	21	30	26	231	128	4	0.65	25	0	3.54	8	26.91
1643402118	1	13	15	25	184	129	4	0.83	35	1	3.72	14	19.97
1643402138	0	8	8	33	196	129	4	0.76	29	1	3.74	1	9.54
1643402158	0	14	8	33	180	130	4	0.51	33	1	2.96	11	5.34
1643402185	1	21	15	30	221	126	1	0.64	57	5	3.06	21	10.31
1643402206	2	14	30	23	194	128	1	0.62	30	21	2.79	7	15.90
1643402226	2	23	30	27	235	128	1	0.67	40	9	4.18	15	16.05
1643402246	1	12	15	31	241	128	1	0.70	44	1	4.32	16	18.30
1643402266	1	14	15	26	229	129	1	0.77	38	1	3.62	10	18.46
1643402293	0	8	8	37	187	122	3	0.67	54	4	2.63	21	4.46
1643402313	1	11	15	28	230	123	3	0.66	63	0	2.17	20	45.81
1643402333	2	40	30	28	252	123	3	0.82	52	0	3.68	12	60.41
1643402353	1	19	15	31	253	122	3	0.81	65	2	2.80	24	11.16
1643402373	0	8	8	33	185	123	3	0.72	51	0	3.04	13	36.77
1643402400	1	13	15	36	241	125	8	0.84	64	0	3.18	1	50.16
1643402420	1	18	15	27	212	127	8	0.86	53	0	3.32	2	52.68
1643402440	1	15	15	30	172	127	8	0.90	75	4	3.32	8	10.72
1643402460	2	25	30	27	249	127	8	0.59	56	1	3.50	7	17.74
1643402480	1	14	15	34	231	128	8	0.88	56	1	3.46	19	19.57
1643402507	2	20	30	26	235	127	2	0.78	56	0	3.63	23	38.56
1643402527	2	22	30	26	236	128	2	0.92	69	1	3.65	7	22.62
1643402547	1	12	15	28	235	128	2	0.75	28	4	3.22	9	10.59
1643402567	1	8	15	24	186	128	2	0.49	21	5	5.07	13	10.17
1643402588	2	5	30	24	194	129	2	0.59	23	3	3.46	2	16.49
1643402615	1	7	15	23	196	122	4	0.87	41	0	3.74	3	34.38
1643402635	0	9	8	22	176	123	4	0.80	29	1	3.73	9	8.39
1643402655	2	29	30	18	232	123	4	0.61	33	28	2.35	12	15.87
1643402675	0	3	8	33	178	123	4	0.70	27	1	3.13	11	9.01
1643402695	1	12	15	24	204	124	4	0.69	30	6	2.98	12	10.18
1643402722	2	14	30	24	215	122	9	0.78	30	1	3.49	7	18.68
1643402742	2	21	30	27	202	123	9	0.84	38	1	3.27	11	24.73
1643402762	0	10	8	27	154	124	9	0.82	30	2	2.68	5	5.12
1643402782	2	25	30	27	211	124	9	0.82	51	1	3.50	15	20.16
1643402802	1	18	15	26	226	125	9	0.53	24	29	3.35	7	9.86
1643402829	0	7	8	34	194	121	1	0.56	36	2	2.93	15	4.80
1643402849	2	5	30	32	172	122	1	0.38	39	5	2.89	10	16.08
1643402869	1	9	15	33	178	123	1	0.65	41	5	2.50	14	10.27
1643402889	1	10	15	35	202	124	1	0.78	61	0	3.34	0	22.74
1643402909	2	8	30	38	140	125	1	0.80	73	1	2.75	1	21.27
1643402936	2	30	30	29	242	122	1	0.88	61	0	3.65	14	61.24
1643402956	1	17	15	31	202	122	1	0.85	58	0	3.31	23	41.61
1643402977	2	22	30	26	264	124	1	0.66	48	0	3.00	15	35.67
1643402997	1	23	30	25	250	124	1	0.90	56	0	3.82	5	51.91
1643403017	1	165	15	20	0	94	1	0.68	39	1	3.65	17	13.13
1643403044	0	9	8	38	151	121	1	0.77	88	4	2.90	23	4.52
1643403064	2	9	30	38	194	123	1	0.78	59	0	2.63	7	60.57
1643403084	2	6	30	34	170	124	1	0.76	56	0	2.57	18	39.34
1643403104	2	9	30	38	222	125	1	0.66	26	1	2.50	4	20.11
1643403124	2	6	30	34	125	125	1	0.42	28	12	2.51	10	15.91
1643403151	2	25	30	26	264	132	10	0.79	31	0	3.44	12	57.76
1643403171	1	19	15	27	212	133	10	0.54	25	6	5.07	13	10.11
1643403191	1	13	15	27	226	134	10	0.82	45	0	3.45	15	52.63
1643403211	1	13	15	28	222	134	10	0.70	41	0	3.61	9	25.09
1643403231	2	17	30	22	185	134	10	0.77	42	0	3.52	7	45.26
1643403258	2	21	30	20	248	122	2	0.93	38	2	3.27	9	18.52
1643403278	1	16	15	27	237	127	2	0.79	52	1	3.48	12	12.95
1643403298	2	14	30	25	229	129	2	0.78	44	2	3.27	4	17.97
1643403318	0	11	8	26	130	129	2	0.73	32	1	3.21	7	6.80
1643403338	0	7	8	32	212	129	2	0.72	40	5	2.78	12	4.33
1643403366	2	13	30	23	226	121	6	0.55	36	0	4.42	2	23.32
1643403386	2	25	30	27	198	123	6	0.72	63	10	3.28	22	16.05
1643403406	2	15	30	24	188	123	6	0.70	36	10	4.07	14	16.03
1643403426	2	21	30	27	259	124	6	0.88	54	1	4.56	6	21.73
1643403446	1	14	15	30	213	125	6	0.69	43	8	4.00	18	10.11
1643403473	2	24	30	26	263	122	9	0.84	43	2	4.74	12	17.40
1643403493	1	13	15	33	235	123	9	0.87	77	2	3.38	1	11.53
1643403513	2	27	30	27	269	124	9	0.88	72	1	3.39	16	21.89
1643403533	1	39	30	30	264	125	9	0.88	72	1	3.39	16	15.89
1643403553	0	8	8	36	132	123	9	0.66	61	2	2.52	22	5.22
1643403580	2	21	30	24	255	123	4	0.76	73	5	3.07	10	16.42
1643403600	2	36	30	29	236	122	4	0.91	74	0	3.03	25	41.55
1643403620	0	11	8	34	184	122	4	0.68	62	3	2.82	17	4.57
1643403640	1	11	15	26	219	124	4	0.66	50	6	2.51	9	10.18
1643403660	0	4	8	33	155	125	4	0.64	59	0	2.51	2	50.00
1643403687	0	7	8	29	182	122	6	0.47	44	16	2.42	19	3.90
1643403707	1	15	15	29	214	124	6	0.56	47	2	2.77	15	10.69
1643403727	2	14	30	25	165	124	6	0.60	34	8	3.55	11	16.07
1643403747	0	9	8	33	190	124	6	0.79	48	0	3.22	7	36.01
1643403768	2	11	30	25	190	124	6	0.63	34	1	2.87	13	18.19
1643403795	1	9	15	23	196	123	8	0.70	34	2	3.22	16	11.57
1643403815	2	15	30	24	208	124	8	0.78	45	3	3.50	1	16.70
1643403835	0	8	8	28	124	125	8	0.79	37	0	3.43	3	40.47
1643403855	2	12	30	20	188	125	8	0.88	38	0	3.76	5	39.86
1643403875	1	20	15	30	216	126	8	0.46	37	43	3.11	16	9.83
1643403902	0	10	8	30	181	122	8	0.79	26	1	3.16	9	11.56
1643403922	0	6	8	33	176	123	8	0.62	28	1	2.71	11	6.39
1643403942	1	15	15	29	229	124	8	0.68	36	1	3.12	8	13.40
1643403962	2	21	30	25	206	125	8	0.72	42	8	3.70	10	16.14
1643403982	2	12	30	25	210	125	8	0.83	40	1	3.92	3	18.29
1643404009	2	15	30	25	228	128	4	0.74	36	2	5.27	17	17.33
1643404029	1	10	15	26	206	129	4	0.80	48	3	4.60	22	10.81
1643404049	2	20	30	28	254	130	4	0.68	36	1	4.64	18	23.02
1643404069	1	12	15	24	200	131	4	0.89	44	0	5.48	13	30.13
1643404089	2	32	30	29	253	131	4	0.88	60	0	3.54	17	48.80
1643404116	0	6	8	35	165	122	5	0.76	73	1	2.85	18	8.11
1643404136	2	7	30	38	196	123	5	0.81	60	0	2.55	1	43.32
1643404157	2	9	30	38	210	124	5	0.79	57	1	2.92	7	22.45
1643404177	1	4	15	34	136	124	5	0.71	53	0	2.84	11	22.13
1643404197	2	10	30	36	229	125	5	0.82	71	0	2.72	6	61.99
1643404224	1	19	15	28	222	130	6	0.68	43	6	2.63	14	10.18
1643404244	1	17	15	32	224	132	6	0.60	41	0	3.41	11	17.82
1643404264	2	27	30	28	240	132	6	0.83	46	0	3.28	6	28.79
1643404284	2	24	30	26	224	133	6	0.86	61	2	2.81	19	17.71
1643404304	2	35	30	28	262	123	6	0.64	44	14	3.33	22	15.95
1643404331	2	19	30	23	224	122	1	0.73	35	4	3.77	8	16.59
1643404351	2	31	30	26	258	122	1	0.87	53	2	3.36	17	17.68
1643404371	1	9	15	25	204	124	1	0.69	20	2	4.83	3	11.16
1643404391	1	11	15	23	224	125	1	0.57	18	10	3.85	9	9.99
1643404411	0	9	8	22	118	125	1	0.77	39	0	3.51	7	20.46
1643404438	2	14	30	26	212	122	5	0.82	37	0	3.69	1	28.62
1643404458	0	6	8	32	190	123	5	0.61	38	37	3.42	2	3.85
1643404478	1	8	15	23	144	123	5	0.83	45	1	3.46	2	12.27
1643404498	1	12	15	25	200	124	5	0.67	28	22	2.79	11	9.90
1643404518	2	12	30	24	228	124	5	0.80	44	3	3.53	9	17.03
1643404546	1	7	15	25	210	122	10	0.57	27	1	3.36	11	12.16
1643404566	2	15	30	26	215	123	10	0.85	35	1	3.92	1	23.68
1643404586	1	16	15	25	260	124	10	0.63	46	26	3.32	1	9.88
1643404606	2	13	30	26	244	124	10	0.70	36	21	4.05	3	15.91
1643404626	0	7	8	32	174	124	10	0.75	53	30	3.56	24	3.88
1643404653	1	17	15	29	166	122	1	0.51	33	2	3.48	18	10.92
1643404673	0	9	8	32	198	123	1	0.73	27	7	4.08	9	4.20
1643404693	1	15	15	33	243	124	1	0.69	86	2	3.01	21	11.74
1643404713	1	16	15	31	222	125	1	0.82	72	1	3.14	19	13.74
1643404733	2	29	30	29	263	125	1	0.82	60	0	3.16	13	61.74
1643404760	2	27	30	29	232	127	10	0.81	53	1	3.47	21	26.18
1643404780	2	13	30	25	242	122	10	0.85	45	0	3.33	11	61.01
1643404800	2	25	30	27	227	122	10	0.91	66	1	3.21	16	26.93
1643404820	1	17	15	32	232	123	10	0.64	39	2	3.38	17	10.80
1643404840	1	11	15	33	226	124	10	0.75	44	1	3.33	15	15.86
1643404867	0	7	8	33	176	122	5	0.81	56	0	2.75	16	23.46
1643404887	0	5	8	29	162	123	5	0.62	37	2	2.54	14	5.09
1643404907	1	7	15	36	169	124	5	0.62	48	1	2.56	4	13.25
1643404928	1	13	15	34	171	124	5	0.80	69	0	2.82	25	21.78
1643404948	2	5	30	31	137	124	5	0.83	51	1	2.91	15	22.23
1643404975	1	13	15	25	234	127	4	0.64	28	1	4.84	16	12.88
1643404995	2	6	30	21	186	128	4	0.68	27	6	3.27	2	16.18
1643405015	2	10	30	25	175	129	4	0.82	25	0	3.52	9	60.88
1643405035	2	15	30	25	204	129	4	0.78	40	0	3.51	3	61.93
1643405055	0	10	8	26	183	129	4	0.56	27	25	2.79	6	3.87
1643405082	0	8	8	32	169	125	1	0.74	43	0	2.94	16	26.19
1643405102	2	20	30	27	202	127	1	0.63	25	24	2.58	10	15.88
1643405122	2	18	30	26	204	128	1	0.85	36	0	3.68	14	36.64
1643405142	2	11	30	26	218	128	1	0.67	31	1	3.49	11	19.03
1643405162	2	22	30	28	230	128	1	0.59	34	18	3.37	5	15.91
1643405189	0	8	8	31	180	122	7	0.46	33	2	3.25	14	4.73
1643405209	1	4	15	29	160	123	7	0.57	40	28	3.05	16	9.86
1643405229	2	7	30	35	196	124	7	0.69	51	20	3.23	22	15.92
1643405249	1	14	15	37	147	124	7	0.45	37	3	2.43	6	10.45
1643405269	2	9	30	34	188	125	7	0.69	31	4	3.43	1	16.38
1643405296	0	8	8	36	162	121	3	0.72	60	0	2.53	20	43.17
1643405317	2	9	30	37	182	122	3	0.60	69	2	2.58	2	17.01
1643405337	0	10	8	37	183	123	3	0.69	61	0	2.61	15	22.92
1643405357	1	8	15	39	204	124	3	0.80	59	4	3.18	12	10.52
1643405377	2	6	30	33	128	124	3	0.77	53	0	3.21	6	26.59
1643405404	2	26	30	30	252	122	3	0.86	75	7	2.77	22	16.22
1643405424	1	15	15	29	222	122	3	0.89	51	0	3.67	18	50.45
1643405444	2	14	30	31	220	123	3	0.87	78	4	3.29	14	16.54
1643405464	2	15	30	32	162	124	3	0.83	74	2	2.77	15	17.24
1643405484	2	9	30	28	244	125	3	0.62	45	1	3.25	19	20.10
1643405511	0	4	8	33	140	127	8	0.77	60	1	2.67	21	8.80
1643405531	1	16	15	27	225	128	8	0.55	40	10	3.11	11	9.98
1643405551	1	19	15	34	237	128	8	0.74	35	0	3.33	6	37.89
1643405571	1	16	15	29	204	129	8	0.41	21	15	4.12	15	9.89
1643405591	0	8	8	25	191	130	8	0.80	43	0	3.55	13	36.12
1643405618	2	18	30	27	228	126	4	0.76	20	0	3.27	7	27.49
1643405638	2	9	30	24	184	127	4	0.88	37	0	3.66	8	50.68
1643405658	1	12	15	25	169	128	4	0.69	27	5	2.90	8	10.31
1643405679	1	18	15	28	233	128	4	0.36	26	4	3.81	1	10.12
1643405699	2	14	30	25	239	128	4	0.86	42	1	3.48	12	21.70
1643405726	2	8	30	17	218	121	4	0.88	30	1	3.86	5	24.92
1643405746	1	45	15	20	0	95	4	0.65	18	0	3.24	5	27.71
1643405766	0	8	8	33	175	123	4	0.70	29	3	3.08	8	4.80
