1643819582	1	8	15	23	248	129	2	0.71	42	1	3.58	11	18.12
1643819602	2	11	25	32	243	134	2	0.78	60	0	3.20	18	60.49
1643819622	1	13	15	32	285	134	2	0.75	69	1	3.18	16	13.94
1643819642	0	6	8	36	258	134	2	0.71	63	0	3.33	12	48.04
1643819662	0	10	8	35	251	135	2	0.77	55	0	3.17	14	23.65
1643819689	1	25	15	30	246	129	6	0.80	57	0	3.08	14	56.00
1643819709	1	14	15	30	277	134	6	0.84	62	0	3.34	16	54.38
1643819729	1	24	15	25	246	140	6	0.66	39	2	3.66	17	11.63
1643819749	1	20	15	35	250	138	6	0.64	39	2	3.73	20	10.98
1643819769	0	4	8	33	271	133	6	0.91	58	0	3.28	14	49.99
1643819797	0	10	8	33	169	139	13	0.58	34	1	3.45	4	6.07
1643819817	0	8	8	35	238	143	13	0.46	47	9	2.64	16	3.97
1643819837	2	18	25	26	257	144	13	0.66	28	0	2.72	12	24.19
1643819857	1	16	15	31	172	144	13	0.79	56	0	2.99	23	42.38
1643819877	0	9	8	32	196	144	13	0.56	20	1	3.77	8	5.39
1643819904	0	7	8	32	198	132	9	0.67	36	1	3.41	16	7.77
1643819924	0	8	8	26	188	134	9	0.68	34	1	3.11	9	8.64
1643819944	2	6	25	28	200	135	9	0.74	39	0	3.34	4	58.35
1643819964	2	8	25	30	156	135	9	0.56	23	1	3.36	4	17.71
1643819984	1	9	15	33	142	135	9	0.30	24	3	2.95	9	10.14
1643820011	2	7	25	23	248	137	3	0.75	36	2	3.14	9	17.80
1643820031	1	17	15	28	230	138	3	0.76	31	1	3.56	7	13.47
1643820051	0	7	8	27	144	139	3	0.75	36	1	3.39	13	13.39
1643820071	2	16	25	26	275	139	3	0.86	45	1	3.98	12	26.32
1643820091	0	11	8	32	188	139	3	0.74	32	2	4.18	8	5.12
1643820118	0	9	8	30	183	141	14	0.51	27	3	3.72	9	4.50
1643820138	2	25	25	28	262	142	14	0.54	40	2	3.31	17	16.75
1643820158	0	9	8	32	182	143	14	0.85	49	28	3.39	16	3.90
1643820178	0	9	8	29	115	143	14	0.47	45	3	3.19	14	4.39
1643820199	1	14	15	35	233	143	14	0.71	52	1	3.12	19	15.62
1643820226	1	16	15	32	233	137	11	0.72	74	1	3.25	19	14.22
1643820246	1	11	15	28	215	138	11	0.84	56	0	3.66	12	45.62
1643820266	1	15	15	31	218	138	11	0.79	60	0	3.22	16	52.05
1643820286	0	7	8	28	176	139	11	0.78	78	0	3.09	13	50.00
1643820306	1	11	15	32	194	139	11	0.80	56	0	3.31	13	56.00
1643820333	0	9	8	32	142	142	4	0.66	50	1	2.74	23	7.68
1643820353	2	15	25	27	290	143	4	0.75	57	1	2.89	27	22.64
1643820373	1	21	15	33	233	143	4	0.80	56	0	3.20	15	31.44
1643820393	2	9	25	28	235	144	4	0.87	28	0	3.21	4	33.46
1643820413	0	7	8	34	198	144	4	0.81	62	0	3.43	21	39.45
1643820440	0	8	8	31	180	133	12	0.64	25	2	3.21	8	4.87
1643820460	1	7	15	29	226	134	12	0.80	51	1	2.87	14	17.45
1643820480	0	6	8	32	171	134	12	0.53	17	4	4.70	6	4.32
1643820500	2	10	25	24	151	134	12	0.66	36	0	4.82	1	26.20
1643820520	1	7	15	24	202	135	12	0.69	39	0	3.87	3	27.66
1643820547	2	24	25	23	255	132	11	0.82	23	1	3.80	7	18.63
1643820568	2	28	25	21	290	134	11	0.72	34	26	3.30	16	15.89
1643820588	1	9	15	26	231	134	11	0.77	51	18	3.05	18	9.95
1643820608	0	9	8	32	136	135	11	0.58	15	1	2.94	4	6.55
1643820628	1	14	15	28	226	135	11	0.73	39	0	3.31	15	20.70
1643820655	2	29	25	19	265	131	4	0.79	26	6	3.27	8	16.32
1643820675	2	14	25	17	263	134	4	0.79	28	2	3.39	8	17.12
1643820695	0	7	8	28	135	135	4	0.43	19	3	4.03	9	4.43
1643820715	1	14	15	23	214	135	4	0.58	30	1	5.09	14	11.65
1643820735	2	23	25	26	260	135	4	0.64	39	1	4.36	14	19.07
1643820762	2	16	25	15	206	131	1	0.75	21	1	4.89	8	19.57
1643820782	0	7	8	26	174	135	1	0.88	60	0	3.71	10	20.00
1643820802	0	11	8	39	168	135	1	0.74	54	0	2.96	13	21.26
1643820822	1	17	15	34	276	135	1	0.74	74	1	3.27	19	14.29
1643820842	0	8	8	38	204	135	1	0.63	55	1	2.64	18	8.61
1643820869	2	21	25	29	247	134	8	0.72	46	2	3.49	14	17.83
1643820889	0	11	8	32	236	135	8	0.77	48	0	3.59	11	18.62
1643820909	1	17	15	34	239	135	8	0.75	63	0	2.81	12	49.03
1643820929	0	6	8	36	224	136	8	0.61	36	1	3.45	14	7.19
1643820950	2	17	25	21	206	136	8	0.62	40	1	3.81	11	22.53
1643820977	0	9	8	34	127	140	14	0.67	54	1	2.69	17	7.03
1643820997	2	24	25	27	275	140	14	0.79	48	0	3.76	16	32.67
1643821017	0	5	8	33	196	141	14	0.78	54	23	3.04	17	3.92
1643821037	0	5	8	31	198	141	14	0.66	28	1	2.77	11	10.43
1643821057	2	26	25	28	324	141	14	0.81	36	1	3.65	13	22.67
1643821084	1	5	15	24	216	138	13	0.62	21	1	4.62	9	11.51
1643821104	1	12	15	30	206	143	13	0.75	41	0	3.37	17	29.20
1643821124	1	15	15	27	248	143	13	0.74	27	1	3.61	9	14.58
1643821144	1	9	15	24	210	143	13	0.81	36	0	3.76	10	27.76
1643821164	0	8	8	32	137	143	13	0.41	27	1	3.08	9	5.51
1643821191	2	11	25	24	214	138	6	0.60	29	0	3.79	8	23.36
1643821211	2	14	25	26	214	139	6	0.80	31	1	3.80	11	19.68
1643821231	1	16	15	25	227	139	6	0.57	24	4	3.25	5	10.33
1643821251	1	18	15	25	224	139	6	0.62	33	1	3.47	10	14.57
1643821271	2	15	25	25	162	140	6	0.69	27	2	3.69	7	17.67
1643821298	0	9	8	33	200	129	2	0.45	18	2	4.15	7	4.67
1643821318	2	10	25	25	217	137	2	0.55	34	2	3.69	14	16.89
1643821339	1	15	15	26	177	137	2	0.54	47	12	3.68	23	9.95
1643821359	1	23	15	27	222	137	2	0.45	32	3	3.39	17	10.47
1643821379	1	25	15	22	223	138	2	0.70	25	5	4.40	7	10.34
1643821406	1	13	15	36	225	133	15	0.77	65	0	2.96	19	55.67
1643821426	1	18	15	34	251	134	15	0.82	71	1	3.36	16	13.58
1643821446	1	16	15	30	185	134	15	0.84	56	0	3.63	14	33.12
1643821466	1	16	15	31	239	134	15	0.81	60	8	3.05	14	10.18
1643821486	0	8	8	36	217	135	15	0.78	67	23	3.04	13	3.92
1643821513	2	28	25	27	269	131	7	0.86	42	0	3.59	13	50.30
1643821533	2	27	25	30	308	134	7	0.82	43	1	3.60	14	20.89
1643821553	2	16	25	24	153	135	7	0.84	64	3	2.94	18	17.09
1643821573	1	16	15	30	248	135	7	0.84	55	1	3.58	12	16.93
1643821593	2	30	25	27	269	135	7	0.79	58	2	3.08	25	18.05
1643821620	1	17	15	27	238	137	10	0.84	70	0	3.24	24	29.54
1643821640	1	13	15	29	241	138	10	0.79	51	0	3.82	7	23.89
1643821660	1	12	15	28	236	139	10	0.80	42	1	3.32	13	17.82
1643821680	0	3	8	30	177	139	10	0.46	27	3	4.34	18	4.45
1643821700	1	17	15	27	224	139	10	0.76	36	1	3.70	13	15.38
1643821728	0	9	8	33	200	132	7	0.60	33	1	2.90	13	6.02
1643821748	2	4	25	23	166	134	7	0.68	24	1	3.01	7	23.00
1643821768	1	4	15	29	219	134	7	0.65	31	1	3.12	12	16.10
1643821788	0	7	8	33	156	135	7	0.64	39	1	2.95	16	8.95
1643821808	1	5	15	29	174	135	7	0.68	32	1	2.88	10	15.44
1643821835	2	18	25	26	204	132	14	0.82	37	0	3.35	11	28.48
1643821855	0	4	8	32	183	133	14	0.75	25	1	3.35	5	6.20
1643821875	1	14	15	26	182	134	14	0.76	39	1	4.03	9	12.03
1643821895	2	4	25	23	181	134	14	0.58	34	2	4.06	14	17.24
1643821915	1	6	15	24	162	135	14	0.70	25	2	4.36	9	11.34
1643821942	0	13	8	40	168	132	8	0.47	45	3	3.11	16	4.48
1643821962	1	3	15	30	169	134	8	0.43	37	3	2.41	13	10.31
1643821982	1	8	15	34	215	134	8	0.71	36	3	3.89	8	10.67
1643822002	1	9	15	38	141	135	8	0.61	64	0	2.54	18	30.92
1643822022	0	7	8	39	190	135	8	0.68	71	1	2.94	18	7.27
1643822049	0	12	8	37	157	131	10	0.68	57	0	2.59	23	13.90
1643822069	0	10	8	37	194	134	10	0.67	53	0	2.80	13	41.23
1643822090	0	7	8	34	178	134	10	0.70	57	0	3.43	7	21.53
1643822110	0	7	8	38	133	135	10	0.64	41	0	2.75	13	11.40
1643822130	0	5	8	35	192	135	10	0.78	51	0	3.27	18	28.36
1643822157	2	24	25	28	251	135	2	0.79	53	3	3.61	24	17.04
1643822177	2	31	25	30	283	141	2	0.85	62	0	3.54	27	37.46
1643822197	2	19	25	29	272	141	2	0.80	58	0	3.31	25	61.98
1643822217	2	31	25	28	264	141	2	0.85	62	2	3.40	20	17.31
1643822237	1	15	15	26	214	141	2	0.81	52	0	3.52	6	21.47
1643822264	2	6	25	24	234	139	14	0.51	24	3	5.10	14	16.53
1643822284	2	10	25	24	212	140	14	0.80	43	0	3.71	14	44.60
1643822304	0	9	8	32	204	140	14	0.58	42	1	3.23	11	8.17
1643822324	1	18	15	27	250	140	14	0.60	24	1	3.19	9	12.13
1643822344	0	9	8	30	128	149	14	0.58	22	1	3.34	5	6.13
1643822371	2	26	25	25	231	129	7	0.87	51	1	3.77	14	25.26
1643822391	2	43	25	21	281	134	7	0.74	31	0	3.87	10	27.87
1643822411	0	8	8	35	155	135	7	0.89	35	5	3.42	12	4.42
1643822431	2	33	25	23	277	141	7	0.88	37	0	3.58	5	29.44
1643822451	0	9	8	28	208	141	7	0.64	26	1	3.77	10	10.26
1643822479	2	14	25	27	247	128	6	0.70	58	4	3.47	21	16.50
1643822499	1	16	15	27	224	133	6	0.66	19	2	5.40	9	11.04
1643822519	0	7	8	31	135	134	6	0.53	52	2	2.57	25	4.96
1643822539	0	6	8	36	177	135	6	0.58	38	1	3.07	11	7.65
1643822559	2	18	25	20	254	135	6	0.38	36	5	2.44	15	16.09
1643822586	1	9	15	30	230	140	4	0.78	85	1	3.29	17	13.67
1643822606	0	5	8	32	190	141	4	0.77	57	0	3.09	18	45.65
1643822626	0	4	8	34	138	142	4	0.69	55	0	2.73	15	24.19
1643822646	1	18	15	29	233	142	4	0.87	56	0	3.60	7	49.25
1643822666	1	8	15	30	226	142	4	0.68	60	0	3.03	22	34.58
1643822693	0	7	8	38	198	141	3	0.59	32	2	2.82	9	4.78
1643822713	1	20	15	33	226	148	3	0.53	55	7	2.49	20	10.07
1643822733	2	26	25	30	215	148	3	0.90	66	2	3.62	12	17.50
1643822753	1	17	15	31	241	148	3	0.54	51	0	3.40	17	16.07
1643822773	0	6	8	34	196	148	3	0.83	55	0	3.41	15	19.35
1643822800	1	13	15	32	202	132	5	0.64	56	0	2.91	23	19.89
1643822820	2	10	25	30	194	134	5	0.84	71	0	3.19	24	50.06
1643822841	1	14	15	29	198	134	5	0.79	51	0	3.84	7	24.50
1643822861	2	15	25	27	251	135	5	0.79	41	1	3.36	13	25.49
1643822881	0	7	8	28	138	135	5	0.62	28	1	4.91	15	6.66
1643822908	2	28	25	27	228	138	6	0.81	42	0	3.84	14	36.35
1643822928	2	16	25	25	204	139	6	0.82	36	1	3.77	6	21.54
1643822948	0	5	8	27	142	140	6	0.65	25	1	3.42	6	9.13
1643822968	0	10	8	32	208	140	6	0.70	29	1	3.04	9	8.19
1643822988	2	13	25	24	247	140	6	0.61	44	0	3.06	17	26.99
1643823015	2	24	25	17	219	129	13	0.82	31	1	3.76	7	19.38
1643823035	0	4	8	32	181	133	13	0.69	40	5	2.66	11	4.28
1643823055	2	25	25	18	255	134	13	0.66	24	2	3.22	7	17.30
1643823075	2	20	25	22	200	134	13	0.65	34	35	3.01	13	15.86
1643823095	0	7	8	32	131	134	13	0.69	47	1	3.54	15	6.41
1643823122	1	23	15	31	204	132	9	0.68	51	1	3.60	26	16.03
1643823142	1	17	15	31	206	134	9	0.60	35	1	4.13	16	12.39
1643823162	1	8	15	26	209	135	9	0.60	22	1	4.84	10	12.51
1643823182	0	7	8	33	174	135	9	0.58	45	1	3.58	16	9.58
1643823202	0	8	8	37	142	135	9	0.68	67	0	2.32	19	46.24
1643823230	2	33	25	29	276	139	6	0.86	57	0	3.54	16	61.67
1643823250	2	26	25	29	280	140	6	0.86	55	0	3.60	13	51.95
1643823270	1	14	15	31	174	140	6	0.71	79	0	3.23	11	56.00
1643823290	0	7	8	33	190	140	6	0.78	56	0	3.03	14	50.00
1643823310	0	4	8	32	251	141	6	0.67	62	0	2.53	14	26.95
1643823337	1	20	15	30	254	129	9	0.83	75	4	3.31	8	10.60
1643823357	1	17	15	34	247	135	9	0.84	58	0	3.06	14	55.98
1643823377	1	14	15	33	269	135	9	0.75	55	0	3.05	19	39.35
1643823397	1	7	15	32	268	135	9	0.86	28	0	3.22	4	24.58
1643823417	0	6	8	31	237	135	9	0.61	49	1	3.44	20	7.32
1643823444	1	18	15	29	264	132	10	0.60	30	2	3.87	18	11.21
1643823464	1	4	15	23	264	134	10	0.51	19	4	4.59	9	10.31
1643823484	0	2	8	16	184	131	10	0.51	19	4	4.59	9	4.31
1643823504	0	12	8	33	252	130	10	0.76	48	0	3.70	15	44.84
1643823524	1	18	15	26	260	134	10	0.73	27	1	3.81	9	15.72
1643823551	2	14	25	25	274	136	11	0.78	35	0	3.72	8	31.98
1643823572	0	12	8	34	227	128	11	0.79	34	0	3.56	8	27.07
1643823592	1	18	15	26	270	130	11	0.59	46	1	2.98	16	14.08
1643823612	2	25	25	25	246	127	11	0.72	35	3	3.63	16	16.86
1643823632	2	20	25	26	260	132	11	0.83	36	1	3.79	13	26.31
1643823659	2	15	25	25	254	137	7	0.78	35	0	4.00	2	26.59
1643823679	1	22	15	29	251	140	7	0.76	35	2	4.05	12	11.29
1643823699	1	14	15	25	259	131	7	0.72	26	2	4.23	7	11.80
1643823719	2	28	25	27	284	141	7	0.60	41	9	4.79	19	16.02
1643823739	1	14	15	32	269	132	7	0.44	36	2	3.36	18	10.49
1643823766	1	13	15	23	231	126	1	0.44	36	2	3.36	18	10.49
1643823786	1	7	15	30	264	133	1	0.84	55	0	3.36	16	29.75
1643823806	1	10	15	29	298	136	1	0.81	68	1	3.38	16	12.68
1643823826	1	13	15	33	271	132	1	0.74	62	1	3.19	15	13.77
1643823846	1	22	15	32	276	139	1	0.87	56	0	3.52	7	46.30
1643823873	0	10	8	33	250	129	9	0.52	76	1	2.90	16	7.77
1643823893	0	5	8	34	252	134	9	0.52	37	1	2.63	15	5.28
1643823913	2	15	25	24	267	135	9	0.68	42	0	2.82	13	25.23
1643823934	1	7	15	30	243	135	9	0.84	55	3	3.41	21	10.73
1643823954	0	9	8	38	158	135	9	0.61	53	2	2.67	24	4.77
1643823981	0	7	8	36	185	137	11	0.51	36	1	2.67	15	5.71
1643824001	0	4	8	32	212	139	11	0.55	52	1	2.29	23	8.68
1643824021	1	18	15	26	253	139	11	0.61	65	1	2.42	25	14.67
1643824041	2	23	25	26	246	139	11	0.78	32	0	3.39	11	38.61
1643824061	0	8	8	30	226	134	11	0.83	40	1	3.60	13	13.49
1643824088	0	4	8	32	200	130	2	0.54	32	1	2.63	15	5.91
1643824108	0	5	8	29	129	133	2	0.54	32	1	2.63	15	5.91
1643824128	0	8	8	25	137	135	2	0.66	39	0	3.07	11	23.57
1643824148	1	8	15	30	168	135	2	0.53	39	0	3.61	3	50.27
1643824168	1	11	15	33	160	135	2	0.74	50	0	3.16	14	22.56
1643824195	0	6	8	28	179	130	10	0.70	24	2	2.97	7	5.24
1643824215	2	11	25	32	200	134	10	0.49	19	2	2.59	7	16.93
1643824235	2	10	25	33	210	134	10	0.69	36	1	3.12	15	21.51
1643824255	2	8	25	29	224	135	10	0.66	32	1	2.89	11	18.75
1643824275	1	11	15	34	247	135	10	0.63	30	2	3.35	5	10.81
1643824302	0	12	8	33	251	136	3	0.49	22	2	3.43	8	4.85
1643824323	1	17	15	28	198	140	3	0.44	31	2	3.97	15	10.58
1643824343	2	18	25	27	308	140	3	0.77	43	1	4.31	15	20.39
1643824363	1	6	15	26	280	140	3	0.64	24	1	4.90	8	15.82
1643824383	1	15	15	30	265	140	3	0.70	43	0	4.23	1	37.88
1643824410	0	12	8	39	254	139	10	0.63	67	1	2.87	17	6.51
1643824430	0	9	8	37	216	140	10	0.66	57	0	2.67	16	13.00
1643824450	0	7	8	35	224	140	10	0.73	56	1	2.91	20	11.01
1643824470	2	25	25	27	279	140	10	0.48	40	1	2.77	17	17.50
1643824490	2	41	25	30	278	141	10	0.85	49	0	3.13	15	28.08
1643824517	1	16	15	29	235	133	10	0.76	47	0	3.22	16	19.74
1643824537	0	6	8	39	204	134	10	0.72	43	1	3.46	14	10.24
1643824557	0	9	8	34	131	135	10	0.45	39	2	2.88	12	4.56
1643824577	0	6	8	33	151	135	10	0.50	36	1	2.69	15	5.45
1643824597	1	12	15	33	246	136	10	0.64	60	0	2.54	21	44.92
1643824624	1	9	15	27	231	132	7	0.81	41	1	3.71	12	19.61
1643824644	0	4	8	31	204	133	7	0.75	53	0	3.74	5	24.57
1643824664	2	24	25	27	172	134	7	0.54	25	4	5.21	16	16.29
1643824685	2	19	25	25	265	135	7	0.87	24	10	3.19	1	16.10
1643824705	1	13	15	29	284	135	7	0.81	38	0	3.56	15	47.35
1643824732	1	21	15	24	252	125	2	0.79	35	0	3.77	8	28.14
1643824752	1	15	15	26	269	133	2	0.84	38	0	3.78	12	31.59
1643824772	0	6	8	35	239	134	2	0.81	43	1	3.77	9	7.47
1643824792	1	9	15	25	262	135	2	0.61	35	1	2.93	14	12.65
1643824812	1	19	15	21	263	135	2	0.66	15	1	3.12	3	16.41
1643824839	0	7	8	32	189	137	1	0.44	30	3	2.74	11	4.33
1643824859	1	13	15	28	245	138	1	0.70	35	1	3.85	2	14.51
1643824879	1	11	15	24	253	138	1	0.75	42	1	3.97	8	12.60
1643824899	0	8	8	31	192	139	1	0.46	18	1	4.42	7	5.52
1643824919	0	6	8	32	233	139	1	0.59	34	1	3.59	12	7.21
1643824946	1	8	15	29	226	135	13	0.53	41	1	3.49	17	11.52
1643824966	0	10	8	36	192	136	13	0.53	31	1	4.55	16	5.30
1643824986	0	7	8	34	137	154	13	0.67	58	0	2.67	16	16.56
1643825006	2	25	25	28	290	154	13	0.86	78	1	3.23	15	18.64
1643825026	2	24	25	30	282	154	13	0.96	62	3	3.19	20	16.95
1643825054	2	31	25	33	240	133	7	0.84	62	0	3.31	20	61.45
1643825074	0	9	8	36	190	135	7	0.84	77	0	3.12	13	50.00
1643825094	2	17	25	30	270	135	7	0.62	42	0	2.85	9	24.83
1643825114	2	12	25	26	229	135	7	0.68	39	1	3.76	18	18.73
1643825134	1	10	15	27	218	135	7	0.63	45	46	3.32	23	9.84
1643825161	1	20	15	31	238	139	7	0.67	48	0	3.59	11	33.39
1643825181	1	24	15	33	234	140	7	0.78	52	0	3.12	22	43.71
1643825201	2	20	25	27	267	140	7	0.70	50	2	3.56	20	17.37
1643825221	1	14	15	31	223	141	7	0.76	42	0	3.68	12	23.29
1643825241	0	11	8	33	149	141	7	0.78	33	0	3.41	11	23.68
1643825268	1	17	15	31	217	134	5	0.58	28	1	4.43	15	11.77
1643825288	2	12	25	25	229	138	5	0.41	14	5	3.30	7	16.10
1643825308	2	12	25	25	233	138	5	0.82	36	0	3.68	10	27.80
1643825328	2	15	25	26	247	138	5	0.75	42	4	3.15	13	16.46
1643825348	0	6	8	24	119	138	5	0.66	34	1	3.43	8	11.65
1643825375	2	14	25	25	264	137	1	0.70	42	1	3.86	20	17.90
1643825395	1	14	15	26	222	138	1	0.61	20	1	2.96	7	13.20
1643825415	0	8	8	33	152	138	1	0.72	33	1	3.04	8	6.62
1643825435	1	19	15	28	214	138	1	0.70	37	1	3.10	13	16.17
1643825456	1	19	15	25	247	142	1	0.69	27	2	3.26	9	11.24
1643825483	0	10	8	32	174	133	12	0.51	31	1	3.36	8	5.65
1643825503	1	10	15	25	208	134	12	0.67	26	2	3.77	6	11.45
1643825523	0	8	8	34	144	135	12	0.68	24	2	4.29	8	5.27
1643825543	1	17	15	32	241	135	12	0.63	35	1	4.05	14	16.19
1643825563	2	15	25	25	206	135	12	0.63	24	1	4.88	8	22.82
1643825590	1	13	15	34	214	133	7	0.80	59	0	3.36	19	44.12
1643825610	2	24	25	27	283	134	7	0.75	74	1	3.11	18	21.14
1643825630	1	7	15	33	186	135	7	0.76	55	0	3.25	18	31.96
1643825650	1	16	15	35	242	136	7	0.75	61	0	3.21	22	46.45
1643825670	2	21	25	26	192	136	7	0.86	84	0	3.39	7	44.95
1643825697	0	7	8	31	176	138	5	0.74	35	1	3.18	12	9.20
1643825717	1	23	15	23	202	139	5	0.78	55	0	3.29	20	44.52
1643825737	0	4	8	33	165	139	5	0.68	87	5	2.79	23	4.35
1643825757	2	23	25	27	272	139	5	0.61	53	2	2.68	24	16.99
1643825777	2	27	25	29	200	139	5	0.82	31	0	3.30	8	52.56
1643825804	0	8	8	37	198	138	6	0.61	43	1	3.23	15	5.73
1643825825	1	17	15	27	219	154	6	0.74	26	2	3.70	9	11.73
1643825845	1	14	15	30	165	155	6	0.84	51	1	3.34	15	18.55
1643825865	2	12	25	26	223	155	6	0.51	23	3	5.46	11	16.34
1643825885	0	5	8	32	140	155	6	0.69	49	0	3.11	17	15.46
1643825912	1	19	15	22	243	131	9	0.63	42	1	2.78	15	14.28
1643825932	0	8	8	27	186	134	9	0.78	40	0	3.51	4	28.44
1643825952	0	8	8	32	136	134	9	0.36	27	5	3.44	12	4.05
1643825972	0	10	8	24	185	134	9	0.58	41	1	2.92	15	7.57
1643825992	2	33	25	19	286	134	9	0.60	20	1	2.92	6	18.49
1643826019	2	17	25	25	202	132	2	0.85	40	0	3.73	13	36.05
1643826039	1	10	15	25	230	133	2	0.80	34	0	3.81	15	32.11
1643826059	0	9	8	31	146	134	2	0.76	43	1	3.28	11	8.28
1643826079	0	5	8	30	174	135	2	0.57	31	4	3.55	12	4.40
1643826099	1	20	15	26	206	135	2	0.64	36	1	3.13	12	13.52
1643826126	1	18	15	32	224	137	2	0.59	47	1	3.83	19	12.56
1643826146	1	7	15	29	244	138	2	0.70	40	1	4.14	13	12.44
1643826166	2	19	25	27	240	138	2	0.88	62	0	3.60	12	30.54
1643826186	0	5	8	33	146	138	2	0.87	56	0	3.55	18	25.11
1643826207	2	18	25	27	245	139	2	0.85	73	1	3.25	18	18.44
1643826234	1	9	15	31	236	130	8	0.81	54	0	3.44	17	42.90
1643826254	2	10	25	30	194	133	8	0.60	45	0	3.05	16	22.92
1643826274	0	8	8	31	181	134	8	0.71	55	0	3.46	6	28.84
1643826294	1	14	15	31	216	134	8	0.50	56	8	2.48	21	10.03
1643826314	0	6	8	35	139	134	8	0.62	43	2	3.14	8	4.98
1643826341	1	23	15	32	227	138	6	0.82	55	0	3.30	27	47.91
1643826361	1	17	15	31	220	139	6	0.80	58	0	3.37	14	46.78
1643826381	0	9	8	27	180	140	6	0.72	29	1	2.95	4	9.81
1643826401	0	8	8	31	194	140	6	0.51	56	5	2.28	22	4.21
1643826421	1	7	15	27	218	140	6	0.78	33	0	3.40	11	27.97
1643826448	1	16	15	30	219	140	7	0.81	50	1	3.42	17	15.61
1643826468	2	20	25	26	235	141	7	0.62	19	2	4.28	7	17.33
1643826488	0	5	8	22	164	141	7	0.73	30	1	3.80	7	10.51
1643826508	0	4	8	28	216	142	7	0.68	40	0	3.00	13	24.25
1643826528	0	6	8	30	182	142	7	0.70	24	0	3.22	6	20.79
1643826555	2	13	25	26	217	136	4	0.62	32	0	3.57	8	23.88
1643826575	0	8	8	32	192	140	4	0.77	42	0	3.88	15	20.28
1643826596	2	22	25	27	194	140	4	0.78	32	0	3.38	11	28.51
1643826616	2	24	25	27	262	140	4	0.73	34	1	3.49	8	21.63
1643826636	1	7	15	28	198	140	4	0.74	26	1	3.45	5	14.42
1643826663	2	21	25	21	265	131	12	0.85	22	1	3.22	8	24.68
1643826683	1	20	15	27	206	134	12	0.95	59	5	2.81	16	10.47
1643826703	2	18	25	18	267	135	12	0.75	26	2	4.25	7	17.51
1643826723	1	14	15	33	153	135	12	0.57	50	47	3.21	20	9.84
1643826743	1	16	15	33	228	135	12	0.73	43	1	3.73	13	14.37
1643826770	1	11	15	23	181	130	14	0.72	44	1	4.11	6	13.71
1643826790	0	2	8	36	188	134	14	0.72	49	1	3.25	17	12.21
1643826810	2	24	25	28	194	134	14	0.87	69	10	2.73	18	16.10
1643826830	1	7	15	31	173	135	14	0.81	65	12	2.70	20	10.03
1643826850	1	29	15	37	229	135	14	0.58	51	0	3.70	15	28.35
1643826877	1	19	15	32	238	130	6	0.82	54	1	2.95	15	15.36
1643826897	0	9	8	38	233	134	6	0.77	60	0	3.12	17	42.01
1643826917	1	19	15	30	168	135	6	0.79	57	0	3.25	25	23.62
1643826937	1	16	15	32	222	135	6	0.81	91	4	3.16	21	10.62
1643826957	2	32	25	28	276	136	6	0.82	64	4	3.23	30	16.50
1643826985	1	16	15	31	192	132	10	0.69	44	1	3.43	17	18.15
1643827005	0	8	8	37	196	134	10	0.57	49	1	3.25	23	6.77
1643827025	0	10	8	31	128	134	10	0.58	26	2	2.71	10	5.15
1643827045	0	8	8	35	175	134	10	0.78	51	1	2.89	13	10.18
1643827065	1	9	15	28	218	135	10	0.48	19	6	4.56	7	10.10
1643827092	1	14	15	28	226	138	8	0.75	36	3	4.04	16	10.94
1643827112	0	10	8	26	180	139	8	0.83	36	0	3.68	10	22.51
1643827132	1	13	15	26	154	139	8	0.72	18	1	3.03	6	12.43
1643827152	0	3	8	30	174	139	8	0.58	29	1	3.85	13	10.22
1643827172	0	3	8	31	185	140	8	0.59	50	1	2.88	13	8.14
1643827199	2	10	25	24	200	133	5	0.58	15	1	2.94	3	18.79
1643827219	2	8	25	23	200	134	5	0.81	33	1	3.48	9	19.88
1643827239	1	11	15	25	194	134	5	0.69	27	1	3.68	8	12.15
1643827259	1	15	15	31	241	134	5	0.60	43	1	4.00	15	12.29
1643827279	0	9	8	33	137	135	5	0.44	34	2	3.21	14	4.49
1643827306	2	18	25	26	198	137	15	0.65	24	1	4.36	10	22.33
1643827326	0	9	8	33	185	138	15	0.73	49	30	3.44	18	3.88
1643827347	2	8	25	25	206	138	15	0.75	37	1	4.27	16	20.76
1643827367	1	44	15	29	210	138	15	0.86	55	1	4.16	12	15.07
1643827387	1	21	15	34	228	139	15	0.74	52	0	3.27	20	26.85
1643827414	2	38	25	31	288	132	4	0.81	82	7	3.20	17	16.23
1643827434	0	26	8	27	257	129	4	0.81	82	7	3.20	17	4.23
1643827454	2	11	25	26	280	135	4	0.79	52	0	3.48	13	42.00
1643827474	1	13	15	23	246	137	4	0.79	52	0	3.70	6	42.08
1643827494	0	6	8	31	246	140	4	0.79	68	0	3.03	23	47.65
1643827521	2	19	25	27	288	139	12	0.82	49	1	3.62	21	18.53
1643827541	2	31	25	29	284	140	12	0.95	60	11	2.85	18	16.11
1643827561	0	22	25	28	212	142	12	0.95	60	11	2.85	18	4.11
1643827581	2	27	25	28	229	134	12	0.84	50	7	3.44	16	16.27
1643827601	1	15	15	34	229	135	12	0.69	50	4	3.66	15	10.46
1643827628	1	16	15	28	252	141	11	0.82	33	0	3.43	9	32.26
1643827648	1	13	15	28	237	142	11	0.67	27	2	3.52	11	11.39
1643827668	2	9	25	25	229	143	11	0.63	23	1	3.85	11	20.11
1643827688	2	19	25	26	276	143	11	0.76	29	1	4.03	6	23.43
1643827708	1	10	15	25	215	143	11	0.83	40	0	3.57	12	38.99
1643827735	1	11	15	24	220	136	9	0.73	23	1	3.48	7	12.38
1643827756	1	14	15	25	228	139	9	0.59	32	1	3.61	8	16.30
1643827776	2	21	25	26	226	143	9	0.70	46	0	3.65	16	29.01
1643827796	1	10	15	25	167	144	9	0.59	14	1	2.97	3	14.02
1643827816	2	17	25	25	260	144	9	0.76	41	0	3.44	13	26.13
1643827843	2	39	25	23	258	131	11	0.80	24	1	3.55	8	19.43
1643827863	0	7	8	27	196	134	11	0.91	50	9	3.22	16	4.16
1643827883	2	25	25	18	249	134	11	0.68	50	1	2.82	16	24.13
1643827903	0	15	8	31	192	135	11	0.70	36	5	5.04	14	4.29
1643827923	0	4	8	38	209	135	11	0.70	33	2	3.86	11	5.58
1643827950	0	4	8	29	178	131	9	0.50	21	3	3.10	8	4.51
1643827970	2	12	25	34	235	134	9	0.70	60	0	3.21	7	31.70
1643827990	0	8	8	40	192	134	9	0.67	61	3	2.60	22	4.70
1643828010	1	10	15	41	140	142	9	0.61	62	1	2.30	17	15.99
1643828030	1	7	15	36	121	143	9	0.64	52	1	2.65	15	15.76
1643828057	2	13	25	26	285	134	2	0.84	54	0	3.46	14	51.70
1643828077	1	14	15	29	228	135	2	0.85	56	0	3.79	5	54.11
1643828097	2	29	25	29	222	135	2	0.86	53	0	3.46	17	58.29
1643828117	0	5	8	32	190	136	2	0.83	44	1	3.60	11	11.62
1643828137	1	18	15	32	215	136	2	0.76	69	3	3.12	10	10.88
1643828165	0	9	8	37	165	132	12	0.66	53	1	2.81	14	8.78
1643828185	0	7	8	36	194	134	12	0.60	26	1	2.78	4	6.24
1643828205	0	8	8	39	204	135	12	0.46	47	3	2.66	15	4.47
1643828225	0	8	8	30	130	135	12	0.65	31	0	2.96	11	13.02
1643828245	0	8	8	36	169	135	12	0.68	57	1	2.65	22	9.40
1643828272	1	11	15	24	167	138	3	0.47	13	2	3.74	8	10.72
1643828292	0	8	8	32	185	139	3	0.83	37	1	4.34	11	11.42
1643828312	0	8	8	30	190	139	3	0.74	38	0	3.45	9	32.69
1643828332	0	9	8	27	140	140	3	0.57	22	1	2.79	10	6.47
1643828352	0	8	8	32	169	140	3	0.42	33	1	3.43	9	5.92
1643828379	2	13	25	24	150	134	1	0.61	21	1	3.00	7	18.64
1643828399	2	11	25	23	235	135	1	0.56	15	1	2.91	3	18.03
1643828419	1	17	15	25	225	136	1	0.77	37	1	3.65	15	18.64
1643828439	0	5	8	26	216	136	1	0.66	24	2	3.22	7	5.31
1643828459	0	4	8	29	196	136	1	0.40	39	6	3.03	17	4.02
1643828486	0	3	8	31	214	134	11	0.74	30	3	3.91	5	4.79
1643828506	0	7	8	30	188	136	11	0.48	21	1	3.16	9	5.42
1643828527	0	3	8	32	169	136	11	0.51	36	3	3.10	15	4.39
1643828547	0	8	8	32	137	136	11	0.67	39	1	3.00	13	8.12
1643828567	1	10	15	24	206	137	11	0.72	59	0	3.10	10	23.09
1643828594	0	7	8	37	198	142	13	0.62	63	0	2.38	19	15.82
1643828614	0	8	8	39	185	143	13	0.75	70	1	3.08	16	6.96
1643828634	0	7	8	33	125	143	13	0.77	55	0	3.15	15	23.55
1643828654	0	8	8	33	180	144	13	0.64	51	2	2.96	13	5.16
1643828674	2	36	25	30	290	144	13	0.71	69	0	3.38	8	27.86
1643828701	1	13	15	30	222	137	6	0.81	42	0	3.40	13	38.34
1643828721	2	19	25	26	286	139	6	0.73	42	1	3.52	10	20.74
1643828741	2	23	25	28	271	140	6	0.62	53	2	3.73	18	17.27
1643828761	1	8	15	28	224	140	6	0.83	54	0	3.63	15	22.67
1643828781	1	14	15	31	178	140	6	0.58	40	1	2.95	15	13.04
1643828808	2	29	25	26	285	131	3	0.56	46	1	3.44	24	17.57
1643828828	0	9	8	33	160	133	3	0.77	34	0	3.80	8	22.84
1643828848	0	3	8	32	137	134	3	0.38	29	15	3.29	14	3.88
1643828868	1	12	15	23	218	135	3	0.31	19	17	3.12	11	9.86
1643828888	1	8	15	27	217	135	3	0.67	34	0	3.40	13	24.05
1643828916	0	8	8	31	183	133	10	0.61	33	1	2.89	13	5.94
1643828936	2	8	25	24	172	134	10	0.68	24	1	3.11	6	22.24
1643828956	2	10	25	25	149	134	10	0.84	50	1	3.76	12	21.60
1643828976	1	12	15	27	231	135	10	0.77	34	1	3.63	11	18.44
1643828996	2	8	25	24	132	135	10	0.85	47	0	3.77	12	33.21
1643829023	0	7	8	32	204	140	3	0.71	36	1	3.16	5	8.96
1643829043	1	23	15	29	231	141	3	0.56	24	2	2.71	8	10.77
1643829063	0	8	8	29	134	142	3	0.69	36	2	3.51	11	4.99
1643829083	0	8	8	29	186	142	3	0.57	25	2	3.95	10	5.14
1643829103	2	12	25	26	225	142	3	0.59	34	1	3.64	12	18.81
1643829130	1	10	15	31	200	133	2	0.44	36	2	3.36	18	10.49
1643829150	0	10	8	32	206	134	2	0.70	37	1	3.58	15	9.37
1643829170	0	8	8	35	147	134	2	0.62	65	1	3.19	15	7.62
1643829190	1	19	15	35	238	134	2	0.75	64	0	2.96	18	50.29
1643829210	0	8	8	35	198	135	2	0.80	72	1	3.23	18	9.14
1643829237	0	9	8	38	158	131	1	0.68	57	0	2.59	23	13.90
1643829257	2	4	25	35	200	134	1	0.67	54	0	2.76	16	54.72
1643829277	0	8	8	35	196	135	1	0.69	54	0	3.40	5	20.09
1643829298	0	7	8	35	138	135	1	0.74	49	0	3.01	14	19.12
1643829318	1	10	15	35	204	135	1	0.73	57	0	2.90	22	20.03
1643829345	1	13	15	34	208	137	9	0.73	52	1	3.30	25	17.83
1643829365	1	23	15	32	243	138	9	0.78	61	0	3.13	28	30.05
1643829385	0	9	8	42	144	139	9	0.59	60	1	2.32	22	6.82
1643829405	0	5	8	31	185	139	9	0.69	63	0	2.50	23	15.85
1643829425	0	7	8	33	182	139	9	0.48	37	1	3.30	12	5.73
1643829452	1	8	15	24	194	138	15	0.51	23	3	5.44	13	10.34
1643829472	0	1	8	17	142	138	15	0.47	19	3	4.05	10	4.50
1643829492	1	15	15	28	220	138	15	0.76	39	0	3.34	15	31.75
1643829512	0	9	8	31	190	139	15	0.71	20	1	3.32	7	12.57
1643829532	0	8	8	26	129	139	15	0.62	24	1	3.55	3	9.14
1643829559	0	8	8	35	179	130	9	0.69	49	0	2.97	14	12.42
1643829579	0	6	8	27	184	134	9	0.40	28	2	2.92	8	4.44
1643829599	0	7	8	35	141	134	9	0.73	35	1	3.49	13	7.79
1643829619	0	7	8	32	144	134	9	0.68	36	1	3.01	7	9.01
1643829639	0	10	8	30	208	134	9	0.60	27	1	3.41	6	8.44
1643829666	0	11	8	39	172	128	14	0.53	55	1	2.78	21	6.25
1643829687	1	4	15	30	188	134	14	0.34	18	6	3.51	7	10.01
1643829707	1	15	15	33	217	135	14	0.48	32	2	4.06	14	10.86
1643829727	1	10	15	37	140	135	14	0.59	46	1	3.17	16	12.35
1643829747	1	3	15	33	180	135	14	0.55	38	1	2.63	16	11.32
1643829774	0	8	8	35	155	132	8	0.63	53	1	2.81	21	7.08
1643829794	0	6	8	38	176	134	8	0.60	63	0	2.46	18	14.88
1643829814	0	7	8	36	186	134	8	0.74	72	1	3.01	17	7.21
1643829834	0	8	8	34	124	134	8	0.70	56	1	2.89	22	11.10
1643829854	2	8	25	38	204	134	8	0.49	46	3	2.63	17	16.54
1643829881	2	25	25	27	317	138	4	0.73	54	1	3.66	22	21.04
1643829901	0	10	8	35	177	139	4	0.83	58	0	3.47	19	49.98
1643829921	1	14	15	30	162	140	4	0.85	59	0	3.61	17	26.89
1643829941	1	16	15	32	250	140	4	0.57	57	0	3.19	23	17.31
1643829961	2	21	25	27	276	141	4	0.87	48	0	3.51	22	57.89
1643829988	2	25	25	32	255	133	4	0.83	64	1	3.43	21	18.73
1643830008	1	16	15	27	223	134	4	0.86	70	0	3.47	23	39.20
1643830028	2	27	25	26	245	135	4	0.84	52	0	4.05	7	34.81
1643830048	2	9	25	22	268	135	4	0.84	40	1	3.62	13	25.44
1643830068	1	14	15	25	174	135	4	0.85	23	10	3.15	2	10.10
1643830096	0	11	8	32	169	131	9	0.69	40	0	3.01	13	24.51
1643830116	0	10	8	28	190	134	9	0.66	30	1	3.21	10	9.09
1643830136	2	13	25	30	213	134	9	0.72	35	1	3.31	7	22.55
1643830156	0	7	8	33	128	134	9	0.67	38	1	3.16	11	5.72
1643830176	1	5	15	29	190	135	9	0.39	27	2	2.92	8	10.43
1643830203	1	6	15	21	198	129	4	0.77	31	3	3.61	7	10.71
1643830223	1	17	15	26	245	134	4	0.79	36	1	3.42	5	19.27
1643830243	0	9	8	28	142	134	4	0.67	34	1	3.80	3	9.23
1643830263	2	26	25	23	275	134	4	0.86	32	3	3.96	7	17.08
1643830283	2	11	25	23	259	134	4	0.74	38	0	3.77	13	26.36
1643830310	0	10	8	37	176	131	6	0.39	41	4	2.94	19	4.12
1643830330	0	10	8	37	181	133	6	0.55	38	1	3.01	12	6.05
1643830350	0	6	8	36	183	133	6	0.40	37	4	2.43	14	4.18
1643830370	1	8	15	37	131	134	6	0.59	61	1	3.12	18	14.42
1643830390	1	8	15	40	208	134	6	0.61	62	0	2.49	17	28.67
1643830417	1	9	15	31	165	132	7	0.70	52	0	3.38	11	49.79
1643830437	1	16	15	33	231	133	7	0.83	56	0	3.63	12	44.76
1643830457	2	8	25	28	159	134	7	0.77	79	0	3.12	11	62.00
1643830478	2	15	25	30	226	134	7	0.75	43	0	3.27	8	47.36
1643830498	0	8	8	36	194	135	7	0.81	57	0	3.28	18	48.24
1643830525	2	26	25	27	264	138	9	0.87	75	4	3.40	7	16.64
1643830545	0	9	8	36	186	139	9	0.86	64	21	3.07	18	3.94
1643830565	2	25	25	29	261	140	9	0.69	61	1	2.78	20	19.35
1643830585	0	8	8	36	125	140	9	0.49	45	1	2.90	16	5.23
1643830605	1	16	15	30	215	141	9	0.83	71	0	3.08	24	39.40
1643830632	2	22	25	24	232	132	10	0.68	30	2	4.11	18	17.26
1643830652	0	2	8	27	165	133	10	0.46	30	88	3.45	19	3.81
1643830672	0	10	8	32	196	134	10	0.41	22	12	3.26	8	3.91
1643830692	2	25	25	23	214	134	10	0.85	41	1	3.54	13	21.76
1643830712	1	10	15	23	217	135	10	0.79	36	1	3.63	11	15.45
1643830739	1	9	15	22	200	134	7	0.82	38	0	3.96	12	24.33
1643830759	2	17	25	25	263	136	7	0.60	23	1	3.55	6	21.72
1643830779	0	8	8	31	150	136	7	0.77	40	1	3.26	10	12.46
1643830799	2	10	25	25	226	136	7	0.70	34	1	3.24	8	18.14
1643830819	2	16	25	26	252	144	7	0.85	40	0	3.71	13	31.11
1643830847	2	26	25	28	243	135	3	0.78	34	1	3.93	2	21.21
1643830867	1	19	15	27	245	138	3	0.77	39	1	4.02	9	12.14
1643830887	0	5	8	31	183	138	3	0.58	28	2	4.66	10	5.00
1643830907	2	25	25	28	274	139	3	0.62	38	1	4.51	16	18.98
1643830927	2	21	25	26	258	139	3	0.74	38	0	5.08	12	25.87
1643830954	1	15	15	22	178	126	12	0.84	43	2	4.91	12	11.40
1643830974	1	21	15	33	264	133	12	0.80	86	1	3.33	14	12.91
1643830994	2	13	25	32	165	133	12	0.74	68	1	3.23	17	19.94
1643831014	1	16	15	33	230	134	12	0.73	75	1	3.24	22	14.27
1643831034	0	3	8	34	142	134	12	0.62	57	0	2.70	18	14.29
1643831061	2	17	25	25	260	135	8	0.82	77	0	3.07	13	31.38
1643831081	0	5	8	36	204	138	8	0.82	44	0	3.34	11	47.80
1643831101	1	18	15	29	212	139	8	0.61	34	1	3.55	13	11.96
1643831121	1	17	15	31	214	139	8	0.76	51	1	3.24	21	13.79
1643831141	0	7	8	37	128	139	8	0.66	53	0	2.47	19	20.41
1643831168	0	4	8	34	177	143	2	0.79	48	0	3.16	22	21.45
1643831188	1	12	15	34	223	144	2	0.42	38	20	2.37	15	9.87
1643831208	1	16	15	26	192	145	2	0.79	35	1	3.43	14	14.07
1643831228	1	16	15	25	222	145	2	0.75	41	0	3.78	10	33.87
1643831249	0	3	8	29	147	145	2	0.46	17	5	3.98	6	4.16
1643831276	0	7	8	34	164	130	4	0.59	41	1	2.89	14	10.00
1643831296	0	6	8	31	151	133	4	0.65	38	0	2.81	15	12.15
1643831316	2	6	25	25	169	134	4	0.72	36	1	3.38	9	21.40
1643831336	0	7	8	30	131	134	4	0.70	36	1	3.15	12	10.23
1643831356	1	19	15	35	196	134	4	0.65	35	1	3.29	11	11.74
1643831383	0	7	8	29	136	130	13	0.74	26	1	3.24	9	6.66
1643831403	0	7	8	30	169	134	13	0.73	43	1	3.21	15	12.69
1643831423	2	8	25	33	143	135	13	0.49	27	4	2.77	8	16.27
1643831443	1	5	15	29	115	137	13	0.67	35	1	3.80	2	12.87
1643831463	0	8	8	41	185	137	13	0.66	32	2	3.47	3	4.84
1643831490	2	24	25	22	226	128	9	0.75	35	1	5.96	17	18.60
1643831510	0	7	8	34	177	134	9	0.83	65	15	3.12	26	4.00
1643831530	0	6	8	33	173	134	9	0.57	38	1	3.16	12	6.99
1643831550	1	12	15	26	161	134	9	0.83	40	2	4.96	10	11.16
1643831570	2	20	25	27	276	134	9	0.82	85	1	3.37	17	19.88
1643831597	2	32	25	29	231	133	6	0.86	72	2	3.27	17	18.12
1643831617	0	7	8	41	190	134	6	0.84	59	0	3.51	18	44.16
1643831638	0	7	8	37	188	135	6	0.79	55	0	3.25	10	29.61
1643831658	0	10	8	36	146	135	6	0.56	73	0	2.99	16	42.56
1643831678	0	11	8	39	196	136	6	0.52	30	3	2.59	10	4.57
1643831705	0	8	8	33	130	137	7	0.68	42	1	2.80	13	6.63
1643831725	0	12	8	37	184	138	7	0.78	58	0	3.06	15	15.85
1643831745	1	18	15	32	224	138	7	0.56	57	7	2.67	16	10.10
1643831765	0	10	8	32	140	138	7	0.63	36	1	2.85	13	7.27
1643831785	1	15	15	36	234	138	7	0.69	47	0	3.50	14	35.73
1643831812	0	8	8	35	192	136	7	0.70	41	1	3.08	12	7.81
1643831832	2	28	25	28	271	137	7	0.65	53	0	3.34	6	26.41
1643831852	1	9	15	29	192	138	7	0.51	26	4	4.81	18	10.26
1643831872	1	10	15	27	217	138	7	0.86	24	10	3.19	1	10.10
1643831892	1	17	15	29	245	138	7	0.80	34	1	3.91	8	18.85
1643831919	1	16	15	25	208	125	11	0.76	37	0	3.81	5	40.10
1643831939	2	12	25	23	219	133	11	0.78	36	0	4.00	11	39.44
1643831959	2	19	25	28	231	134	11	0.59	29	0	3.56	14	28.79
1643831979	2	13	25	25	214	134	11	0.60	18	0	2.75	5	24.42
1643831999	0	9	8	26	143	135	11	0.58	33	1	3.07	8	5.64
1643832027	2	17	25	27	229	138	13	0.84	34	0	3.34	11	46.54
1643832047	0	10	8	33	190	140	13	0.79	36	1	3.46	11	12.29
1643832067	0	9	8	33	144	157	13	0.65	43	3	3.06	16	4.60
1643832087	0	5	8	31	142	157	13	0.61	33	1	3.21	11	7.00
1643832107	0	9	8	33	188	157	13	0.47	28	3	3.53	11	4.33
1643832134	2	30	25	28	276	138	4	0.62	42	7	4.25	17	16.11
1643832154	0	9	8	33	200	138	4	0.56	36	34	4.18	13	3.85
1643832174	0	7	8	36	142	139	4	0.66	58	0	2.72	17	16.40
1643832194	0	5	8	33	181	139	4	0.71	73	1	2.95	17	6.65
1643832214	0	8	8	34	182	139	4	0.49	52	38	2.53	22	3.84
1643832241	1	14	15	34	196	132	1	0.71	63	0	3.11	23	32.98
1643832261	2	13	25	29	245	133	1	0.75	79	0	3.22	9	62.00
1643832281	1	17	15	34	186	134	1	0.85	61	0	3.45	16	53.37
1643832301	1	20	15	30	229	135	1	0.71	50	1	3.20	19	17.60
1643832321	0	5	8	32	177	135	1	0.76	50	0	3.29	22	18.43
1643832348	2	27	25	28	241	131	12	0.87	55	0	3.70	16	29.37
1643832368	2	19	25	21	213	134	12	0.90	44	8	2.86	14	16.23
1643832388	1	14	15	30	225	142	12	0.78	64	36	2.83	23	9.87
1643832409	0	7	8	36	194	142	12	0.72	48	0	3.16	15	21.36
1643832429	2	4	25	24	182	143	12	0.86	34	3	3.36	9	16.97
1643832456	2	21	25	27	274	137	6	0.57	21	6	5.30	11	16.13
1643832476	1	14	15	25	156	138	6	0.69	34	0	4.86	1	23.66
1643832496	2	9	25	24	218	139	6	0.80	40	0	3.76	9	52.52
1643832516	2	11	25	26	190	139	6	0.80	34	0	3.77	9	33.27
1643832536	2	12	25	24	176	139	6	0.80	36	0	3.83	11	26.61
1643832563	2	21	25	27	255	138	5	0.45	24	24	3.56	9	15.86
1643832583	0	7	8	32	196	139	5	0.78	33	1	3.60	7	9.57
1643832603	0	9	8	33	140	139	5	0.65	39	1	2.83	15	8.08
1643832623	2	22	25	29	231	139	5	0.83	34	0	3.45	14	61.07
1643832643	1	27	15	27	219	139	5	0.76	31	1	3.37	11	17.11
1643832670	1	10	15	27	248	134	15	0.64	31	1	3.98	8	14.61
1643832690	1	13	15	26	222	135	15	0.74	26	1	4.32	7	12.09
1643832710	1	16	15	30	190	136	15	0.67	40	1	5.29	16	12.87
1643832730	0	5	8	32	192	136	15	0.52	38	3	3.53	17	4.48
1643832750	2	13	25	24	148	136	15	0.87	56	1	4.02	11	22.85
1643832778	1	13	15	33	226	132	5	0.84	51	0	3.57	16	33.33
1643832798	0	5	8	32	138	134	5	0.60	72	2	2.78	18	5.32
1643832818	0	4	8	33	178	135	5	0.58	60	2	2.47	24	5.05
1643832838	2	12	25	28	292	135	5	0.60	59	2	2.62	22	16.92
1643832858	1	13	15	29	229	136	5	0.73	48	1	3.58	8	13.57
1643832885	0	10	8	33	196	138	6	0.79	62	0	2.98	14	47.64
1643832905	0	4	8	32	196	140	6	0.53	58	17	2.86	16	3.90
1643832925	0	8	8	36	126	140	6	0.65	45	0	2.51	17	13.91
1643832945	1	18	15	32	220	140	6	0.73	46	0	3.25	13	54.77
1643832965	0	6	8	32	183	140	6	0.82	54	0	3.10	24	29.53
1643832992	1	13	15	33	226	140	9	0.69	49	1	3.73	15	16.94
1643833012	0	9	8	33	182	140	9	0.81	29	0	3.17	14	30.32
1643833032	1	17	15	31	214	141	9	0.82	49	1	3.23	16	19.59
1643833052	1	14	15	31	244	141	9	0.52	21	4	5.49	11	10.31
1643833072	0	8	8	34	155	141	9	0.59	29	2	2.91	12	5.33
1643833099	2	30	25	20	296	131	15	0.86	25	0	3.85	9	31.12
1643833119	1	15	15	26	239	133	15	0.98	37	6	3.36	6	10.47
1643833139	0	8	8	33	194	133	15	0.81	27	6	3.02	5	4.27
1643833160	1	13	15	28	189	134	15	0.47	22	1	3.65	7	13.29
1643833180	1	13	15	24	222	134	15	0.72	27	2	3.54	8	11.72
1643833207	2	14	25	24	232	132	11	0.85	40	0	3.73	13	36.10
1643833227	2	9	25	26	226	133	11	0.82	34	0	3.88	12	33.98
1643833247	1	17	15	26	231	134	11	0.76	32	2	3.46	9	11.04
1643833267	2	12	25	24	249	139	11	0.68	57	1	3.24	18	23.31
1643833287	2	19	25	26	194	139	11	0.64	32	2	5.00	13	17.49
1643833314	0	10	8	34	133	138	3	0.49	45	2	3.02	15	4.87
1643833334	0	8	8	32	188	139	3	0.46	36	3	2.89	15	4.49
1643833354	2	19	25	25	256	139	3	0.71	43	1	3.71	16	22.54
1643833374	1	18	15	33	156	139	3	0.80	58	0	3.34	20	42.51
1643833394	2	23	25	29	272	139	3	0.78	75	1	3.17	14	22.26
1643833421	0	5	8	36	147	130	15	0.68	51	0	2.89	11	14.38
1643833441	1	8	15	38	168	134	15	0.52	48	1	2.89	19	11.80
1643833461	1	3	15	33	181	134	15	0.52	43	1	2.74	9	13.35
1643833481	0	5	8	36	119	134	15	0.77	58	0	2.80	14	36.66
1643833501	0	6	8	35	167	134	15	0.53	32	1	2.92	8	7.70
1643833529	0	6	8	34	187	137	5	0.61	43	1	2.55	15	7.47
1643833549	1	19	15	34	271	139	5	0.59	50	0	2.47	18	19.66
1643833569	2	11	25	25	158	139	5	0.83	47	0	3.67	14	27.27
1643833589	0	5	8	31	198	139	5	0.48	48	10	2.75	18	3.96
1643833609	1	18	15	28	196	139	5	0.65	43	0	2.85	11	21.62
1643833636	0	6	8	36	150	132	15	0.64	40	1	2.81	13	7.52
1643833656	1	9	15	34	260	135	15	0.48	29	3	3.67	15	10.47
1643833676	0	5	8	27	223	135	15	0.67	47	0	3.14	18	15.21
1643833696	2	6	25	29	248	135	15	0.48	39	0	3.66	1	23.67
1643833716	1	8	15	29	206	135	15	0.49	40	0	3.65	5	31.24
1643833743	2	13	25	25	202	137	11	0.56	30	0	3.52	10	28.05
1643833763	0	8	8	32	266	138	11	0.57	25	0	3.74	11	15.35
1643833783	1	12	15	28	248	138	11	0.75	37	1	3.26	7	17.84
1643833803	1	16	15	27	236	138	11	0.74	33	1	3.80	10	15.19
1643833823	0	10	8	34	186	138	11	0.44	28	4	2.69	11	4.18
1643833850	0	6	8	30	180	131	7	0.61	22	2	3.11	8	5.34
1643833870	1	4	15	32	194	134	7	0.70	50	0	2.86	16	22.09
1643833890	0	4	8	28	169	135	7	0.55	30	2	3.63	7	4.99
1643833911	2	12	25	36	161	135	7	0.71	37	1	3.83	13	19.19
1643833931	1	9	15	37	154	135	7	0.27	32	19	2.60	17	9.84
1643833958	2	18	25	20	306	131	11	0.67	46	2	3.55	7	17.57
1643833978	0	7	8	37	188	134	11	0.80	57	0	3.46	21	23.31
1643833998	0	6	8	39	188	135	11	0.67	68	0	2.23	20	43.34
1643834018	2	15	25	23	236	135	11	0.81	51	1	3.41	15	26.31
1643834038	2	25	25	34	272	136	11	0.75	51	1	3.75	16	20.44
1643834065	1	13	15	32	218	129	8	0.77	51	0	2.97	14	55.98
1643834085	2	22	25	28	268	134	8	0.77	61	0	3.09	17	58.86
1643834105	2	24	25	28	294	139	8	0.64	40	10	3.57	18	16.02
1643834125	0	9	8	34	198	133	8	0.73	90	6	2.97	22	4.23
1643834145	0	5	8	32	246	139	8	0.69	54	0	2.50	18	26.23
1643834172	1	16	15	31	191	132	11	0.73	53	0	3.00	24	43.14
1643834192	2	20	25	33	260	134	11	0.83	58	0	3.37	18	44.53
1643834212	2	11	25	26	230	134	11	0.72	40	1	3.79	13	24.69
1643834232	0	8	8	38	216	134	11	0.81	50	0	3.88	7	16.81
1643834252	2	36	25	25	282	135	11	0.40	30	18	3.14	14	15.87
1643834280	2	18	25	27	235	138	11	0.81	42	0	3.86	12	46.36
1643834300	1	18	15	25	253	139	11	0.78	32	0	4.13	7	20.99
1643834320	0	5	8	27	142	140	11	0.70	18	0	2.84	5	14.58
1643834340	0	7	8	32	155	140	11	0.57	29	1	3.97	13	9.58
1643834360	2	22	25	27	247	140	11	0.51	38	1	3.03	15	18.24
1643834387	1	10	15	24	208	136	4	0.58	15	1	2.92	3	14.18
1643834407	0	7	8	26	180	138	4	0.70	34	1	3.52	9	7.78
1643834427	2	12	25	24	145	138	4	0.64	27	1	3.49	10	18.68
1643834447	0	2	8	31	206	139	4	0.50	26	2	3.17	10	4.66
1643834467	2	13	25	24	232	139	4	0.60	54	1	2.80	15	17.57
1643834494	2	27	25	19	237	131	2	0.67	26	4	5.11	10	16.36
1643834514	0	8	8	35	192	134	2	0.68	42	9	5.02	19	4.06
1643834534	1	22	15	30	216	134	2	0.49	40	3	2.82	17	10.42
1643834554	1	23	15	31	242	134	2	0.61	46	1	3.66	14	15.02
1643834574	2	27	25	30	286	135	2	0.77	62	0	3.14	22	48.05
1643834601	2	22	25	28	226	133	11	0.83	83	1	3.23	16	22.15
1643834621	1	15	15	27	240	134	11	0.91	61	8	2.94	18	10.19
1643834641	0	4	8	33	192	135	11	0.66	50	0	3.57	18	19.75
1643834661	0	5	8	27	127	137	11	0.65	44	0	2.82	13	21.84
1643834682	1	13	15	31	230	137	11	0.85	64	0	3.45	11	54.73
1643834709	2	23	25	28	280	133	6	0.80	55	1	3.11	21	20.75
1643834729	1	22	15	37	235	134	6	0.87	53	0	3.71	24	49.24
1643834749	0	2	8	38	147	135	6	0.72	57	0	2.69	20	17.71
1643834769	0	10	8	36	161	135	6	0.49	39	1	3.78	4	6.11
1643834789	2	25	25	30	267	135	6	0.57	43	1	2.97	12	18.77
1643834816	1	10	15	27	233	138	6	0.74	25	2	3.42	8	11.48
1643834836	2	19	25	27	281	138	6	0.54	19	8	4.92	9	16.02
1643834856	2	11	25	25	190	139	6	0.60	22	7	4.49	10	16.13
1643834876	0	11	8	33	198	139	6	0.73	39	0	3.79	14	23.10
1643834896	2	13	25	24	165	140	6	0.74	32	1	3.76	12	20.66
1643834923	0	8	8	27	194	135	9	0.72	20	0	3.10	6	24.54
1643834943	2	11	25	25	210	136	9	0.64	33	1	3.11	12	22.38
1643834963	0	8	8	32	147	137	9	0.62	36	1	2.97	14	8.12
1643834983	0	4	8	23	200	137	9	0.67	32	1	2.86	10	8.69
1643835003	0	7	8	32	166	137	9	0.60	33	1	3.11	8	6.82
1643835030	0	6	8	31	194	131	14	0.64	24	2	3.15	8	5.29
1643835050	0	4	8	22	186	134	14	0.69	33	3	3.14	8	4.79
1643835071	0	8	8	29	208	134	14	0.56	44	3	3.34	13	4.45
1643835091	2	19	25	26	164	134	14	0.68	28	2	4.35	8	17.51
1643835111	1	18	15	31	238	134	14	0.67	54	47	3.24	22	9.84
1643835138	1	14	15	24	191	132	11	0.63	20	1	4.26	8	13.16
1643835158	2	35	25	32	286	133	11	0.74	60	0	3.73	3	29.83
1643835178	1	14	15	35	184	134	11	0.77	65	0	2.78	20	55.10
1643835198	0	7	8	40	190	134	11	0.77	72	1	3.12	17	7.59
1643835218	1	14	15	29	224	134	11	0.61	55	0	2.67	14	32.93
1643835245	1	9	15	30	227	137	4	0.67	46	0	3.30	14	41.99
1643835265	2	22	25	25	265	139	4	0.81	54	0	3.76	5	48.32
1643835285	2	25	25	29	274	139	4	0.77	57	0	3.43	22	33.21
1643835305	2	29	25	28	286	139	4	0.77	42	1	3.46	12	21.38
1643835325	0	5	8	33	140	139	4	0.62	56	1	2.72	18	6.75
1643835352	0	7	8	35	187	133	11	0.69	56	0	2.93	15	16.57
1643835372	0	12	8	37	185	134	11	0.79	28	0	3.07	4	42.74
1643835392	0	9	8	34	130	135	11	0.64	42	0	2.87	11	14.60
1643835412	1	14	15	25	186	135	11	0.76	27	1	2.52	10	13.71
1643835432	1	15	15	30	220	135	11	0.84	41	1	3.39	12	14.95
1643835460	1	16	15	25	239	138	13	0.63	19	2	4.36	8	11.35
1643835480	2	12	25	26	250	140	13	0.79	31	0	4.19	8	26.35
1643835500	1	21	15	26	235	140	13	0.75	30	0	3.80	8	26.55
1643835520	0	5	8	27	186	149	13	0.71	37	0	3.78	5	33.52
1643835540	2	10	25	25	178	149	13	0.63	34	0	4.32	16	34.57
1643835567	2	12	25	24	206	134	6	0.76	31	0	3.43	13	38.48
1643835587	2	24	25	26	220	135	6	0.65	20	2	3.17	6	17.39
1643835607	0	7	8	27	146	136	6	0.39	22	17	2.85	5	3.88
1643835627	1	6	15	23	208	136	6	0.54	24	2	2.68	8	10.86
1643835647	1	12	15	25	217	136	6	0.75	43	1	4.28	8	15.46
1643835674	2	21	25	26	242	139	4	0.78	30	3	4.30	5	17.01
1643835694	2	18	25	26	252	142	4	0.62	22	1	4.14	9	22.13
1643835714	0	3	8	33	149	143	4	0.45	47	3	2.58	21	4.30
1643835734	0	8	8	32	170	144	4	0.61	38	1	2.85	16	6.06
1643835754	2	17	25	25	239	144	4	0.78	58	1	3.22	10	25.54
1643835781	1	27	15	36	230	139	12	0.77	65	0	2.95	19	54.35
1643835801	2	10	25	29	302	140	12	0.83	72	1	3.40	16	20.37
1643835821	1	16	15	30	172	140	12	0.89	63	4	3.04	15	10.75
1643835842	2	24	25	29	268	140	12	0.80	52	0	3.51	12	52.52
1643835862	1	13	15	32	220	140	12	1.02	73	4	3.21	11	10.74
1643835889	2	15	25	26	280	139	1	0.86	42	0	3.59	13	42.70
1643835909	2	29	25	28	304	140	1	0.85	44	1	3.58	14	21.64
1643835929	2	28	25	28	242	141	1	0.79	58	6	3.55	16	16.26
1643835949	0	10	8	37	190	141	1	0.86	54	1	3.64	15	11.92
1643835969	2	27	25	28	264	142	1	0.80	56	0	3.30	25	61.99
1643835996	1	14	15	29	202	131	4	0.78	42	0	3.30	12	34.54
1643836016	2	21	25	28	262	133	4	0.78	30	1	2.83	11	24.98
1643836036	1	17	15	30	180	134	4	0.53	21	3	4.92	11	10.41
1643836056	0	7	8	27	194	135	4	0.47	21	14	3.60	9	3.92
1643836076	1	16	15	27	215	135	4	0.57	34	1	2.89	12	13.63
1643836103	1	16	15	23	212	138	9	0.73	34	1	3.45	13	13.36
1643836123	2	13	25	25	202	138	9	0.75	24	0	3.49	6	35.04
1643836143	2	17	25	26	198	139	9	0.71	30	1	3.73	11	18.99
1643836163	1	11	15	25	221	139	9	0.82	41	0	3.72	16	33.14
1643836183	0	8	8	24	142	140	9	0.65	40	1	3.33	8	7.63
1643836210	0	9	8	31	196	134	9	0.68	36	1	2.98	8	7.86
1643836231	2	16	25	25	246	136	9	0.62	24	1	3.15	4	17.54
1643836251	1	15	15	26	202	136	9	0.77	36	2	4.04	11	11.37
1643836271	2	10	25	23	215	136	9	0.55	33	1	4.01	14	17.41
1643836291	2	13	25	23	167	137	9	0.80	40	1	4.63	15	20.70
1643836318	2	13	25	26	236	133	6	0.71	44	1	5.18	16	21.95
1643836338	1	22	15	27	234	134	6	0.72	29	4	4.30	13	10.55
1643836358	2	30	25	29	271	134	6	0.78	79	8	3.28	23	16.17
1643836378	0	8	8	38	194	134	6	0.84	59	0	3.45	19	39.35
1643836398	2	22	25	28	204	135	6	0.75	54	3	3.47	20	16.70
1643836425	2	10	25	29	302	131	5	0.89	56	0	3.73	15	36.29
1643836445	0	14	8	30	176	134	5	0.82	61	1	3.48	13	6.97
1643836465	2	23	25	28	240	136	5	0.75	33	1	3.22	12	22.02
1643836485	2	38	25	24	276	136	5	0.83	58	0	3.56	21	40.66
1643836505	2	31	25	28	242	136	5	0.78	44	0	3.67	17	27.28
1643836532	2	33	25	27	282	137	9	0.80	57	3	3.36	20	17.07
1643836552	2	27	25	29	288	139	9	0.92	60	2	3.21	18	17.54
1643836572	2	25	25	29	222	139	9	0.78	52	22	3.03	16	15.92
1643836592	2	26	25	27	200	139	9	0.79	50	3	3.01	14	16.67
1643836613	1	17	15	27	228	139	9	0.79	29	1	2.71	11	15.81
1643836640	0	10	8	33	189	139	13	0.38	24	14	4.11	13	3.89
1643836660	2	1	25	17	108	140	13	0.40	22	11	3.26	8	15.92
1643836680	1	16	15	31	204	140	13	0.77	42	0	3.56	15	25.36
1643836700	0	8	8	33	202	140	13	0.82	34	1	3.76	6	7.43
1643836720	2	11	25	24	214	140	13	0.75	35	0	3.84	11	33.99
1643836747	0	10	8	34	176	130	1	0.61	50	1	2.99	13	10.15
1643836767	2	8	25	30	190	134	1	0.51	28	2	2.77	12	17.13
1643836787	0	8	8	35	175	134	1	0.68	32	1	3.04	11	9.75
1643836807	0	7	8	33	151	134	1	0.68	37	1	3.01	12	10.22
1643836827	2	11	25	30	204	134	1	0.56	20	1	3.14	6	19.05
1643836854	2	25	25	31	244	128	2	0.79	45	1	3.40	10	23.30
1643836874	1	13	15	25	210	134	2	0.63	28	2	5.00	10	11.05
1643836894	1	15	15	31	212	135	2	0.84	46	1	4.32	14	12.47
1643836914	2	25	25	28	282	135	2	0.57	42	1	4.02	18	17.75
1643836934	2	8	25	20	198	135	2	0.50	24	43	4.21	14	15.83
1643836961	2	34	25	27	288	132	1	0.76	58	8	3.27	18	16.12
1643836982	0	7	8	35	196	134	1	0.83	60	0	3.32	18	49.84
1643837002	2	19	25	26	262	134	1	0.84	59	0	3.48	18	55.67
1643837022	0	6	8	35	192	134	1	0.89	56	0	3.65	7	42.72
1643837042	0	7	8	37	214	135	1	0.55	58	2	2.47	23	5.07
1643837069	1	15	15	36	209	133	1	0.62	53	1	3.13	22	17.01
1643837089	2	29	25	28	294	134	1	0.80	53	0	3.19	17	57.30
1643837109	0	3	8	32	140	134	1	0.78	59	1	3.08	17	11.87
1643837129	1	17	15	35	244	135	1	0.77	57	0	3.47	13	28.41
1643837149	0	9	8	34	190	135	1	0.83	55	1	3.47	12	12.85
1643837176	0	9	8	40	206	133	14	0.49	55	2	2.24	22	4.70
1643837196	2	5	25	34	181	134	14	0.75	71	0	2.59	24	31.17
1643837216	0	8	8	33	196	135	14	0.49	28	2	2.65	11	5.10
1643837236	0	4	8	33	157	136	14	0.43	21	8	3.83	11	3.98
1643837256	2	10	25	29	192	136	14	0.64	25	1	3.43	8	18.54
1643837283	1	14	15	28	228	131	8	0.71	40	0	3.77	3	30.70
1643837303	2	20	25	22	222	135	8	0.81	34	0	3.89	12	30.01
1643837323	0	9	8	29	124	135	8	0.73	38	0	3.27	12	15.85
1643837343	0	6	8	30	192	135	8	0.51	34	1	3.58	16	9.26
1643837363	0	10	8	25	192	135	8	0.69	35	1	2.99	12	8.34
1643837391	1	19	15	23	217	130	13	0.78	31	1	3.66	7	13.39
1643837411	2	10	25	26	239	138	13	0.79	36	1	3.43	4	24.56
1643837431	2	11	25	24	174	139	13	0.78	34	1	3.99	2	24.65
1643837451	2	8	25	26	229	140	13	0.72	28	2	3.73	7	17.55
1643837471	0	7	8	35	137	140	13	0.65	26	2	3.66	7	5.52
1643837498	0	8	8	33	164	132	15	0.37	40	15	2.62	19	3.88
1643837518	2	18	25	27	242	134	15	0.56	39	2	3.34	15	16.84
1643837538	2	19	25	27	212	135	15	0.76	30	4	4.86	6	16.57
1643837558	0	8	8	36	186	135	15	0.68	85	1	3.03	15	6.71
1643837578	0	8	8	39	194	135	15	0.56	55	1	2.53	19	7.07
1643837605	2	29	25	29	252	132	8	0.78	52	0	3.67	11	55.85
1643837625	1	20	15	30	232	133	8	0.93	60	1	3.29	16	13.35
1643837645	2	23	25	26	274	134	8	0.80	55	0	3.23	13	61.99
1643837665	2	32	25	24	261	134	8	0.77	34	9	3.15	11	16.10
1643837685	2	28	25	27	275	134	8	0.81	62	6	2.94	20	16.29
1643837712	1	17	15	31	162	141	12	0.81	80	5	3.11	23	10.45
1643837732	0	9	8	41	188	143	12	0.73	55	0	3.34	18	23.11
1643837752	2	22	25	28	262	144	12	0.68	45	11	3.57	17	16.02
1643837773	0	7	8	43	190	144	12	0.60	52	2	2.33	24	5.16
1643837793	1	16	15	28	226	144	12	0.72	58	1	2.79	19	17.36
1643837820	1	15	15	25	198	132	5	0.60	30	2	3.85	18	11.08
1643837840	1	13	15	25	202	133	5	0.49	26	2	5.37	16	10.67
1643837860	0	9	8	34	140	134	5	0.67	44	0	2.79	15	27.70
1643837880	2	18	25	27	254	135	5	0.81	38	0	3.60	16	55.71
1643837900	1	11	15	24	226	135	5	0.79	32	1	3.72	7	13.82
1643837927	2	14	25	20	276	130	4	0.82	30	0	3.49	11	34.70
1643837947	2	30	25	24	296	134	4	0.88	52	1	3.67	13	20.10
1643837967	0	8	8	35	174	134	4	0.74	32	0	3.81	10	15.43
1643837987	0	5	8	31	146	135	4	0.71	25	2	3.01	8	5.25
1643838007	0	8	8	31	219	136	4	0.67	33	1	3.18	8	7.45
1643838034	0	12	8	33	239	134	5	0.68	33	1	3.81	2	7.28
1643838054	0	5	8	30	208	138	5	0.46	52	3	2.55	20	4.49
1643838074	1	12	15	23	249	138	5	0.76	50	1	3.65	19	14.28
1643838094	2	24	25	27	296	138	5	0.52	28	1	4.64	12	17.97
1643838115	0	9	8	36	223	138	5	0.68	49	10	4.31	19	4.03
1643838142	1	22	15	23	233	127	12	0.84	43	2	4.91	12	11.40
1643838162	0	13	8	36	216	142	12	0.75	52	0	3.21	19	16.61
1643838182	2	11	25	28	298	143	12	0.60	61	0	2.40	17	26.91
1643838202	1	19	15	30	206	143	12	0.81	72	1	3.33	17	15.05
1643838222	0	3	8	34	142	143	12	0.64	56	1	2.58	24	7.17
1643838249	1	14	15	28	255	136	2	0.82	79	0	3.25	10	56.00
1643838269	0	8	8	39	232	140	2	0.79	42	0	3.23	16	47.51
1643838289	0	5	8	33	214	141	2	0.63	59	1	2.51	20	10.13
1643838309	2	24	25	27	275	141	2	0.73	44	1	2.95	15	19.28
1643838329	2	21	25	27	218	141	2	0.86	85	4	3.26	19	16.67
1643838356	2	10	25	27	262	134	1	0.64	47	16	3.29	20	15.94
1643838376	0	5	8	30	188	137	1	0.46	54	5	2.24	22	4.13
1643838396	0	5	8	31	221	138	1	0.74	69	1	2.78	25	9.16
1643838416	0	6	8	30	198	138	1	0.65	32	0	3.01	9	13.24
1643838436	2	16	25	25	176	138	1	0.53	21	4	5.41	9	16.23
1643838463	2	25	25	25	260	130	11	0.61	19	2	4.24	9	17.27
1643838483	1	17	15	26	173	133	11	0.72	25	1	3.65	9	16.32
1643838504	2	14	25	21	285	134	11	0.87	40	0	3.57	4	51.21
1643838524	0	2	8	33	185	134	11	0.81	22	1	3.76	7	6.33
1643838544	2	15	25	18	230	134	11	0.74	41	0	4.08	16	32.25
1643838571	0	5	8	29	186	132	12	0.66	25	1	2.94	10	5.75
1643838591	2	6	25	30	176	134	12	0.70	28	2	3.22	7	17.48
1643838611	2	9	25	33	140	134	12	0.59	32	1	2.87	10	19.79
1643838631	2	7	25	30	164	135	12	0.55	35	1	3.13	11	18.62
1643838651	2	15	25	35	222	135	12	0.56	20	1	2.61	8	18.22
1643838678	2	9	25	24	210	129	2	0.70	36	1	5.28	17	18.36
1643838698	0	4	8	31	198	134	2	0.77	48	1	4.69	23	6.74
1643838718	0	8	8	32	155	134	2	0.44	41	5	2.81	19	4.15
1643838738	0	7	8	30	143	135	2	0.59	34	2	3.25	16	4.80
1643838758	1	15	15	35	234	135	2	0.77	85	1	3.25	15	13.61
1643838785	2	30	25	28	255	132	13	0.85	71	1	3.39	17	21.25
1643838805	2	16	25	29	248	134	13	0.92	69	7	2.82	20	16.28
1643838825	1	31	15	34	224	134	13	0.90	74	12	2.70	25	10.07
1643838845	1	22	15	33	261	135	13	0.58	45	0	3.30	14	27.67
1643838865	0	9	8	39	146	144	13	0.65	65	0	2.56	19	18.04
1643838893	0	10	8	33	218	138	2	0.72	33	0	3.97	10	24.81
1643838913	2	26	25	30	276	139	2	0.60	44	1	2.82	19	19.94
1643838933	0	7	8	30	129	139	2	0.61	49	0	3.07	15	13.78
1643838953	0	10	8	33	194	140	2	0.61	41	1	2.51	22	8.94
1643838973	1	16	15	35	241	140	2	0.56	52	1	2.31	23	15.22
1643839000	2	6	25	26	234	142	6	0.84	41	1	3.89	12	23.75
1643839020	2	26	25	28	261	143	6	0.80	53	0	3.88	5	34.95
1643839040	1	20	15	29	226	143	6	0.46	29	3	4.06	17	10.43
1643839060	1	17	15	31	237	156	6	0.48	13	2	3.68	8	10.71
1643839080	0	5	8	32	138	156	6	0.82	37	1	4.33	14	10.67
1643839107	0	9	8	30	161	125	9	0.70	35	1	3.44	8	12.50
1643839127	1	7	15	29	183	134	9	0.75	36	1	3.38	13	18.75
1643839147	1	7	15	33	181	134	9	0.56	33	0	3.72	12	19.03
1643839167	1	8	15	31	126	135	9	0.68	25	2	2.92	8	11.05
1643839187	1	5	15	30	172	135	9	0.50	19	1	2.64	7	11.24
1643839214	1	16	15	29	189	132	8	0.78	27	2	3.25	7	11.50
1643839234	2	12	25	25	220	134	8	0.76	34	1	3.93	3	22.35
1643839254	1	19	15	30	235	134	8	0.71	40	0	3.60	12	20.65
1643839275	2	24	25	27	235	136	8	0.65	33	2	4.65	15	17.12
1643839295	1	16	15	30	208	136	8	0.67	22	2	4.37	8	11.37
1643839322	1	15	15	33	240	137	7	0.52	41	1	3.47	17	11.58
1643839342	0	8	8	34	192	138	7	0.59	33	1	4.74	15	5.70
1643839362	1	12	15	33	172	138	7	0.77	60	0	3.16	18	50.65
1643839382	1	20	15	33	233	138	7	0.76	72	1	3.16	16	13.70
1643839402	2	28	25	29	218	138	7	0.79	58	1	3.44	21	18.43
1643839429	0	5	8	34	200	136	10	0.65	55	1	2.63	18	8.16
1643839449	0	7	8	32	202	137	10	0.52	33	1	2.79	11	5.78
1643839469	0	5	8	33	143	137	10	0.76	56	0	2.85	15	31.02
1643839489	1	12	15	30	224	138	10	0.65	35	1	3.54	13	15.85
1643839509	1	16	15	31	233	138	10	0.72	49	0	3.19	22	30.06
1643839536	2	30	25	28	219	132	5	0.87	56	1	3.59	16	26.71
1643839556	2	19	25	21	260	134	5	0.61	34	1	3.78	17	20.09
1643839576	0	12	8	40	135	135	5	0.42	45	7	2.82	24	4.00
1643839596	1	7	15	27	238	136	5	0.58	27	1	3.19	12	11.44
1643839616	1	16	15	24	227	136	5	0.85	51	0	3.53	7	24.81
1643839644	0	16	8	33	204	139	1	0.38	25	26	3.76	15	3.84
1643839664	1	7	15	22	208	139	1	0.63	29	7	3.28	2	10.12
1643839684	2	15	25	25	158	140	1	0.69	19	0	3.22	6	25.82
1643839704	0	7	8	26	164	140	1	0.68	41	0	3.24	11	22.84
1643839724	1	17	15	25	248	140	1	0.65	24	1	3.49	4	15.50
1643839751	0	8	8	33	194	131	4	0.69	43	0	3.06	16	17.86
1643839771	2	9	25	30	184	134	4	0.67	40	1	3.25	17	20.62
1643839791	2	12	25	32	210	134	4	0.81	50	0	3.37	14	34.48
1643839811	1	9	15	32	136	134	4	0.47	33	1	3.02	10	11.13
1643839831	0	9	8	37	190	135	4	0.63	33	1	3.77	2	7.97
1643839858	2	20	25	26	186	138	3	0.56	32	2	4.30	13	17.06
1643839878	1	13	15	26	235	139	3	0.66	34	2	4.44	12	11.12
1643839898	2	19	25	26	253	140	3	0.66	42	1	5.05	18	18.02
1643839918	1	12	15	32	247	140	3	0.79	41	1	4.30	9	13.83
1643839938	1	15	15	25	263	140	3	0.63	24	1	4.86	8	15.73
1643839965	1	16	15	31	265	136	7	0.77	60	0	3.18	18	49.03
1643839986	2	23	25	27	292	138	7	0.79	72	1	3.18	18	20.14
1643840006	0	8	8	34	260	139	7	0.84	59	1	3.35	18	12.94
1643840026	0	7	8	42	213	134	7	0.87	55	1	3.73	14	13.91
1643840046	2	23	25	26	204	135	7	0.85	56	0	3.80	5	60.31
1643840073	2	18	25	26	269	132	10	0.87	55	0	3.60	12	61.99
1643840093	0	8	8	33	210	134	10	0.69	35	1	3.77	14	10.44
1643840113	0	9	8	39	204	135	10	0.47	39	26	2.90	21	3.86
1643840133	1	14	15	32	262	135	10	0.61	57	1	2.74	16	11.54
1643840153	2	17	25	25	265	136	10	0.81	34	0	3.42	11	46.03
1643840180	1	17	15	31	257	138	13	0.77	43	0	3.79	12	25.93
1643840200	0	8	8	32	219	139	13	0.80	29	0	3.20	12	25.51
1643840220	2	20	25	28	288	139	13	0.62	31	0	2.96	11	24.37
1643840240	2	16	25	26	194	140	13	0.56	25	4	5.07	14	16.34
1643840260	2	19	25	26	247	140	13	0.66	46	1	3.76	9	17.81
1643840287	2	31	25	19	296	132	5	0.82	35	5	3.52	8	16.41
1643840307	2	13	25	25	242	128	5	0.78	35	0	3.72	8	31.98
1643840327	0	7	8	30	226	133	5	0.79	34	0	3.43	12	22.89
1643840347	1	7	15	26	217	135	5	0.49	34	1	3.09	10	13.25
1643840368	0	11	8	30	135	136	5	0.71	20	1	3.04	6	11.03
1643840395	0	8	8	32	184	141	8	0.73	40	0	2.93	13	15.46
1643840415	2	12	25	25	210	142	8	0.63	33	0	2.84	14	26.20
1643840435	1	13	15	26	188	143	8	0.74	24	1	3.30	10	13.97
1643840455	0	6	8	29	170	143	8	0.62	31	3	3.70	12	4.69
1643840475	0	8	8	32	177	144	8	0.59	41	2	3.59	16	4.97
1643840502	0	6	8	38	183	133	11	0.44	41	4	2.77	19	4.20
1643840522	1	3	15	35	192	134	11	0.45	36	2	2.82	15	10.55
1643840542	1	4	15	31	176	134	11	0.68	42	1	3.75	15	15.05
1643840562	2	9	25	37	131	134	11	0.73	57	0	2.79	13	40.64
1643840582	1	8	15	37	194	134	11	0.61	70	1	2.78	21	12.79
1643840609	2	13	25	25	231	132	7	0.88	55	0	3.73	12	43.93
1643840629	1	14	15	32	228	134	7	0.83	60	3	3.30	22	10.77
1643840649	2	17	25	19	272	135	7	0.85	56	0	3.29	14	62.00
1643840669	0	8	8	36	212	135	7	0.67	61	0	2.47	15	19.82
1643840689	0	8	8	36	192	153	7	0.70	52	1	2.92	13	11.17
1643840716	2	21	25	27	224	131	14	0.84	58	0	3.55	23	33.91
1643840737	0	12	8	39	145	134	14	0.60	55	5	2.59	19	4.23
1643840757	1	7	15	28	226	135	14	0.46	36	1	2.58	15	11.12
1643840777	1	17	15	34	186	135	14	0.81	60	0	3.17	21	38.14
1643840797	2	22	25	21	278	135	14	0.82	40	1	3.50	12	19.02
1643840824	1	11	15	28	181	132	4	0.77	40	0	3.32	13	19.95
1643840844	2	12	25	25	216	134	4	0.59	27	2	5.06	18	17.34
1643840864	2	14	25	24	142	135	4	0.78	37	1	3.67	12	22.91
1643840884	2	14	25	25	226	135	4	0.79	34	1	3.76	8	25.27
1643840904	0	9	8	28	188	136	4	0.81	41	0	3.55	3	24.80
1643840931	1	18	15	26	248	141	3	0.52	33	0	3.69	8	15.74
1643840951	1	11	15	26	217	143	3	0.71	49	5	3.60	17	10.28
1643840971	2	28	25	27	221	143	3	0.55	16	1	2.97	6	17.96
1643840991	0	11	8	25	226	134	3	0.81	42	18	3.63	14	3.95
1643841011	2	15	25	26	267	135	3	0.67	32	1	3.52	9	20.52
