1643967990	0	7	8	34	213	137	15	0.66	28	3	3.09	9	11.53
1643968010	0	10	8	33	208	137	15	0.42	21	12	3.84	10	-21.92
1643968030	2	34	25	28	271	138	15	0.55	19	2	3.31	8	11.71
1643968050	2	17	25	27	266	138	15	0.92	37	8	3.85	9	46.87
1643968070	2	10	25	22	176	133	15	0.71	30	1	3.61	13	29.36
1643968097	2	19	25	27	196	136	0	0.62	29	1	4.16	13	19.85
1643968117	0	10	8	30	208	138	0	0.62	36	0	4.04	12	7.98
1643968137	1	16	15	25	228	139	0	0.58	19	1	2.83	6	9.69
1643968157	1	17	15	26	235	139	0	0.68	19	2	3.22	5	20.49
1643968177	2	16	25	25	174	139	0	0.79	34	1	3.32	10	37.71
1643968204	2	13	25	25	261	135	2	0.73	41	1	4.23	10	31.50
1643968224	1	13	15	28	232	130	2	0.71	34	1	3.41	11	23.82
1643968244	1	13	15	27	242	133	2	0.68	30	1	4.38	7	20.47
1643968264	0	4	8	32	200	134	2	0.75	27	2	4.67	9	21.41
1643968285	1	17	15	27	198	134	2	0.55	38	1	3.55	17	6.28
1643968312	0	8	8	34	157	123	5	0.75	60	0	3.05	11	22.11
1643968332	1	9	15	38	188	133	5	0.74	54	0	2.95	15	26.79
1643968352	2	5	25	38	186	133	5	0.63	63	0	2.46	18	20.60
1643968372	1	13	15	41	127	133	5	0.61	56	1	2.56	20	12.82
1643968392	2	7	25	37	172	134	5	0.67	57	0	2.86	18	24.98
1643968419	0	7	8	32	128	137	7	0.39	42	2	2.73	15	-17.10
1643968439	2	26	25	27	229	139	7	0.89	63	0	3.82	14	47.79
1643968459	2	34	25	28	247	140	7	0.73	44	44	3.16	17	11.24
1643968479	1	18	15	33	243	140	7	0.91	54	23	3.24	21	24.35
1643968499	1	14	15	34	228	140	7	0.73	57	0	3.41	16	25.86
1643968526	2	20	25	20	241	129	0	0.91	28	0	3.31	4	49.93
1643968546	2	16	25	24	264	134	0	0.78	61	1	3.31	22	36.96
1643968566	0	8	8	34	138	134	0	0.89	71	3	3.39	26	36.26
1643968586	1	13	15	26	250	134	0	0.74	28	2	3.34	9	26.32
1643968606	2	35	25	21	278	135	0	0.54	19	4	4.92	9	11.03
1643968633	1	7	15	22	172	128	5	0.79	32	1	4.34	7	31.39
1643968654	1	10	15	25	248	134	5	0.80	40	0	3.48	13	33.38
1643968674	1	14	15	25	175	135	5	0.81	34	0	3.84	9	33.74
1643968694	1	10	15	24	208	135	5	0.83	38	0	3.77	12	36.42
1643968714	0	7	8	36	164	135	5	0.58	22	1	3.31	8	2.79
1643968741	0	11	8	33	194	136	15	0.72	35	1	3.35	13	18.44
1643968761	0	8	8	33	185	137	15	0.62	24	4	3.39	5	8.04
1643968781	0	7	8	32	190	137	15	0.67	36	1	2.82	11	13.08
1643968801	1	13	15	29	167	138	15	0.71	26	2	3.20	8	23.52
1643968821	1	17	15	26	172	138	15	0.73	49	17	3.39	16	13.18
1643968848	2	15	25	19	254	132	2	0.72	35	8	4.56	14	26.09
1643968868	0	9	8	35	198	134	2	0.61	40	7	4.91	18	3.66
1643968888	1	17	15	31	208	134	2	0.70	38	1	3.59	15	22.41
1643968908	0	8	8	36	190	134	2	0.69	30	4	4.30	6	15.08
1643968928	0	8	8	38	213	134	2	0.59	62	1	3.13	17	4.56
1643968955	2	36	25	28	300	140	5	0.86	70	1	3.43	15	45.05
1643968975	2	26	25	29	271	141	5	0.87	60	3	3.18	13	45.56
1643968995	2	28	25	33	275	141	5	0.88	62	8	3.07	22	43.20
1643969015	2	21	25	27	267	131	5	0.73	76	0	3.17	17	31.33
1643969035	0	20	25	27	257	134	5	0.84	42	0	3.42	13	31.33
1643969063	0	7	8	35	262	129	2	0.86	60	0	3.60	20	32.61
1643969083	2	21	25	26	50	131	2	0.84	57	7	3.37	12	39.95
1643969103	1	30	15	28	267	136	2	0.87	55	0	3.69	16	40.30
1643969123	0	31	8	27	226	129	2	0.87	55	0	3.69	16	34.30
1643969143	1	15	15	27	288	139	2	0.78	43	0	3.76	12	30.89
1643969170	2	36	25	24	283	128	2	0.76	35	11	3.55	8	27.26
1643969190	1	14	15	31	269	138	2	0.62	30	3	3.93	18	13.54
1643969210	0	7	8	32	261	138	2	0.58	20	1	3.92	8	2.89
1643969230	0	7	8	28	250	140	2	0.87	24	10	3.17	1	27.74
1643969250	1	17	15	26	258	140	2	0.64	41	1	2.70	15	16.41
1643969277	2	18	25	19	294	126	1	0.85	17	1	3.29	5	44.31
1643969297	1	21	15	25	212	130	1	0.61	32	0	3.60	8	12.43
1643969317	1	15	15	28	264	134	1	0.74	48	0	3.89	17	26.73
1643969337	1	16	15	26	267	135	1	0.64	21	1	3.09	7	16.41
1643969357	0	3	8	31	174	135	1	0.72	17	1	3.18	5	18.91
1643969384	0	9	8	26	222	131	7	0.61	29	1	3.50	8	6.75
1643969404	1	12	15	34	200	134	7	0.62	29	3	3.00	9	13.41
1643969425	2	7	25	31	202	134	7	0.77	55	0	2.94	15	35.66
1643969445	1	7	15	32	246	135	7	0.57	34	4	3.66	13	7.66
1643969465	2	9	25	35	188	135	7	0.61	46	1	3.14	20	18.95
1643969492	0	7	8	35	122	133	1	0.65	39	1	3.00	14	11.41
1643969512	1	11	15	28	243	134	1	0.80	59	0	3.46	10	32.47
1643969532	1	13	15	34	252	135	1	0.77	57	13	3.08	22	20.62
1643969552	0	7	8	35	194	136	1	0.88	67	11	2.90	20	28.18
1643969572	0	7	8	40	213	136	1	0.64	59	0	2.73	18	10.17
1643969599	1	8	15	29	276	142	15	0.72	59	0	3.36	11	24.95
1643969619	0	9	8	28	222	143	15	0.85	62	5	3.44	10	31.31
1643969639	0	6	8	31	236	143	15	0.66	65	0	2.59	18	11.55
1643969659	1	14	15	26	230	144	15	0.71	50	1	2.93	14	23.02
1643969679	1	18	15	32	192	144	15	0.75	51	0	3.22	21	27.87
1643969706	1	5	15	34	273	128	2	0.61	48	25	3.01	13	-7.19
1643969726	1	22	15	25	253	132	2	0.66	39	1	3.88	3	17.59
1643969746	2	12	25	28	274	137	2	0.72	45	11	3.59	14	23.73
1643969766	0	16	8	26	170	124	2	0.78	32	0	3.46	11	24.43
1643969787	0	21	8	27	260	134	2	0.78	32	0	3.46	11	24.43
1643969814	2	16	25	26	291	139	15	0.49	27	1	4.79	13	4.89
1643969834	2	12	25	25	255	140	15	0.83	42	7	3.23	16	38.99
1643969854	2	8	25	24	214	140	15	0.87	45	8	3.04	15	42.41
1643969874	0	9	8	28	220	140	15	0.85	42	1	3.44	3	31.64
1643969894	1	15	15	26	196	140	15	0.65	36	0	3.29	11	17.26
1643969921	2	24	25	22	259	131	2	0.85	40	0	3.99	15	44.29
1643969941	2	22	25	24	269	134	2	0.83	28	1	3.62	11	41.94
1643969961	1	16	15	27	255	134	2	0.76	31	1	3.55	7	29.13
1643969981	1	11	15	23	221	137	2	0.80	37	0	3.75	13	32.48
1643970001	2	14	25	26	277	138	2	0.62	28	1	3.33	14	19.27
1643970028	1	11	15	25	262	138	5	0.54	32	1	4.04	14	5.33
1643970048	1	8	15	23	250	139	5	0.70	32	1	5.32	11	22.44
1643970068	1	13	15	33	272	136	5	0.59	46	1	3.83	19	10.32
1643970088	2	21	15	29	239	138	5	0.59	46	1	3.83	19	16.32
1643970108	1	18	15	31	198	127	5	0.66	38	2	4.22	16	18.30
1643970135	2	26	25	31	267	133	7	0.81	60	0	3.37	20	39.54
1643970156	0	4	8	37	223	132	7	0.58	72	2	2.80	19	3.10
1643970176	1	20	15	32	255	133	7	0.60	55	1	2.50	20	10.99
1643970196	1	18	15	33	274	133	7	0.69	62	0	3.05	23	21.66
1643970216	1	19	15	27	260	134	7	0.75	79	0	3.14	12	27.57
1643970243	0	8	8	34	206	136	0	0.72	55	2	3.51	22	18.73
1643970263	1	17	15	31	284	133	0	0.76	58	1	3.65	17	28.47
1643970283	2	27	25	27	273	133	0	0.85	58	0	3.57	23	44.11
1643970303	2	31	25	28	252	139	0	0.87	61	1	3.29	18	46.46
1643970323	1	13	15	24	254	133	0	0.86	28	0	3.22	4	38.90
1643970350	2	23	25	29	274	136	0	0.68	50	3	4.03	25	25.85
1643970370	1	14	15	25	254	134	0	0.81	37	1	3.48	14	33.56
1643970390	1	9	15	31	268	134	0	0.62	30	2	4.00	18	14.07
1643970410	1	16	15	25	0	134	0	0.55	20	3	5.05	10	5.86
1643970430	0	6	8	22	220	130	0	0.58	32	1	2.86	15	3.68
1643970457	0	9	8	27	258	138	5	0.69	40	0	2.98	13	15.65
1643970477	0	7	8	27	246	133	5	0.81	37	1	3.58	15	28.48
1643970497	2	11	25	26	264	134	5	0.69	35	1	3.23	11	27.28
1643970518	0	8	8	32	152	135	5	0.85	51	1	3.69	12	32.31
1643970538	1	17	15	25	274	135	5	0.54	24	1	2.89	9	4.41
1643970565	0	7	8	30	168	140	15	0.83	38	1	3.82	14	30.19
1643970585	2	5	25	23	241	142	15	0.64	22	1	3.35	10	22.19
1643970605	0	7	8	29	202	143	15	0.77	45	1	3.33	11	23.99
1643970625	1	16	15	30	260	143	15	0.60	30	3	3.71	8	11.51
1643970645	1	4	15	23	238	134	15	0.70	36	1	5.28	17	22.34
1643970672	1	16	15	28	272	133	2	0.53	39	1	3.83	19	3.30
1643970692	0	19	15	31	209	135	2	0.56	35	1	3.61	16	0.62
1643970712	0	7	8	26	239	133	2	0.77	39	1	5.32	13	23.99
1643970732	2	23	25	28	272	134	2	0.65	85	1	2.97	21	23.10
1643970752	1	7	15	30	247	134	2	0.81	69	5	3.38	17	32.50
1643970779	2	22	25	25	276	131	15	0.89	55	0	3.85	14	48.18
1643970799	1	6	15	32	228	139	15	0.78	53	2	3.23	11	30.76
1643970819	2	56	25	30	269	139	15	0.84	44	5	3.16	11	41.71
1643970839	1	13	15	35	251	134	15	0.92	59	5	3.15	15	44.09
1643970859	2	22	25	28	292	135	15	0.92	55	7	2.77	15	48.03
1643970887	2	27	25	27	256	139	7	0.65	40	1	3.80	11	22.42
1643970907	1	19	15	32	196	140	7	0.89	49	3	3.47	13	41.73
1643970927	1	23	15	34	244	140	7	0.57	33	2	3.42	17	8.37
1643970947	1	15	15	34	251	141	7	0.89	56	19	2.87	18	27.13
1643970967	0	7	8	32	170	142	7	0.90	47	4	2.91	11	36.48
1643970994	0	10	8	34	154	130	0	0.33	20	14	3.34	13	-33.76
1643971014	0	6	8	30	192	134	0	0.35	21	15	3.03	9	-32.77
1643971034	0	8	8	34	255	134	0	0.64	28	1	3.52	6	9.82
1643971054	0	13	8	26	156	129	0	0.75	30	1	3.78	11	21.45
1643971074	1	11	15	23	224	133	0	0.79	33	0	3.94	7	31.79
1643971101	0	7	8	26	136	135	15	0.58	28	1	3.53	10	2.98
1643971121	2	12	25	25	222	136	15	0.62	30	1	3.75	9	19.17
1643971141	2	7	25	24	204	137	15	0.83	29	6	3.02	11	40.72
1643971161	2	6	25	23	188	137	15	0.93	39	10	2.97	9	45.83
1643971181	2	11	25	24	194	137	15	0.81	36	25	2.86	12	19.51
1643971208	2	30	25	20	223	130	15	0.84	46	10	3.49	12	36.16
1643971228	1	18	15	21	198	134	15	0.91	40	9	5.27	8	39.51
1643971249	2	24	25	21	204	135	15	0.87	36	11	3.48	12	38.91
1643971269	2	26	25	25	188	135	15	0.76	34	18	3.60	11	20.75
1643971289	0	9	8	34	200	135	15	0.78	47	44	3.20	15	4.37
1643971316	1	18	15	32	257	132	1	0.77	85	1	3.23	21	29.72
1643971336	1	14	15	33	224	134	1	0.74	59	0	3.05	18	27.04
1643971356	1	12	15	31	265	135	1	0.77	72	1	3.12	21	29.81
1643971376	0	8	8	33	165	135	1	0.81	64	4	3.07	17	27.64
1643971396	2	15	25	26	204	136	1	0.81	58	1	2.89	15	39.78
1643971423	0	3	8	33	238	134	0	0.60	40	1	2.83	9	5.40
1643971443	1	15	15	30	283	137	0	0.57	57	1	2.53	20	7.97
1643971463	2	25	25	28	284	137	0	0.80	43	1	3.44	14	38.81
1643971483	0	9	8	37	262	137	0	0.87	78	4	3.38	17	33.84
1643971503	1	7	15	33	206	138	0	0.79	57	0	3.35	12	32.34
1643971530	2	24	25	29	277	133	5	0.80	57	0	3.51	23	39.42
1643971550	0	9	8	32	229	135	5	0.82	71	3	2.93	25	28.50
1643971570	2	19	25	27	271	135	5	0.52	33	1	3.06	8	8.36
1643971590	2	20	25	27	288	135	5	0.84	39	1	3.43	11	42.62
1643971611	0	5	8	30	159	135	5	0.57	21	2	3.39	9	1.91
1643971638	1	14	15	29	274	136	2	0.73	44	0	3.73	12	25.78
1643971658	2	14	25	27	232	139	2	0.80	33	1	3.74	7	38.53
1643971678	1	3	15	23	212	139	2	0.70	37	0	3.78	4	22.10
1643971698	1	10	15	25	177	140	2	0.83	38	0	3.92	12	35.98
1643971718	1	18	15	25	190	140	2	0.55	28	1	3.69	8	6.48
1643971745	0	7	8	35	162	129	0	0.64	38	1	2.99	14	9.78
1643971765	2	8	25	30	223	133	0	0.58	32	1	3.20	9	15.78
1643971785	1	8	15	30	217	134	0	0.53	25	3	2.71	8	3.35
1643971805	0	6	8	29	196	134	0	0.53	44	1	3.63	15	-1.91
1643971825	1	6	15	29	198	134	0	0.45	52	2	2.49	20	-4.83
1643971852	1	25	15	30	284	132	0	0.86	45	2	4.60	14	38.98
1643971872	1	16	15	33	239	135	0	0.69	38	1	4.24	12	21.19
1643971892	1	7	15	23	226	135	0	0.42	33	3	3.62	17	-8.20
1643971912	1	21	15	31	206	136	0	0.71	25	5	4.30	7	22.69
1643971932	1	15	15	36	266	136	0	0.73	64	0	2.93	18	25.61
1643971959	2	30	25	29	302	133	15	0.98	67	4	2.96	18	56.64
1643971979	2	19	25	27	245	134	15	0.98	67	4	2.96	18	56.64
1643972000	2	13	25	26	232	134	15	1.03	57	3	3.19	13	61.00
1643972020	1	15	15	30	186	135	15	0.75	51	32	2.99	8	7.98
1643972040	1	14	15	33	212	136	15	0.78	41	17	3.00	10	17.47
1643972067	1	18	15	31	161	133	15	0.83	68	7	2.64	21	33.16
1643972087	0	4	8	35	149	134	15	0.69	64	14	2.54	20	5.66
1643972107	2	11	25	28	272	135	15	0.87	57	0	3.56	13	45.79
1643972127	0	9	8	36	192	135	15	0.71	39	2	3.77	7	17.17
1643972147	0	3	8	36	229	136	15	0.41	42	33	2.93	20	-35.73
1643972174	2	22	25	27	255	136	15	0.87	51	0	3.69	7	46.18
1643972194	0	6	8	31	184	140	15	0.96	53	6	2.95	15	41.09
1643972214	0	9	8	31	226	141	15	0.34	22	28	2.93	8	-42.43
1643972234	2	19	25	28	272	141	15	0.70	29	1	3.77	6	28.27
1643972254	1	12	15	26	214	141	15	0.90	38	4	3.42	11	43.17
1643972281	0	9	8	31	155	134	7	0.66	35	0	3.30	11	12.16
1643972301	1	7	15	26	258	136	7	0.63	28	0	3.87	8	14.74
1643972321	0	5	8	26	183	137	7	0.56	28	1	3.71	8	0.82
1643972341	2	7	25	21	255	137	7	0.75	26	1	3.18	8	33.33
1643972362	2	15	25	24	198	137	7	0.81	37	0	3.37	9	40.32
1643972389	0	8	8	29	162	129	7	0.46	34	2	3.00	11	-9.58
1643972409	1	19	15	27	252	134	7	0.66	28	2	3.53	7	17.88
1643972429	0	8	8	32	210	135	7	0.65	39	1	3.61	9	11.34
1643972449	2	20	25	25	217	135	7	0.62	38	1	3.55	18	19.63
1643972469	1	15	15	32	248	135	7	0.56	45	1	3.65	23	6.59
1643972496	1	17	15	30	253	132	5	0.57	29	3	3.77	13	7.98
1643972516	1	15	15	34	250	134	5	0.70	43	1	3.53	11	22.25
1643972536	1	13	15	37	176	134	5	0.77	72	1	3.16	16	29.93
1643972556	0	9	8	40	229	135	5	0.65	82	1	2.98	15	10.54
1643972576	1	17	15	30	223	135	5	0.65	49	0	2.74	14	17.17
1643972603	0	10	8	32	115	132	5	0.59	78	0	3.09	14	4.16
1643972623	2	19	25	27	278	134	5	0.61	53	0	2.59	13	18.51
1643972643	1	15	15	31	279	135	5	0.97	54	4	3.06	13	49.24
1643972663	1	24	15	30	281	135	5	0.85	61	10	2.90	22	31.94
1643972683	2	17	25	27	278	135	5	0.72	47	32	3.05	18	10.24
1643972710	0	5	8	32	223	138	1	0.61	50	1	2.56	18	6.26
1643972731	0	10	8	39	214	139	1	0.50	42	13	2.43	16	-14.52
1643972751	2	21	25	27	269	140	1	0.62	66	0	2.38	26	19.68
1643972771	0	7	8	33	198	140	1	0.70	33	0	3.58	10	16.18
1643972791	0	2	8	31	143	140	1	0.56	26	2	3.12	10	1.54
1643972818	0	17	8	30	194	131	15	0.61	33	4	3.50	2	6.20
1643972838	1	7	15	34	172	134	15	0.74	41	0	3.20	11	26.40
1643972858	0	4	8	27	176	135	15	0.52	23	2	2.89	9	-2.78
1643972878	1	6	15	23	117	136	15	0.57	24	1	3.49	3	8.39
1643972898	0	9	8	31	180	136	15	0.45	24	1	2.99	8	-10.93
1643972925	1	15	15	27	192	130	15	0.82	44	0	3.67	13	34.82
1643972945	0	3	8	26	154	133	15	0.96	45	7	2.98	8	39.94
1643972965	0	7	8	28	183	134	15	0.36	22	17	2.89	5	-34.37
1643972985	0	9	8	36	178	135	15	0.72	25	2	3.06	5	18.24
1643973005	0	7	8	30	194	135	15	0.42	36	6	2.92	17	-15.55
1643973032	2	26	25	27	190	136	5	0.74	26	2	4.30	7	32.29
1643973052	2	13	25	26	226	138	5	0.68	40	32	3.31	14	6.65
1643973072	1	16	15	30	188	138	5	0.83	49	13	3.32	15	27.20
1643973092	2	27	25	27	216	138	5	0.83	46	14	3.29	17	31.91
1643973112	1	6	15	32	218	138	5	0.76	37	24	3.02	17	8.45
1643973140	1	13	15	33	224	131	0	0.75	70	1	3.16	20	27.55
1643973160	2	17	25	34	229	134	0	0.78	58	0	3.23	14	37.05
1643973180	0	8	8	35	194	134	0	0.83	53	0	3.45	12	30.24
1643973200	2	23	25	23	220	135	0	0.85	79	0	3.25	10	43.61
1643973220	0	2	8	34	196	135	0	0.70	51	0	2.83	8	16.88
1643973247	1	13	15	26	219	137	15	0.65	57	1	3.31	17	17.12
1643973267	2	11	25	26	254	138	15	0.88	58	10	2.82	18	41.25
1643973287	2	10	25	29	272	138	15	1.02	60	6	2.94	16	58.05
1643973307	1	14	15	29	220	138	15	1.02	64	6	3.11	23	52.09
1643973327	1	16	15	35	260	138	15	0.92	30	2	3.34	5	44.88
1643973354	0	8	8	30	155	132	15	0.68	37	1	3.00	14	14.57
1643973374	2	5	25	29	179	133	15	0.64	36	1	3.23	10	21.97
1643973394	1	9	15	34	174	134	15	0.73	56	0	2.55	22	25.88
1643973414	1	3	15	26	150	135	15	0.73	24	9	3.20	1	20.72
1643973434	1	8	15	33	190	135	15	0.63	42	0	3.40	12	14.37
1643973461	0	16	8	31	158	127	7	0.74	37	0	3.21	15	20.84
1643973481	0	7	8	32	198	134	7	0.56	23	1	3.44	3	0.93
1643973501	1	7	15	32	196	134	7	0.41	28	1	3.16	9	-9.14
1643973522	2	6	25	31	123	134	7	0.75	44	0	3.33	12	34.00
1643973542	0	6	8	33	167	134	7	0.70	44	0	3.42	8	16.52
1643973569	0	8	8	32	196	138	1	0.70	36	1	3.02	14	16.43
1643973589	0	7	8	28	184	139	1	0.55	29	2	3.11	10	-0.22
1643973609	2	31	25	29	228	140	1	0.76	42	2	3.98	11	34.52
1643973629	1	15	15	25	236	140	1	0.71	39	1	4.62	15	23.76
1643973649	2	12	25	27	275	140	1	0.60	18	1	3.91	5	17.58
1643973676	2	20	25	26	240	134	0	0.74	40	1	4.74	14	32.74
1643973696	0	4	8	29	200	135	0	0.67	21	1	4.20	9	12.79
1643973716	1	17	15	34	172	135	0	0.75	62	0	3.08	22	27.84
1643973736	0	9	8	33	185	136	0	0.61	62	0	2.16	20	6.38
1643973756	1	8	15	33	243	136	0	0.67	71	1	2.91	17	19.50
1643973783	2	32	25	29	300	138	0	0.85	55	0	3.52	15	44.02
1643973803	2	31	25	30	286	139	0	0.67	44	0	3.61	14	25.51
1643973823	0	10	8	38	131	139	0	0.66	65	0	2.59	18	12.00
1643973843	1	14	15	34	229	140	0	0.80	44	0	3.50	15	33.10
1643973863	1	17	15	32	225	140	0	0.84	51	0	3.56	18	37.32
1643973891	2	22	25	26	276	139	15	0.82	48	20	2.89	17	24.36
1643973911	2	24	25	27	229	140	15	1.00	58	5	2.89	20	57.61
1643973931	2	25	25	31	246	141	15	0.90	49	12	3.00	12	40.91
1643973951	2	19	25	25	206	141	15	0.71	54	39	2.78	25	9.19
1643973971	2	22	25	27	248	141	15	0.91	37	7	3.05	9	47.40
1643973998	1	10	15	28	213	129	2	0.42	20	4	4.33	15	-8.08
1643974018	0	9	8	32	140	134	2	0.66	44	0	2.82	15	12.53
1643974038	2	17	25	26	247	134	2	0.64	38	1	2.76	15	21.57
1643974058	2	15	25	25	208	135	2	0.80	36	1	3.71	10	38.79
1643974078	2	10	25	25	204	135	2	0.75	35	0	3.83	11	33.61
1643974105	0	6	8	32	129	133	2	0.48	31	1	2.84	15	-7.41
1643974125	1	18	15	25	206	134	2	0.73	33	1	3.40	7	25.95
1643974145	1	8	15	23	208	134	2	0.80	29	14	2.89	9	22.92
1643974165	1	10	15	27	210	135	2	1.00	40	13	3.08	7	43.18
1643974185	1	14	15	24	225	135	2	0.78	30	19	2.85	9	16.42
1643974212	0	13	8	35	175	132	15	0.66	42	2	3.08	16	11.83
1643974232	1	7	15	32	190	134	15	0.63	41	2	3.98	16	14.56
1643974252	0	5	8	36	129	135	15	0.53	41	2	3.40	18	-2.30
1643974273	0	2	8	36	136	135	15	0.44	40	4	2.76	15	-12.05
1643974293	1	8	15	32	200	135	15	0.51	27	3	3.06	13	1.43
1643974320	0	9	8	39	161	133	2	0.57	47	1	2.61	18	2.24
1643974340	0	4	8	38	220	134	2	0.63	65	0	2.22	18	8.91
1643974360	1	6	15	37	183	134	2	0.60	80	1	2.88	16	10.97
1643974380	1	9	15	36	138	135	2	0.53	48	1	2.88	21	3.60
1643974400	0	7	8	36	124	136	2	0.59	68	0	3.07	11	4.72
1643974427	0	8	8	37	204	141	0	0.65	48	0	2.80	8	10.95
1643974447	2	26	25	27	273	143	0	0.63	49	0	2.67	16	20.80
1643974467	1	17	15	31	238	143	0	0.83	79	5	3.31	20	35.95
1643974487	2	26	25	31	262	143	0	0.72	58	1	3.44	16	31.00
1643974507	2	25	25	27	288	144	0	1.00	59	8	3.09	17	54.48
1643974534	0	8	8	40	273	137	0	1.06	30	1	2.84	3	51.42
1643974554	2	33	25	29	296	134	0	0.65	33	0	3.76	9	22.45
1643974574	2	21	25	26	267	134	0	0.70	33	0	3.40	7	28.17
1643974594	1	9	15	25	260	133	0	0.47	20	2	4.75	13	-2.34
1643974614	1	32	15	23	275	136	0	0.91	24	10	3.14	1	37.70
1643974641	2	23	25	21	280	131	7	0.87	36	0	3.96	10	46.15
1643974662	1	12	15	24	284	138	7	0.84	37	0	3.72	15	36.59
1643974682	0	15	8	27	207	139	7	0.77	36	0	3.95	11	24.02
1643974702	1	17	15	29	271	140	7	0.54	33	1	3.58	15	4.39
1643974722	2	30	25	24	294	140	7	0.64	24	0	3.58	7	21.88
1643974749	2	27	25	26	274	133	2	0.74	36	1	3.83	14	32.63
1643974769	0	7	8	32	192	137	2	0.79	37	0	3.74	13	26.42
1643974789	1	17	15	25	242	138	2	0.60	26	4	3.04	9	11.41
1643974809	2	16	25	27	232	129	2	0.73	55	0	3.73	21	31.25
1643974829	2	12	25	25	256	131	2	0.74	26	2	4.30	7	32.29
1643974856	0	9	8	33	235	138	1	0.51	38	2	3.78	15	-4.02
1643974876	2	19	25	28	219	138	1	0.68	41	2	4.00	13	26.64
1643974896	2	15	25	25	202	139	1	0.79	35	19	3.40	14	23.58
1643974916	0	4	8	33	187	139	1	0.62	44	71	3.20	24	-12.43
1643974936	0	9	8	36	141	139	1	0.76	59	2	2.83	19	23.22
1643974963	1	15	15	34	208	132	5	0.75	54	0	3.20	18	27.61
1643974983	2	18	25	33	245	134	5	0.80	61	0	3.41	20	38.66
1643975003	2	13	25	29	176	135	5	0.80	55	0	3.72	5	38.43
1643975023	0	11	8	37	190	135	5	0.53	58	8	2.49	21	-5.54
1643975044	2	32	25	25	258	135	5	0.64	49	1	2.65	16	21.77
1643975071	0	8	8	38	204	138	1	0.70	90	5	2.83	22	15.02
1643975091	2	31	25	28	286	139	1	0.66	53	0	2.43	18	23.74
1643975111	1	15	15	32	231	139	1	0.84	54	1	3.37	14	37.41
1643975131	2	12	25	25	225	139	1	0.69	49	2	3.81	17	27.09
1643975151	0	9	8	31	196	139	1	0.78	45	0	3.53	13	24.89
1643975178	1	17	15	30	243	138	2	0.84	52	1	3.36	15	36.54
1643975198	2	14	25	26	235	139	2	0.59	20	4	5.58	8	16.32
1643975218	0	8	8	34	148	140	2	0.72	25	0	4.03	8	18.93
1643975238	1	10	15	23	245	140	2	0.64	28	1	3.45	7	15.89
1643975258	1	10	15	23	264	140	2	0.77	40	0	3.51	13	29.52
1643975285	0	9	8	32	271	129	15	0.77	40	0	3.51	13	23.52
1643975305	2	5	25	34	236	135	15	0.53	30	1	3.08	9	10.30
1643975325	1	22	15	27	200	133	15	0.76	33	0	3.46	13	29.22
1643975345	1	11	15	24	230	142	15	0.58	15	1	2.94	3	9.60
1643975365	1	13	15	29	268	133	15	0.73	29	1	3.70	5	25.23
1643975393	1	22	15	28	269	132	1	0.76	32	3	3.45	9	28.63
1643975413	1	18	15	29	236	134	1	0.64	32	3	3.73	13	15.58
1643975433	2	12	25	25	261	134	1	0.71	29	1	4.40	10	28.96
1643975453	1	16	15	28	262	135	1	0.60	25	1	4.76	9	11.67
1643975473	0	6	8	40	233	135	1	0.58	43	1	4.31	18	2.98
1643975500	0	6	8	33	218	124	0	0.76	38	1	4.22	15	22.87
1643975520	0	6	8	39	162	134	0	0.64	60	0	3.21	6	9.92
1643975540	2	8	25	37	157	134	0	0.66	58	0	2.71	17	24.24
1643975560	2	12	25	39	242	134	0	0.71	70	1	3.01	15	29.71
1643975580	2	8	25	36	194	135	0	0.61	49	1	2.59	14	19.01
1643975607	0	5	8	33	204	129	1	0.68	51	0	3.44	6	14.10
1643975627	2	5	25	36	177	134	1	0.71	68	0	2.74	21	29.69
1643975647	1	6	15	36	229	134	1	0.66	45	1	2.86	14	18.28
1643975667	1	10	15	37	251	134	1	0.61	46	1	2.76	20	12.49
1643975687	2	3	25	36	218	134	1	0.67	51	1	2.58	22	24.71
1643975714	2	11	25	25	264	136	5	0.87	28	0	3.24	4	46.44
1643975734	0	22	8	26	274	138	5	0.68	50	2	4.02	25	14.00
1643975755	2	15	25	26	278	133	5	0.84	41	1	3.88	12	42.99
1643975775	2	22	25	27	282	134	5	0.83	50	0	3.79	7	42.30
1643975795	2	19	25	27	267	138	5	0.52	23	3	5.60	13	8.93
1643975822	0	8	8	25	222	132	1	0.70	32	1	3.92	7	16.66
1643975842	2	10	25	26	260	136	1	0.80	34	1	4.01	7	38.69
1643975862	1	12	15	24	253	137	1	0.71	41	0	3.55	7	22.99
1643975882	1	9	15	23	256	137	1	0.80	36	0	3.75	13	32.91
1643975902	0	10	8	32	231	137	1	0.82	47	1	3.77	11	28.80
1643975929	1	20	15	28	228	131	0	0.68	23	1	2.86	9	19.69
1643975949	2	13	25	28	271	134	0	0.76	41	1	3.39	13	34.27
1643975969	1	10	15	28	240	134	0	0.82	34	0	3.34	13	35.19
1643975989	2	7	25	27	247	135	0	0.74	36	1	3.95	2	32.91
1643976009	1	16	15	27	279	135	0	0.80	32	2	3.76	8	32.59
1643976036	0	8	8	25	243	137	0	0.48	28	1	3.56	13	-7.44
1643976056	1	18	15	30	224	138	0	0.57	40	2	3.57	17	8.62
1643976076	2	28	25	28	253	138	0	0.55	34	2	3.98	14	11.98
1643976096	0	9	8	33	131	138	0	0.78	58	0	3.20	10	25.00
1643976117	1	19	15	31	241	138	0	0.78	54	0	3.05	12	30.43
1643976144	0	7	8	38	160	132	15	0.59	72	1	2.85	19	4.61
1643976164	1	5	15	37	175	133	15	0.56	50	0	2.77	13	7.24
1643976184	1	8	15	39	180	134	15	0.68	56	0	2.86	23	20.35
1643976204	2	7	25	34	109	135	15	0.68	53	0	3.38	5	26.26
1643976224	2	6	25	35	194	135	15	0.73	68	0	2.80	21	31.89
1643976251	0	5	8	34	165	131	15	0.78	51	0	3.27	18	24.58
1643976271	2	5	25	38	188	134	15	0.73	79	5	3.08	23	31.19
1643976291	1	7	15	37	196	135	15	0.58	50	1	2.56	25	9.76
1643976311	1	2	15	34	108	135	15	0.53	28	2	2.66	6	3.64
1643976331	1	8	15	37	165	135	15	0.54	54	1	2.40	22	4.59
1643976358	2	21	25	26	231	132	1	0.80	33	0	3.41	9	38.79
1643976378	1	15	15	32	237	134	1	0.62	27	3	3.64	13	13.92
1643976398	1	14	15	27	194	135	1	0.45	19	16	4.17	12	-17.37
1643976418	1	12	15	25	214	135	1	0.79	45	0	3.63	13	31.86
1643976438	1	7	15	24	200	135	1	0.72	19	0	3.24	6	24.57
1643976465	0	7	8	27	174	129	0	0.71	24	0	3.10	6	16.95
1643976486	0	7	8	35	170	133	0	0.66	33	0	3.39	9	11.65
1643976506	1	8	15	34	194	134	0	0.72	50	1	2.94	13	24.72
1643976526	2	9	25	32	156	134	0	0.64	27	1	2.84	11	21.50
1643976546	2	9	25	33	206	134	0	0.69	29	2	3.11	6	27.67
1643976573	2	14	25	25	192	133	1	0.71	29	1	3.72	8	28.99
1643976593	0	8	8	29	179	135	1	0.73	44	1	4.32	9	20.12
1643976613	1	11	15	28	178	135	1	0.66	22	1	4.67	8	18.59
1643976633	1	21	15	26	220	136	1	0.68	35	1	5.06	17	20.09
1643976653	1	4	15	29	223	136	1	0.60	40	1	3.91	18	11.06
1643976680	1	14	15	28	236	137	1	0.70	39	1	3.71	15	22.04
1643976700	1	10	15	26	221	137	1	0.71	26	4	4.64	6	23.54
1643976720	1	15	15	31	242	138	1	0.87	59	0	3.22	9	40.16
1643976740	2	27	25	27	270	138	1	0.78	69	1	3.24	16	36.34
1643976760	2	27	25	29	282	139	1	0.80	53	0	3.59	13	38.79
1643976787	0	4	8	34	198	137	5	0.65	52	0	2.98	12	11.34
1643976807	1	17	15	32	274	139	5	0.65	67	0	2.92	10	17.41
1643976827	0	9	8	37	144	139	5	0.56	55	3	2.54	20	0.76
1643976847	2	19	25	27	204	139	5	0.83	44	1	3.60	11	41.63
1643976867	1	18	15	33	208	139	5	0.94	60	8	3.29	20	43.14
1643976895	2	20	25	27	263	132	1	0.79	63	11	2.65	22	30.67
1643976915	1	20	15	31	237	134	1	0.82	40	1	3.58	12	35.23
1643976935	2	19	25	27	210	134	1	0.82	67	1	3.38	25	40.66
1643976955	2	26	25	24	278	135	1	0.69	38	1	4.14	12	27.15
1643976975	2	40	25	27	270	136	1	0.84	52	0	4.05	7	43.25
1643977002	0	11	8	28	162	137	1	0.44	21	9	3.47	9	-16.89
1643977022	2	16	25	26	266	138	1	0.57	30	2	2.77	14	14.59
1643977042	1	10	15	24	233	138	1	0.81	39	0	3.72	11	33.61
1643977062	0	6	8	29	148	138	1	0.71	24	0	3.17	6	17.86
1643977082	1	18	15	26	268	138	1	0.65	30	0	4.14	14	17.34
1643977109	1	19	15	28	252	132	2	0.77	40	0	3.66	14	29.69
1643977129	2	10	25	23	254	135	2	0.53	15	1	2.96	5	10.34
1643977149	0	9	8	32	213	137	2	0.73	40	0	3.33	12	19.43
1643977169	0	11	8	25	264	137	2	0.65	36	0	3.08	14	10.78
1643977189	0	7	8	32	192	138	2	0.68	36	1	3.86	2	14.20
1643977216	0	8	8	27	208	139	5	0.53	27	2	3.93	11	-2.46
1643977236	2	13	25	24	232	140	5	0.51	33	2	3.69	14	7.29
1643977256	2	21	25	28	264	141	5	0.69	39	1	4.95	14	27.79
1643977277	1	17	15	28	174	141	5	0.73	37	1	3.80	15	25.79
1643977297	1	12	15	26	214	141	5	0.79	36	3	4.85	8	32.30
1643977324	0	9	8	38	189	138	7	0.64	58	0	2.54	20	9.82
1643977344	0	8	8	37	194	140	7	0.70	70	1	2.89	18	16.34
1643977364	0	8	8	33	212	141	7	0.65	57	0	2.61	18	10.80
1643977384	1	15	15	31	279	141	7	0.64	56	1	2.70	24	15.82
1643977404	2	22	25	28	276	141	7	0.63	39	0	3.40	19	21.02
1643977431	1	16	15	31	276	133	2	0.76	59	0	3.14	20	28.86
1643977451	2	29	25	27	277	134	2	0.80	43	1	3.37	13	39.12
1643977471	2	11	25	26	274	133	2	0.86	49	1	3.33	19	45.17
1643977491	0	9	8	39	233	133	2	0.74	55	1	2.86	16	21.15
1643977511	2	11	25	25	281	134	2	0.58	42	4	2.81	16	15.48
1643977538	0	9	8	39	229	130	7	0.70	61	1	2.85	22	16.36
1643977558	2	6	25	32	194	134	7	0.64	33	0	3.02	12	21.98
1643977578	2	8	25	35	257	134	7	0.72	57	0	2.54	24	30.18
1643977598	2	6	25	33	231	135	7	0.30	20	16	3.35	15	-27.38
1643977618	2	4	25	27	149	135	7	0.55	32	1	2.72	16	11.85
1643977646	0	9	8	31	174	136	0	0.60	30	1	3.04	11	5.54
1643977666	2	10	25	23	217	138	0	0.68	31	0	3.43	8	25.79
1643977686	1	18	15	25	244	138	0	0.80	34	0	3.56	12	33.35
1643977706	0	6	8	31	194	138	0	0.67	50	0	3.42	12	13.31
1643977726	1	23	15	28	220	138	0	0.75	31	0	3.19	11	27.66
1643977753	1	14	15	25	196	141	2	0.69	34	1	3.48	9	20.76
1643977773	0	14	15	26	200	143	2	0.80	37	1	3.41	7	26.97
1643977793	1	7	15	23	183	142	2	0.72	21	0	3.13	8	24.91
1643977813	1	19	15	25	252	142	2	0.72	32	1	3.81	10	24.65
1643977833	2	9	25	24	253	143	2	0.63	34	2	4.52	12	21.29
1643977860	1	17	15	31	240	138	15	0.71	38	1	4.89	13	23.97
1643977880	2	5	25	24	252	139	15	0.43	37	123	3.08	22	-20.87
1643977900	2	17	25	26	214	139	15	1.06	52	3	3.69	13	63.72
1643977920	2	24	25	31	268	139	15	0.90	56	15	2.97	20	38.57
1643977940	2	30	25	28	274	140	15	0.97	54	6	3.02	18	53.78
1643977967	1	17	15	27	235	131	15	0.96	54	6	3.14	14	47.06
1643977987	1	8	15	32	184	134	15	0.84	67	13	2.91	24	28.08
1643978008	1	10	15	28	176	134	15	0.81	50	0	3.05	8	33.48
1643978028	2	15	25	32	246	135	15	0.88	61	13	2.82	17	38.12
1643978048	2	13	25	30	206	135	15	0.88	48	11	2.68	14	39.20
1643978075	1	18	15	34	212	129	7	0.75	59	6	3.17	21	25.13
1643978095	0	9	8	34	212	134	7	0.80	63	0	3.21	25	27.12
1643978115	0	8	8	36	258	135	7	0.51	42	7	2.50	16	-7.89
1643978135	2	28	25	30	276	135	7	0.42	49	10	2.58	21	-8.28
1643978155	1	20	15	26	282	133	7	0.64	34	0	3.74	9	16.24
1643978182	2	20	25	24	231	131	2	0.51	20	14	5.39	14	-1.93
1643978202	2	29	25	21	272	134	2	0.61	23	18	4.33	7	4.07
1643978222	1	16	15	29	230	142	2	0.79	32	1	4.33	7	31.79
1643978242	1	16	15	26	192	143	2	0.80	35	0	3.89	11	32.80
1643978262	2	9	25	24	224	143	2	0.79	32	0	3.94	7	37.69
1643978289	2	15	25	25	215	134	2	0.72	34	1	3.62	11	30.63
1643978309	1	12	15	25	255	135	2	0.82	36	0	3.58	12	35.18
1643978329	2	11	25	25	253	135	2	0.80	26	1	3.54	9	38.76
1643978349	0	8	8	25	210	135	2	0.76	30	1	3.53	7	22.28
1643978369	2	14	25	25	232	135	2	0.68	37	1	3.00	12	26.08
1643978397	2	35	25	22	185	130	7	0.84	38	2	4.16	10	43.33
1643978417	2	36	25	22	302	134	7	0.67	35	31	3.07	10	5.60
1643978437	2	24	25	20	268	134	7	0.90	27	12	3.23	8	40.14
1643978457	2	9	25	23	241	135	7	0.84	48	26	3.20	16	23.23
1643978477	2	22	25	25	208	135	7	0.84	48	26	3.20	16	23.23
1643978504	0	8	8	36	216	133	2	0.64	84	1	2.98	21	9.94
1643978524	0	7	8	38	198	135	2	0.77	57	0	2.89	13	24.12
1643978544	1	15	15	32	228	135	2	0.64	70	1	2.83	20	16.02
1643978564	1	11	15	27	272	136	2	0.75	61	0	3.25	16	27.57
1643978584	1	15	15	32	278	137	2	0.87	56	0	3.58	15	39.65
1643978611	1	12	15	30	252	136	0	0.73	41	0	3.20	9	25.26
1643978631	2	25	25	30	273	135	0	0.87	64	1	3.37	20	45.80
1643978651	2	124	25	20	0	119	0	0.77	41	1	3.46	11	35.37
1643978671	2	28	25	32	269	137	0	0.86	58	1	3.48	21	44.68
1643978691	2	24	25	29	274	137	0	0.87	56	1	3.61	16	46.17
1643978718	2	25	25	29	271	137	2	0.81	57	0	3.54	23	39.96
1643978738	2	19	25	26	243	132	2	0.85	64	5	3.37	23	42.61
1643978759	1	18	15	28	241	129	2	0.85	51	0	3.56	7	37.64
1643978779	1	16	15	30	224	133	2	0.80	44	1	3.31	14	33.32
1643978799	2	17	25	26	212	134	2	0.55	27	3	4.78	18	12.44
1643978826	0	5	8	33	196	132	1	0.65	41	1	2.73	14	10.66
1643978846	2	8	25	30	243	134	1	0.66	30	1	3.23	11	23.61
1643978866	1	4	15	26	248	134	1	0.66	24	1	3.08	6	17.58
1643978886	2	9	25	29	188	134	1	0.47	29	1	3.32	13	3.72
1643978906	1	5	15	31	196	135	1	0.60	40	0	3.04	19	10.96
1643978933	2	21	25	24	249	129	1	0.85	39	1	3.92	14	44.54
1643978953	1	18	15	27	268	133	1	0.75	32	6	3.75	8	26.08
1643978973	1	16	15	25	262	134	1	0.71	29	1	3.72	8	22.99
1643978993	2	15	25	25	235	135	1	0.64	25	2	3.30	10	22.28
1643979013	0	8	8	27	272	135	1	0.71	46	2	3.97	13	17.29
1643979040	0	5	8	32	135	141	15	0.65	35	1	3.14	11	10.44
1643979060	2	35	25	29	279	142	15	0.49	51	2	2.51	25	5.72
1643979080	2	16	25	26	275	143	15	0.64	35	32	4.16	14	1.37
1643979100	2	6	25	22	261	132	15	0.82	43	2	4.77	12	41.24
1643979121	0	4	8	33	247	139	15	0.79	49	1	3.63	18	25.96
1643979148	2	11	25	26	292	138	5	0.86	56	0	3.49	16	44.86
1643979168	0	8	8	36	212	133	5	0.77	55	0	3.18	14	23.52
1643979188	2	16	25	27	270	134	5	0.63	59	0	2.91	13	20.86
1643979208	2	15	25	26	267	135	5	0.66	37	1	3.68	18	23.81
1643979228	1	22	15	34	189	135	5	0.81	56	13	2.94	21	25.20
1643979255	0	8	8	33	185	137	5	0.62	43	1	2.96	15	8.19
1643979275	1	16	15	32	228	138	5	0.45	42	7	2.70	19	-7.52
1643979295	1	19	15	33	185	138	5	0.70	49	1	3.29	20	22.26
1643979315	2	30	25	29	266	138	5	0.70	42	1	3.65	19	28.90
1643979335	1	12	15	32	226	139	5	0.67	47	25	3.61	17	-1.27
1643979362	2	20	25	26	242	125	15	0.83	53	1	3.86	6	41.54
1643979382	2	14	25	26	188	134	15	0.89	46	19	2.89	15	33.26
1643979402	2	12	25	24	210	134	15	0.69	24	55	3.45	10	6.89
1643979422	2	22	25	28	248	135	15	0.97	37	1	4.37	3	55.52
1643979442	2	17	25	26	208	135	15	0.79	30	19	3.84	11	22.33
1643979469	2	28	25	24	237	129	7	0.85	38	0	4.23	12	43.90
1643979489	2	15	25	26	261	134	7	0.84	33	15	3.06	9	31.70
1643979509	2	22	25	20	279	135	7	0.84	37	14	2.98	12	33.71
1643979530	2	25	25	27	272	135	7	0.92	40	7	2.99	12	48.12
1643979550	1	11	15	23	221	135	7	0.89	52	25	2.79	17	22.25
1643979577	2	14	25	25	233	137	5	0.65	33	6	3.74	9	20.72
1643979597	2	28	25	27	241	142	5	0.77	22	1	3.01	8	35.76
1643979617	2	17	25	27	208	143	5	0.75	38	28	3.16	16	14.12
1643979637	2	21	25	26	194	143	5	0.81	46	25	3.41	12	20.41
1643979657	0	9	8	36	142	143	5	0.88	52	22	3.10	20	16.56
1643979684	2	20	25	25	223	136	15	0.77	39	1	5.33	13	35.94
1643979704	2	26	25	27	245	138	15	0.81	58	44	3.01	30	19.50
1643979724	2	25	25	32	265	138	15	0.97	61	6	2.78	14	53.91
1643979744	1	12	15	32	186	139	15	0.87	64	16	2.89	22	28.55
1643979764	1	8	15	25	219	139	15	0.94	65	4	2.86	14	47.15
1643979791	0	3	8	31	121	136	15	0.85	70	3	2.72	11	32.07
1643979811	1	16	15	30	204	137	15	0.71	37	5	3.29	14	21.58
1643979831	1	21	15	31	198	138	15	0.84	57	9	2.77	18	32.34
1643979851	1	16	15	31	215	139	15	0.85	63	11	2.87	27	30.79
1643979871	1	15	15	33	222	139	15	0.68	45	27	3.10	14	-0.17
1643979898	0	7	8	36	138	132	0	0.62	36	1	2.76	12	7.40
1643979919	0	7	8	40	181	135	0	0.61	48	0	2.64	16	6.47
1643979939	0	7	8	34	167	136	0	0.64	65	1	2.51	24	10.32
1643979959	1	8	15	32	202	136	0	0.53	31	1	2.85	10	3.45
1643979979	2	7	25	33	132	136	0	0.39	21	13	3.89	9	-14.13
1643980006	0	8	8	33	202	130	15	0.73	23	11	3.15	2	12.84
1643980026	1	17	15	27	220	133	15	0.68	37	1	2.98	11	19.93
1643980046	2	9	25	21	212	134	15	0.82	24	8	3.04	8	37.06
1643980066	2	8	25	23	208	135	15	0.82	40	4	3.76	6	40.57
1643980086	2	14	25	26	225	135	15	0.91	39	6	3.15	11	48.25
1643980113	0	7	8	33	194	133	7	0.73	44	0	3.27	13	19.16
1643980133	1	6	15	29	158	134	7	0.66	23	2	3.16	5	18.22
1643980153	2	9	25	32	176	135	7	0.74	41	0	3.00	13	33.03
1643980173	2	8	25	32	138	135	7	0.57	39	1	3.19	12	13.82
1643980193	2	9	25	31	182	136	7	0.55	20	1	2.63	8	11.78
1643980220	2	18	25	27	223	137	2	0.74	26	2	4.30	7	32.29
1643980240	0	9	8	38	194	139	2	0.65	32	2	4.59	14	10.44
1643980260	2	33	25	28	212	139	2	0.75	42	2	4.47	14	33.56
1643980280	0	7	8	32	175	139	2	0.62	20	1	3.68	7	7.30
1643980300	2	25	25	30	266	139	2	0.76	60	0	3.00	11	34.74
1643980328	0	6	8	35	157	131	0	0.66	68	1	2.90	16	12.08
1643980348	1	9	15	39	210	134	0	0.60	57	1	2.59	20	11.68
1643980368	2	9	25	36	212	134	0	0.65	54	0	2.68	14	23.22
1643980388	2	4	25	36	120	135	0	0.57	78	0	3.10	14	14.10
1643980408	1	6	15	34	188	135	0	0.68	49	0	2.81	8	20.59
1643980435	2	32	25	28	248	132	2	0.65	39	21	3.60	18	6.02
1643980455	2	29	25	26	251	134	2	0.75	52	2	3.14	23	33.53
1643980475	2	24	25	27	225	135	2	0.72	60	0	3.44	18	30.46
1643980495	1	21	15	33	216	135	2	0.81	53	0	3.35	14	33.59
1643980515	1	13	15	34	233	135	2	0.87	26	0	3.19	3	39.57
1643980542	1	19	15	28	226	133	7	0.80	38	1	3.45	14	32.47
1643980562	2	14	25	28	222	134	7	0.77	39	0	3.83	10	36.20
1643980582	1	15	15	26	150	134	7	0.51	18	4	4.81	6	1.66
1643980602	2	3	25	16	114	135	7	0.63	20	2	4.47	9	20.44
1643980622	2	18	25	28	166	135	7	0.80	40	0	3.48	13	39.20
1643980649	2	24	25	25	282	128	1	0.80	40	1	3.48	6	38.85
1643980669	2	23	25	22	292	134	1	0.84	24	1	3.57	10	42.71
1643980689	2	23	25	23	215	135	1	0.72	36	0	4.03	11	30.67
1643980710	2	28	25	22	279	135	1	0.85	41	0	3.99	17	43.94
1643980730	1	11	15	26	204	135	1	1.03	27	6	3.59	11	53.05
1643980757	0	8	8	31	148	131	7	0.46	30	3	2.81	11	-9.72
1643980777	0	9	8	31	182	134	7	0.60	41	0	3.24	8	5.33
1643980797	0	7	8	38	183	134	7	0.61	21	2	2.55	8	6.46
1643980817	2	7	25	30	121	134	7	0.51	34	2	3.94	12	7.72
1643980837	2	15	25	34	190	135	7	0.69	32	2	3.70	10	27.04
1643980864	2	31	25	25	217	129	5	0.64	40	2	4.75	17	21.97
1643980884	2	30	25	18	220	134	5	0.94	53	8	3.97	22	48.83
1643980904	2	15	25	26	265	135	5	0.94	74	10	3.21	22	47.31
1643980924	0	11	8	40	206	135	5	0.88	69	7	3.05	19	32.30
1643980944	2	26	25	26	277	135	5	0.73	72	1	3.03	17	31.96
1643980971	0	9	8	35	169	133	0	0.46	51	1	3.13	14	-10.21
1643980991	2	25	25	26	247	134	0	0.48	39	1	2.78	18	4.54
1643981011	1	14	15	36	248	134	0	0.81	63	0	3.07	17	34.05
1643981031	1	17	15	29	240	134	0	0.80	53	0	3.45	13	32.52
1643981051	2	23	25	27	212	135	0	0.79	53	0	3.27	21	38.36
1643981078	0	8	8	35	116	132	7	0.49	47	0	3.07	11	-6.16
1643981099	1	11	15	36	188	134	7	0.68	54	0	2.59	25	20.26
1643981119	2	3	25	36	192	135	7	0.52	40	3	2.78	21	8.34
1643981139	1	2	15	33	117	135	7	0.50	30	4	2.64	14	-0.22
1643981159	2	8	25	33	202	135	7	0.71	52	1	3.08	6	28.98
1643981186	1	12	15	29	234	137	2	0.48	27	3	4.36	18	-1.88
1643981206	2	27	25	27	268	141	2	0.40	12	3	3.55	8	-4.27
1643981226	2	7	25	23	165	142	2	0.82	35	0	3.74	9	41.19
1643981246	2	8	25	23	204	143	2	0.81	43	2	3.24	9	40.15
1643981266	1	13	15	26	226	143	2	0.73	21	0	3.24	7	25.49
1643981293	0	7	8	32	170	138	2	0.56	46	1	2.88	16	1.41
1643981313	2	15	25	25	218	140	2	0.56	19	1	2.76	6	13.01
1643981333	1	14	15	25	184	140	2	0.70	39	1	3.46	14	22.55
1643981353	1	14	15	26	240	140	2	0.80	36	0	3.75	12	32.87
1643981373	1	13	15	25	221	140	2	0.63	28	1	3.52	11	14.67
1643981400	1	14	15	30	176	132	15	0.79	43	2	3.46	16	31.75
1643981420	2	11	25	24	202	134	15	0.81	43	16	3.09	13	28.31
1643981440	0	5	8	33	186	135	15	0.99	46	11	3.40	14	38.01
1643981460	2	24	25	28	269	135	15	0.44	59	29	2.46	23	-19.94
1643981481	0	8	8	32	176	135	15	0.84	46	14	3.00	16	21.45
1643981508	0	8	8	36	188	133	7	0.60	48	2	2.71	18	5.72
1643981528	2	24	25	26	276	134	7	0.63	64	0	2.28	18	20.53
1643981548	2	28	25	28	276	135	7	0.61	54	94	3.32	12	-1.00
1643981568	0	11	8	33	184	136	7	0.99	57	2	3.30	14	45.32
1643981588	2	21	25	27	202	136	7	0.72	74	13	3.10	17	21.96
1643981615	2	28	25	28	262	132	2	0.85	61	0	3.60	17	44.20
1643981635	1	21	15	31	215	134	2	0.85	50	0	3.95	14	37.80
1643981655	1	14	15	29	210	135	2	0.82	84	4	3.10	24	34.32
1643981675	0	8	8	40	202	135	2	0.80	54	0	3.13	20	26.87
1643981695	1	9	15	27	221	136	2	0.76	40	0	3.27	12	28.34
1643981722	2	33	25	30	266	139	15	0.86	44	29	3.36	14	24.58
1643981742	2	20	25	24	226	139	15	1.01	37	5	3.01	13	58.35
1643981762	2	20	25	25	173	140	15	0.95	49	1	3.48	7	54.16
1643981782	2	11	25	25	196	140	15	0.62	33	59	4.05	19	-0.16
1643981802	1	14	15	29	276	140	15	0.75	28	38	3.03	10	7.49
1643981829	0	7	8	28	138	130	1	0.65	23	1	3.08	9	11.25
1643981849	1	6	15	26	139	134	1	0.74	37	0	3.14	16	26.48
1643981870	2	9	25	29	196	134	1	0.71	34	0	3.51	10	29.72
1643981890	0	7	8	35	213	134	1	0.51	23	1	3.34	6	-4.45
1643981910	2	9	25	32	151	134	1	0.67	41	0	2.99	16	25.12
1643981937	0	6	8	33	194	133	15	0.57	36	1	2.97	13	2.08
1643981957	1	17	15	27	273	134	15	0.78	34	0	3.40	15	30.39
1643981977	0	7	8	32	198	135	15	0.62	33	1	3.70	9	8.20
1643981997	2	13	25	26	239	135	15	0.66	21	1	2.75	8	23.96
1643982017	2	15	25	25	180	135	15	0.69	34	30	3.30	10	7.45
1643982044	0	6	8	34	139	130	15	0.49	47	2	2.95	19	-6.67
1643982064	2	9	25	37	202	133	15	0.54	43	1	2.62	14	11.02
1643982084	2	8	25	33	190	134	15	0.36	27	9	2.66	16	-13.66
1643982104	1	11	15	38	220	134	15	0.50	50	0	3.85	4	0.52
1643982124	2	7	25	38	200	135	15	0.78	57	0	2.88	9	36.80
1643982151	2	24	25	29	235	132	0	0.81	54	0	3.56	18	40.21
1643982171	1	12	15	34	252	134	0	0.89	58	0	3.56	17	41.55
1643982191	2	25	25	24	294	135	0	0.71	43	37	2.83	19	9.38
1643982211	1	19	15	34	238	135	0	0.94	45	7	3.04	15	43.35
1643982231	2	33	25	28	268	135	0	0.89	51	5	2.92	16	46.75
1643982259	2	26	25	29	272	131	0	0.84	60	19	2.68	22	27.87
1643982279	2	20	25	26	284	134	0	0.88	57	0	3.68	18	47.03
1643982299	0	6	8	33	192	135	0	0.85	49	0	3.58	22	32.16
1643982319	2	57	25	31	267	135	0	0.49	42	9	2.35	16	-0.29
1643982339	0	11	8	34	137	135	0	0.87	59	1	3.64	18	34.23
1643982366	2	31	25	28	269	137	1	0.87	54	2	3.36	15	45.86
1643982386	2	15	25	26	252	140	1	0.49	22	26	5.13	12	-14.92
1643982406	0	6	8	32	222	140	1	0.63	20	1	4.20	10	8.83
1643982426	2	11	25	26	183	145	1	0.68	23	1	3.43	9	26.16
1643982446	1	11	15	28	242	145	1	0.69	39	0	3.56	2	21.07
1643982473	2	26	25	20	240	130	1	0.70	33	3	3.64	8	27.95
1643982493	2	28	25	24	271	134	1	0.76	45	8	3.77	16	30.75
1643982513	2	31	25	22	307	135	1	0.83	35	0	3.59	10	41.97
1643982533	2	18	25	20	238	135	1	0.83	35	0	3.59	10	41.97
1643982553	0	8	8	34	135	135	1	0.71	37	10	2.53	13	10.76
1643982580	2	20	25	27	259	133	1	0.68	25	2	3.27	9	26.51
1643982600	2	21	25	27	219	134	1	0.69	51	1	3.89	20	27.17
1643982620	2	16	25	26	210	135	1	0.59	18	1	4.04	5	16.85
1643982640	2	18	25	27	139	135	1	0.71	36	1	4.98	13	29.69
1643982661	1	16	15	28	252	135	1	0.55	36	2	4.45	18	5.51
1643982688	2	17	25	18	209	124	2	0.84	60	0	3.78	6	43.32
1643982708	2	26	25	30	261	134	2	0.79	51	1	3.81	17	38.00
1643982728	0	7	8	35	164	134	2	0.86	70	0	2.92	21	32.69
1643982748	2	32	25	31	244	135	2	0.79	59	1	3.30	21	38.22
1643982768	2	25	25	29	271	135	2	0.82	58	1	3.34	24	40.98
1643982795	1	9	15	23	200	137	1	0.78	52	0	3.70	6	31.08
1643982815	2	10	25	26	255	138	1	0.79	67	0	3.11	19	37.60
1643982835	0	8	8	34	126	139	1	0.68	42	1	2.80	13	14.38
1643982855	0	8	8	38	162	139	1	0.76	77	5	3.19	17	21.50
1643982875	1	9	15	27	229	139	1	0.76	57	0	2.66	14	28.40
1643982902	2	14	25	23	196	134	15	0.93	29	1	2.84	4	51.71
1643982922	1	16	15	32	210	138	15	0.78	39	32	3.70	17	11.27
1643982942	2	11	25	25	210	138	15	0.72	31	30	2.98	12	10.10
1643982962	1	9	15	28	226	139	15	0.99	49	1	3.23	7	51.30
1643982982	0	10	8	37	200	139	15	0.59	29	65	3.57	15	-15.34
1643983009	2	10	25	24	179	133	2	0.78	32	1	4.45	5	36.59
1643983029	2	8	25	25	217	140	2	0.83	40	0	3.57	13	41.63
1643983050	2	13	25	26	236	140	2	0.77	36	0	3.71	8	35.59
1643983070	1	10	15	25	222	140	2	0.81	36	0	3.87	10	33.83
1643983090	2	18	25	26	172	141	2	0.65	40	0	3.91	18	22.78
1643983117	1	12	15	29	232	131	7	0.77	32	1	3.61	12	29.62
1643983137	0	10	8	30	188	134	7	0.64	21	3	3.22	6	9.75
1643983157	0	8	8	26	140	134	7	0.70	26	3	3.05	7	16.44
1643983177	2	18	25	23	236	135	7	0.75	45	1	4.48	12	33.19
1643983197	2	41	25	27	235	135	7	0.91	47	17	3.15	14	36.41
1643983224	1	12	15	25	212	142	7	0.63	28	1	4.97	13	15.03
1643983244	2	23	25	28	196	143	7	0.59	40	1	3.53	18	16.10
1643983264	0	8	8	33	181	143	7	0.88	46	9	3.39	13	30.00
1643983284	2	20	25	26	208	143	7	0.73	45	12	2.87	15	23.67
1643983304	0	11	8	37	124	144	7	0.67	46	42	3.42	21	-7.29
1643983331	0	11	8	41	160	132	5	0.59	72	1	2.85	19	4.61
1643983351	2	6	25	38	178	134	5	0.52	50	1	2.90	12	8.96
1643983371	1	9	15	38	206	134	5	0.66	57	1	2.71	24	18.34
1643983391	2	6	25	34	124	135	5	0.58	44	2	2.99	11	15.30
1643983411	2	6	25	36	186	135	5	0.72	65	0	2.63	22	30.86
1643983439	0	5	8	35	138	131	15	0.78	50	0	3.22	18	24.43
1643983459	2	2	25	36	170	134	15	0.74	91	4	2.95	21	32.82
1643983479	2	6	25	35	167	135	15	0.68	53	0	2.52	19	26.60
1643983499	1	3	15	33	120	135	15	0.53	24	2	2.68	3	4.18
1643983519	1	3	15	37	179	135	15	0.47	48	2	2.66	17	-2.55
1643983546	0	6	8	30	139	138	5	0.57	25	2	2.72	9	2.30
1643983566	0	8	8	34	200	139	5	0.74	50	1	2.84	13	21.08
1643983586	2	20	25	26	233	140	5	0.45	17	4	4.01	7	1.33
1643983606	0	12	8	23	129	140	5	0.68	37	0	4.54	3	14.38
1643983626	0	14	8	30	182	140	5	0.75	37	0	3.39	10	21.88
1643983653	2	22	25	18	252	130	0	0.83	19	2	3.25	6	42.13
1643983673	0	5	8	32	180	134	0	0.76	26	0	3.73	8	22.47
1643983693	2	24	25	25	265	134	0	0.67	50	0	2.88	14	24.77
1643983713	1	6	15	26	189	135	0	0.75	29	1	3.39	11	27.93
1643983733	1	19	15	28	236	135	0	0.67	21	3	3.37	6	18.95
1643983760	1	19	15	27	229	141	1	0.71	29	1	3.72	8	22.99
1643983780	2	11	25	23	233	142	1	0.74	44	1	4.29	8	32.38
1643983800	1	18	15	30	167	143	1	0.55	28	2	4.42	11	6.37
1643983821	2	14	25	26	235	143	1	0.71	36	2	4.58	13	29.63
1643983841	0	9	8	32	180	143	1	0.86	45	1	4.66	14	33.32
1643983868	0	7	8	32	180	138	0	0.60	39	1	2.86	15	5.04
1643983888	2	19	25	22	218	139	0	0.72	31	4	4.40	7	30.37
1643983908	1	17	15	35	245	140	0	0.90	54	0	3.58	11	42.69
1643983928	2	30	15	29	270	143	0	0.84	71	1	3.33	17	42.65
1643983948	0	11	8	32	0	138	0	0.84	71	1	3.33	17	30.65
1643983975	0	8	8	37	273	141	7	0.64	59	0	2.95	13	9.95
1643983995	0	4	8	33	214	141	7	0.70	64	1	3.40	8	16.63
1643984015	1	16	15	32	233	142	7	0.70	64	1	3.40	8	22.63
1643984035	0	24	8	27	286	136	7	0.66	59	0	2.58	16	11.84
1643984055	1	26	15	34	261	133	7	0.66	59	0	2.58	16	17.84
1643984082	1	15	15	30	240	133	7	0.87	56	1	3.56	16	39.61
1643984102	1	19	15	29	279	139	7	0.68	34	1	3.64	3	20.09
1643984122	2	21	25	26	280	143	7	0.56	43	1	3.67	20	13.52
1643984142	2	21	25	26	238	143	7	0.83	30	0	3.27	14	41.58
1643984162	1	17	15	31	188	143	7	0.80	44	0	3.88	10	32.94
1643984190	2	17	25	26	242	137	7	0.58	21	5	4.57	9	14.77
1643984210	2	17	25	26	285	138	7	0.75	29	1	3.71	10	33.29
1643984230	1	10	15	23	154	139	7	0.76	30	0	3.81	8	28.97
1643984250	2	9	25	25	234	139	7	0.79	35	0	3.75	9	37.96
1643984270	0	8	8	30	212	139	7	0.85	38	0	3.88	11	31.87
1643984297	1	19	15	28	266	132	1	0.80	40	0	3.73	15	32.71
1643984317	2	8	25	24	254	134	1	0.77	36	0	3.43	13	35.38
1643984337	2	16	25	27	288	134	1	0.77	36	0	3.43	13	35.38
1643984357	0	12	8	25	243	136	1	0.82	33	1	3.51	9	29.17
1643984377	2	15	8	25	274	135	1	0.65	34	1	3.94	12	23.25
1643984404	0	6	8	26	251	128	2	0.75	30	3	3.98	5	21.21
1643984424	0	9	8	31	267	133	2	0.43	31	2	4.05	15	-12.95
1643984444	2	8	25	38	261	134	2	0.45	39	2	3.34	18	1.23
1643984464	1	3	15	35	192	134	2	0.44	35	2	2.70	15	-6.38
1643984484	1	5	15	31	159	135	2	0.70	43	1	3.57	17	22.13
1643984511	0	9	8	39	190	131	1	0.62	63	0	2.39	19	7.73
1643984531	1	6	15	37	208	133	1	0.68	71	1	2.96	16	20.53
1643984552	2	6	25	36	219	134	1	0.61	56	1	2.59	20	18.93
1643984572	0	4	8	37	244	134	1	0.46	51	1	3.10	15	-9.81
1643984592	2	4	25	29	170	135	1	0.61	78	0	3.11	14	18.86
1643984619	0	4	8	32	210	133	15	0.66	52	1	2.70	17	12.46
1643984639	2	17	25	26	280	134	15	0.63	43	1	2.98	9	20.58
1643984659	2	23	25	27	300	134	15	1.01	60	2	3.45	25	59.55
1643984679	2	34	25	28	270	135	15	0.84	52	8	3.30	18	39.84
1643984699	2	11	25	23	196	134	15	0.74	58	59	2.81	23	13.00
1643984726	1	16	15	33	160	131	2	0.73	43	0	3.25	11	25.81
1643984746	2	6	25	26	245	134	2	0.78	32	0	3.36	10	36.69
1643984766	0	8	8	34	187	134	2	0.76	30	2	3.30	9	22.24
1643984786	2	31	25	23	236	136	2	0.67	23	6	4.17	11	24.12
1643984806	2	21	25	24	232	136	2	0.71	34	1	3.61	14	29.17
1643984833	0	8	8	32	182	142	2	0.60	30	1	3.03	11	5.98
1643984853	1	11	15	24	235	143	2	0.69	34	0	3.33	9	21.55
1643984873	0	8	8	31	136	143	2	0.75	35	1	3.64	4	21.40
1643984893	2	19	25	26	208	144	2	0.63	31	2	3.68	10	20.78
1643984913	2	15	25	26	239	144	2	0.68	20	1	2.93	8	26.69
1643984941	2	30	25	23	237	132	0	0.86	37	0	3.49	11	45.27
1643984961	1	18	15	23	243	133	0	0.87	26	1	3.66	5	40.32
1643984981	1	11	15	21	185	134	0	0.76	31	2	4.04	11	29.20
1643985001	1	9	15	24	208	134	0	0.66	40	0	3.60	9	18.39
1643985021	2	23	25	19	278	135	0	0.71	34	3	4.44	13	29.55
1643985048	2	24	25	26	221	133	7	0.70	45	1	4.85	22	28.21
1643985068	1	13	15	26	218	134	7	0.88	44	15	3.63	17	29.82
1643985088	1	10	15	20	214	134	7	0.86	57	1	3.84	10	38.96
1643985108	1	22	15	34	231	135	7	0.76	60	0	3.07	19	29.05
1643985128	2	38	25	31	280	135	7	0.79	71	1	3.17	19	38.32
1643985155	2	28	25	27	204	133	1	0.91	54	0	3.78	14	49.75
1643985175	2	26	25	28	239	135	1	1.00	57	4	3.26	13	58.18
1643985195	2	26	25	27	265	135	1	0.92	44	12	3.17	12	42.61
1643985215	2	19	25	29	272	135	1	0.98	49	2	3.27	16	56.27
1643985235	2	40	25	28	247	135	1	0.99	42	7	3.10	10	54.99
1643985262	2	22	25	27	300	131	2	0.82	57	0	3.81	13	40.92
1643985282	2	30	25	28	278	134	2	0.87	55	0	3.70	16	46.54
1643985303	2	27	25	29	235	135	2	0.76	55	2	3.45	20	34.30
1643985323	2	30	25	30	290	136	2	0.74	57	2	3.99	27	32.79
1643985343	1	14	15	27	172	136	2	0.79	32	0	3.66	11	31.51
1643985370	2	29	25	23	274	133	0	0.54	24	3	5.54	14	10.86
1643985390	2	17	25	13	286	134	0	0.47	21	1	5.18	13	3.68
1643985410	2	34	25	24	249	135	0	0.79	44	0	4.00	12	37.95
1643985430	2	31	25	22	269	136	0	0.73	21	0	3.88	9	32.12
1643985450	2	23	25	19	265	136	0	0.73	19	1	3.63	5	31.12
1643985477	1	21	15	26	245	137	5	0.63	24	1	3.17	9	15.24
1643985497	2	11	25	25	230	138	5	0.81	36	1	3.67	8	40.46
1643985517	2	16	25	25	208	138	5	0.53	17	31	2.51	5	-9.78
1643985537	2	17	25	26	214	139	5	0.89	49	16	2.78	15	35.91
1643985557	2	14	25	26	219	139	5	0.78	39	29	2.87	15	16.70
1643985584	1	17	15	27	166	130	1	0.75	55	1	3.30	15	27.43
1643985604	1	19	15	26	244	134	1	0.47	18	2	4.49	8	-2.54
1643985624	1	10	15	25	208	134	1	0.72	33	1	4.92	12	24.91
1643985644	2	17	25	26	182	134	1	0.73	38	1	5.33	13	31.78
1643985664	2	23	25	27	247	135	1	0.61	38	13	4.66	20	9.11
1643985692	2	20	25	26	243	134	15	0.82	85	1	3.30	21	40.74
1643985712	2	28	25	30	290	136	15	0.89	59	6	2.93	21	46.16
1643985732	1	11	15	33	221	136	15	1.01	51	2	3.11	16	53.60
1643985752	2	9	25	26	266	137	15	0.86	61	10	2.86	17	39.16
1643985772	1	7	15	29	209	137	15	1.03	58	6	2.94	18	53.30
1643985799	2	22	25	25	228	131	0	0.72	35	1	3.80	16	30.16
1643985819	1	12	15	29	220	135	0	0.77	57	0	3.41	20	29.52
1643985839	2	30	25	29	300	135	0	0.91	54	0	3.87	13	49.77
1643985859	0	5	8	33	170	135	0	0.62	57	1	2.76	21	7.85
1643985879	2	21	25	29	282	135	0	0.72	55	0	2.85	15	30.25
1643985906	2	35	25	28	294	138	15	0.90	43	22	2.84	14	31.48
1643985926	2	18	25	27	198	139	15	0.77	42	12	3.18	12	28.45
1643985946	2	20	25	27	194	139	15	1.00	40	5	2.83	13	57.55
1643985966	2	20	25	28	202	139	15	0.98	50	1	3.38	6	56.89
1643985986	2	15	25	25	168	140	15	0.59	31	62	4.23	18	-3.80
1643986013	1	15	15	29	194	132	5	0.78	42	0	3.50	14	30.89
1643986033	0	8	8	29	184	134	5	0.70	29	0	3.55	8	15.93
1643986053	2	17	25	13	309	134	5	0.64	29	1	3.40	9	22.34
1643986073	2	19	25	24	192	134	5	0.86	51	1	3.80	12	45.16
1643986094	0	8	8	34	184	135	5	0.56	32	1	3.02	10	0.88
1643986121	2	18	25	23	230	131	2	0.86	38	1	3.96	14	45.05
1643986141	1	18	15	26	211	133	2	0.77	32	3	3.95	9	29.44
1643986161	2	30	25	25	238	134	2	0.68	32	7	3.85	10	22.49
1643986181	2	40	25	20	286	134	2	0.83	22	1	3.21	8	42.34
1643986201	2	21	25	17	254	135	2	0.85	44	1	4.47	17	44.32
1643986228	0	10	8	37	194	136	15	0.76	46	1	3.30	14	23.20
1643986248	2	42	25	29	202	137	15	0.50	41	3	2.94	18	6.42
1643986268	1	7	15	23	192	137	15	0.56	32	117	3.21	18	-13.33
1643986288	1	10	15	31	226	138	15	1.02	56	4	3.19	12	53.91
1643986308	2	18	25	30	276	138	15	0.93	61	4	2.86	11	52.00
1643986335	1	20	15	33	226	139	0	0.78	59	0	3.14	18	30.42
1643986355	2	31	25	30	292	140	0	0.88	56	0	3.59	7	47.03
1643986375	1	13	15	29	167	141	0	0.73	79	0	3.21	9	26.07
1643986395	2	20	25	27	269	141	0	0.86	54	0	3.31	12	44.97
1643986415	2	12	25	29	255	142	0	0.89	64	0	3.83	14	48.36
1643986442	2	25	25	27	274	135	2	0.64	39	2	3.73	20	22.03
1643986462	2	30	25	28	288	136	2	0.74	47	1	3.74	21	32.36
1643986483	2	19	25	28	243	137	2	0.86	54	0	3.49	25	45.45
1643986503	0	8	8	37	179	137	2	0.79	48	0	3.76	15	25.90
1643986523	2	22	25	29	270	137	2	0.43	47	8	2.62	19	-4.82
1643986550	2	19	25	27	226	132	15	0.81	54	0	3.94	6	40.02
1643986570	2	17	25	25	162	136	15	0.93	40	22	3.21	14	33.39
1643986590	2	9	25	24	177	137	15	0.81	34	25	3.22	15	20.24
1643986610	2	22	25	27	204	138	15	0.96	43	8	3.39	15	50.86
1643986630	2	18	25	25	224	138	15	0.69	25	18	2.83	8	13.45
1643986657	0	10	8	32	147	129	2	0.72	38	0	3.36	12	18.50
1643986677	0	8	8	35	194	134	2	0.53	26	1	3.41	7	-2.68
1643986697	0	10	8	27	189	134	2	0.68	40	0	2.99	16	13.84
1643986717	2	11	25	32	181	135	2	0.73	25	1	3.07	8	31.46
1643986737	2	10	25	31	127	135	2	0.67	36	1	2.99	7	25.05
1643986764	1	13	15	24	220	138	0	0.73	31	1	3.36	13	25.93
1643986784	1	20	15	32	231	143	0	0.74	24	1	3.30	10	27.10
1643986804	2	22	25	27	256	144	0	0.84	49	1	4.65	19	43.47
1643986824	1	16	15	27	240	144	0	0.62	23	2	4.13	7	14.09
1643986844	2	23	25	27	217	144	0	0.61	37	2	4.46	17	18.85
1643986872	1	14	15	27	236	138	0	0.50	23	19	4.06	11	-13.73
1643986892	1	7	15	29	229	139	0	0.71	47	1	3.84	2	23.83
1643986912	2	26	25	28	237	140	0	0.84	70	0	3.15	20	43.48
1643986932	2	28	25	30	288	140	0	0.74	69	5	3.31	23	31.28
1643986952	2	22	25	27	200	140	0	0.62	52	8	3.72	18	16.01
1643986979	1	12	15	33	240	135	5	0.71	78	0	3.20	14	23.55
1643986999	2	39	25	28	273	137	5	0.75	56	0	2.93	14	33.66
1643987019	2	33	25	28	247	138	5	0.87	64	0	3.61	16	46.37
1643987039	1	7	15	32	171	138	5	0.56	38	6	3.44	21	5.51
1643987059	0	7	8	34	178	138	5	0.78	56	0	3.29	18	24.88
1643987086	0	7	8	36	156	132	2	0.54	34	11	2.73	13	-7.83
1643987106	2	9	25	39	183	134	2	0.64	54	1	2.61	21	21.71
1643987126	1	6	15	35	178	135	2	0.66	59	0	2.41	26	17.71
1643987146	2	8	25	33	152	135	2	0.67	41	1	3.00	12	25.41
1643987166	2	5	25	33	145	135	2	0.34	25	8	3.84	15	-14.04
1643987193	0	8	8	33	196	137	0	0.51	18	6	3.69	9	-6.42
1643987213	0	8	8	33	177	139	0	0.63	36	1	3.24	16	8.96
1643987233	2	15	25	25	141	140	0	0.65	41	0	3.56	5	23.00
1643987254	2	17	25	25	212	140	0	0.65	23	1	3.51	3	23.03
1643987274	1	14	15	24	227	140	0	0.56	32	0	3.57	9	7.50
1643987301	2	21	25	23	220	133	2	0.86	44	0	3.84	13	44.73
1643987321	2	17	25	19	276	134	2	0.86	30	1	3.60	8	45.08
1643987341	2	30	25	23	254	135	2	0.85	34	1	4.01	13	43.95
1643987361	2	26	25	21	288	135	2	0.79	26	2	3.64	9	38.32
1643987381	2	32	25	23	284	135	2	0.73	48	1	4.09	16	31.47
1643987408	1	16	15	27	230	136	7	0.73	27	1	4.42	8	26.09
1643987428	2	25	25	28	274	140	7	0.69	28	2	4.39	8	27.06
1643987448	2	22	25	28	212	140	7	0.64	38	1	5.37	18	22.19
1643987468	2	20	25	27	204	140	7	0.64	43	35	3.60	20	1.59
1643987488	2	12	25	27	284	140	7	0.67	53	3	3.98	7	24.92
1643987515	1	13	15	31	174	131	7	0.79	71	1	3.15	20	31.43
1643987535	2	17	25	34	243	134	7	0.79	56	0	3.13	16	37.76
1643987555	2	19	25	32	214	134	7	0.68	49	0	3.35	23	25.95
1643987575	1	8	15	31	216	134	7	0.57	35	0	3.27	17	7.85
1643987595	2	12	25	29	206	135	7	0.63	41	0	3.53	1	21.17
1643987622	2	27	25	27	194	132	2	0.67	39	7	3.70	17	22.55
1643987643	0	7	8	34	182	134	2	0.89	47	17	3.35	21	22.25
1643987663	2	36	25	30	265	134	2	0.66	63	9	2.69	26	19.16
1643987683	2	12	25	28	249	135	2	1.03	63	7	3.19	22	58.14
1643987703	1	16	15	32	210	135	2	1.06	44	4	4.04	9	57.50
1643987730	2	14	25	24	267	133	0	0.84	41	1	3.96	11	43.16
1643987750	0	6	8	34	204	133	0	0.81	53	0	3.88	5	27.57
1643987770	2	29	25	18	254	134	0	0.72	54	0	2.67	18	30.83
1643987790	2	8	25	0	110	134	0	0.90	24	13	3.07	1	39.95
1643987810	1	16	15	28	222	134	0	0.83	43	0	4.05	12	36.05
1643987837	1	18	15	25	271	132	5	0.83	38	1	3.64	15	35.98
1643987857	2	10	25	24	272	134	5	0.78	36	1	3.94	11	36.51
1643987877	2	25	25	28	262	135	5	0.70	28	1	4.03	10	27.91
1643987897	2	27	25	21	290	130	5	0.70	28	1	4.03	10	27.91
1643987917	2	21	25	26	246	129	5	0.76	23	0	3.37	10	34.54
1643987944	2	28	25	25	290	131	1	0.77	32	0	3.97	9	35.90
1643987964	0	5	8	30	218	136	1	0.70	35	1	3.92	3	16.77
1643987984	1	21	15	27	240	128	1	0.70	35	1	3.92	3	22.77
1643988004	2	18	25	26	222	135	1	0.70	29	3	4.01	9	28.04
1643988025	2	30	25	28	277	133	1	0.63	28	1	4.97	13	21.03
1643988052	2	11	25	26	259	142	2	0.72	41	1	4.84	16	31.04
1643988072	1	24	15	30	238	144	2	0.66	20	1	4.17	7	17.55
1643988092	2	28	25	28	294	134	2	0.74	44	0	4.03	5	32.34
1643988112	2	11	25	29	260	134	2	0.84	73	1	3.34	16	42.64
1643988132	2	29	25	29	276	134	2	0.74	84	1	3.27	19	32.88
1643988159	2	27	25	28	278	138	5	0.68	51	0	4.05	14	26.48
1643988179	2	22	25	26	249	138	5	0.69	35	13	3.12	13	18.52
1643988199	2	25	25	32	288	139	5	0.85	46	4	3.20	12	44.45
1643988219	0	8	8	42	198	139	5	0.92	60	2	3.20	14	38.60
1643988239	2	29	25	28	258	139	5	0.89	57	0	3.86	15	48.29
1643988266	1	14	15	28	231	132	1	0.60	51	17	3.33	16	-1.84
1643988286	2	10	25	30	219	134	1	0.80	58	0	3.15	19	39.28
1643988306	2	10	25	30	164	135	1	0.53	38	1	3.64	20	9.68
1643988326	2	10	25	30	179	135	1	0.74	49	0	3.13	17	32.12
1643988346	0	8	8	32	157	135	1	0.65	29	1	3.26	12	11.42
1643988373	2	15	25	26	217	139	2	0.59	20	1	4.00	8	15.99
1643988393	2	27	25	27	270	143	2	0.63	29	47	2.86	13	1.06
1643988414	2	11	25	22	181	143	2	0.87	52	22	3.06	14	28.07
1643988434	0	8	8	24	158	144	2	0.91	36	9	3.04	10	32.53
1643988454	2	15	25	25	224	144	2	0.67	19	0	2.93	6	25.34
1643988481	0	6	8	32	165	138	15	0.59	46	5	2.86	15	3.52
1643988501	2	14	25	25	224	140	15	0.54	21	2	2.86	7	10.54
1643988521	2	27	25	27	228	140	15	0.83	34	13	2.97	7	32.66
1643988541	2	17	25	26	192	140	15	0.97	45	10	2.75	12	49.10
1643988561	2	13	25	24	214	140	15	0.64	32	42	3.06	17	1.63
1643988588	1	14	15	27	260	134	5	0.78	33	15	3.27	9	20.18
1643988608	2	22	25	27	251	136	5	0.70	36	2	4.59	12	28.52
1643988628	2	21	25	28	236	136	5	0.86	45	1	4.67	14	44.85
1643988648	2	25	25	27	206	136	5	0.64	34	1	4.45	15	21.33
1643988668	0	8	8	32	186	137	5	0.51	35	6	3.22	14	-6.42
1643988695	0	10	8	39	137	133	0	0.66	58	0	2.72	18	12.41
1643988715	2	29	25	28	276	134	0	0.84	70	1	3.29	17	42.69
1643988735	1	21	15	36	212	135	0	0.76	59	18	3.48	21	15.16
1643988755	1	14	15	31	160	135	0	0.58	51	0	3.65	16	9.74
1643988775	2	22	25	27	249	135	0	0.75	50	35	2.84	16	14.09
1643988803	0	8	8	36	124	131	7	0.77	58	0	2.80	14	23.89
1643988823	2	7	25	36	176	134	7	0.49	34	1	2.82	12	4.95
1643988843	1	9	15	37	216	135	7	0.61	43	1	2.91	14	12.43
1643988863	2	9	25	38	182	135	7	0.65	57	1	2.85	19	23.09
1643988883	0	6	8	37	140	136	7	0.59	36	1	2.61	11	3.92
1643988910	1	20	15	30	217	141	5	0.65	51	7	3.24	21	13.21
1643988930	1	5	15	27	223	141	5	0.75	48	0	3.28	15	27.37
1643988950	1	22	15	26	282	142	5	0.82	41	1	3.37	12	35.40
1643988970	2	15	25	27	228	142	5	0.53	21	4	5.53	10	9.34
1643988990	2	19	25	24	283	142	5	0.56	17	1	4.12	9	13.59
1643989017	2	25	25	22	233	131	0	0.80	28	1	4.13	9	39.26
1643989037	2	9	25	22	212	138	0	0.71	39	0	3.54	2	29.18
1643989057	2	16	25	26	248	139	0	0.64	23	1	3.55	3	21.54
1643989077	1	8	15	30	272	133	0	0.73	36	1	3.59	11	25.32
1643989097	1	10	15	27	233	134	0	0.79	41	0	3.68	16	31.97
1643989124	2	24	25	26	272	137	15	0.59	14	1	2.97	3	16.70
1643989145	1	14	15	28	276	133	15	0.66	30	1	3.38	9	17.83
1643989165	2	20	25	27	226	127	15	0.66	30	1	3.38	9	23.83
1643989185	2	24	25	27	208	133	15	0.69	29	3	4.00	9	27.66
1643989205	2	19	25	27	255	134	15	0.77	36	1	4.48	12	35.79
1643989232	1	20	15	29	180	130	1	0.59	25	1	4.60	9	10.14
1643989252	2	9	25	30	265	133	1	0.48	33	4	3.93	18	4.61
1643989272	0	10	8	36	249	133	1	0.64	25	5	3.66	7	8.30
1643989292	2	26	25	31	281	133	1	0.60	50	1	2.86	22	16.96
1643989312	2	28	25	28	227	132	1	0.80	69	2	3.36	16	39.35
1643989339	2	10	25	28	290	133	5	0.66	54	6	3.67	24	22.14
1643989359	1	17	15	35	257	134	5	0.89	56	0	3.77	14	41.84
1643989379	0	10	8	32	145	135	5	0.71	83	0	3.33	8	17.36
1643989399	0	8	8	37	202	135	5	0.65	64	0	2.59	18	10.70
1643989419	2	21	25	29	271	135	5	0.71	48	0	2.95	14	29.67
