1643990081	1	18	15	32	239	138	15	0.67	62	29	3.06	17	-0.61
1643990101	2	14	25	27	247	139	15	0.77	56	21	3.16	16	18.81
1643990121	1	14	15	36	263	139	15	0.79	39	16	2.63	13	20.09
1643990141	0	7	8	31	204	133	15	0.49	56	20	2.77	17	-22.59
1643990161	0	8	8	35	188	134	15	0.74	46	0	2.98	13	20.72
1643990188	0	8	8	33	229	132	5	0.49	47	0	3.07	11	-6.16
1643990208	0	8	8	36	233	134	5	0.53	48	1	2.69	18	-2.40
1643990228	0	9	8	37	186	135	5	0.49	45	1	2.96	13	-6.87
1643990248	2	8	25	32	190	136	5	0.73	66	1	2.86	25	31.56
1643990268	2	7	25	33	196	136	5	0.65	32	1	3.04	11	22.49
1643990295	1	14	15	27	229	136	0	0.59	20	1	4.00	8	9.99
1643990315	1	12	15	24	231	140	0	0.60	18	1	3.69	12	11.07
1643990336	2	19	25	25	149	140	0	0.80	34	1	3.93	8	39.11
1643990356	0	8	8	25	171	140	0	0.66	40	0	3.49	3	12.19
1643990376	1	18	15	27	252	141	0	0.68	23	1	3.28	7	19.89
1643990403	2	34	25	25	202	131	1	0.55	24	1	4.00	9	12.16
1643990423	2	50	25	18	258	134	1	0.76	23	1	3.31	7	34.83
1643990443	2	47	25	23	271	134	1	0.91	24	9	2.85	7	44.62
1643990463	2	31	25	24	308	134	1	1.02	38	9	3.49	8	55.60
1643990483	0	7	8	28	185	134	1	0.97	31	16	3.09	8	31.90
1643990510	2	30	25	29	216	137	1	0.77	42	1	3.59	16	36.01
1643990530	0	13	8	33	202	132	1	0.74	26	2	4.30	7	20.29
1643990550	2	20	25	26	243	134	1	0.47	26	2	3.59	10	3.33
1643990570	1	13	15	28	222	134	1	0.78	41	1	4.28	9	31.01
1643990590	0	8	8	32	202	134	1	0.56	22	1	4.56	9	1.08
1643990617	2	25	25	30	280	134	5	0.79	49	1	3.63	18	37.96
1643990637	0	8	8	35	198	135	5	0.93	65	2	3.17	19	40.31
1643990657	2	31	25	33	273	136	5	0.54	83	1	3.08	19	11.26
1643990677	1	18	15	31	169	136	5	0.67	49	0	3.35	23	19.48
1643990697	2	24	25	27	255	136	5	0.60	31	0	3.36	13	17.40
1643990725	1	16	15	31	190	131	5	0.85	60	0	3.38	15	37.65
1643990745	0	5	8	32	186	135	5	0.72	50	0	3.29	19	18.93
1643990765	2	34	25	29	292	135	5	0.87	59	0	3.70	28	46.39
1643990785	1	18	15	34	196	135	5	0.83	64	12	2.76	22	27.82
1643990805	2	13	25	30	202	135	5	0.83	61	29	2.89	22	21.71
1643990832	2	30	25	27	247	138	7	0.68	49	1	3.85	20	26.19
1643990852	2	13	25	25	231	139	7	0.89	44	7	2.63	16	45.41
1643990872	0	8	8	33	196	139	7	0.83	39	4	3.47	10	30.17
1643990892	1	7	15	25	166	139	7	0.58	28	1	4.43	15	8.94
1643990912	0	3	8	32	208	139	7	0.38	14	5	3.32	8	-19.77
1643990939	1	12	15	25	180	132	15	0.73	27	1	3.81	9	25.93
1643990959	1	15	15	26	231	135	15	1.11	37	2	3.11	3	61.95
1643990979	2	14	25	26	209	135	15	0.81	43	11	3.02	12	33.62
1643990999	0	4	8	33	178	135	15	0.69	30	7	3.64	10	12.50
1643991019	1	10	15	25	198	135	15	0.45	24	2	2.87	8	-5.30
1643991046	0	7	8	33	178	138	5	0.57	36	2	2.97	13	2.22
1643991066	0	7	8	33	194	139	5	0.70	37	1	3.13	13	16.52
1643991087	0	6	8	32	186	139	5	0.65	25	2	3.17	8	10.48
1643991107	2	27	25	26	226	139	5	0.79	44	1	3.62	15	37.51
1643991127	2	16	25	25	236	143	5	0.80	48	1	4.85	17	38.48
1643991154	0	9	8	37	139	131	15	0.49	47	2	2.95	19	-6.67
1643991174	2	11	25	37	209	133	15	0.51	41	3	2.80	17	7.39
1643991194	1	9	15	34	188	133	15	0.45	20	5	2.94	7	-6.19
1643991214	2	8	25	36	152	133	15	0.63	51	1	2.76	18	21.28
1643991234	2	8	25	37	157	135	15	0.67	71	1	2.82	17	25.24
1643991261	0	3	8	32	140	132	2	0.63	49	1	2.74	14	8.45
1643991281	2	37	25	31	264	137	2	0.74	49	0	3.62	23	33.00
1643991301	2	27	25	26	263	137	2	0.67	33	2	3.40	11	24.63
1643991321	2	29	25	30	262	138	2	0.87	67	0	3.52	21	45.95
1643991341	0	5	8	31	183	138	2	0.86	42	0	3.60	13	32.60
1643991368	1	16	15	33	194	131	2	0.78	47	0	3.14	19	30.72
1643991388	2	15	25	32	222	135	2	0.62	55	0	3.07	18	19.90
1643991408	0	11	8	35	142	135	2	0.80	28	0	3.11	4	26.61
1643991428	2	19	25	27	284	135	2	0.64	45	1	4.11	19	21.79
1643991448	2	25	25	31	246	135	2	0.74	48	0	3.21	15	32.91
1643991476	1	17	15	30	214	130	1	0.80	52	1	3.40	18	32.53
1643991496	2	14	25	26	179	134	1	0.52	17	3	4.51	7	8.70
1643991516	2	14	25	25	153	134	1	0.63	19	1	4.05	8	20.73
1643991536	0	8	8	29	131	135	1	0.81	38	6	3.44	9	25.57
1643991556	2	27	25	21	232	135	1	1.05	33	5	3.50	6	61.59
1643991583	0	6	8	31	172	130	5	0.60	30	0	3.94	14	5.49
1643991603	0	9	8	34	182	133	5	0.52	36	1	2.92	11	-3.68
1643991623	0	7	8	30	155	134	5	0.61	35	1	2.71	11	7.04
1643991643	1	15	15	33	159	134	5	0.72	32	1	3.16	9	25.00
1643991663	2	7	25	31	174	134	5	0.70	37	0	3.04	10	28.52
1643991690	2	21	25	27	258	142	0	0.76	32	3	3.45	9	34.93
1643991710	0	10	8	33	202	143	0	0.71	53	0	3.81	20	17.60
1643991730	2	5	25	24	169	144	0	0.59	19	1	3.92	6	16.21
1643991750	0	4	8	32	172	144	0	0.53	39	2	3.79	14	-2.45
1643991770	0	3	8	32	202	144	0	0.47	47	3	2.66	20	-8.67
1643991797	2	20	25	27	208	133	15	0.92	60	0	3.72	7	50.62
1643991817	0	9	8	36	167	138	15	0.95	54	10	2.93	18	35.90
1643991837	2	26	25	27	302	138	15	0.86	72	7	2.99	20	41.57
1643991858	0	9	8	37	204	139	15	1.04	60	4	3.31	12	50.36
1643991878	2	34	25	28	266	140	15	0.76	56	0	3.18	13	34.54
1643991905	0	6	8	27	179	140	15	0.68	51	1	3.43	6	14.54
1643991925	1	16	15	29	223	157	15	0.65	66	0	2.54	21	17.01
1643991945	1	12	15	27	204	158	15	0.86	65	13	2.93	14	30.35
1643991965	0	8	8	37	169	158	15	0.76	60	26	2.62	24	3.21
1643991985	1	15	15	32	216	158	15	0.52	60	43	2.61	24	-17.85
1643992012	1	24	15	26	217	125	1	0.72	34	1	3.67	3	24.08
1643992032	2	19	25	33	258	135	1	0.50	37	2	3.48	19	6.29
1643992052	0	14	8	32	144	135	1	0.52	26	1	2.74	11	-3.81
1643992072	2	34	25	26	274	135	1	0.84	31	2	3.50	9	43.11
1643992092	2	29	25	29	228	135	1	0.51	23	3	5.48	13	7.98
1643992119	0	11	8	30	178	128	5	0.67	36	1	3.41	16	12.95
1643992139	2	7	25	28	186	134	5	0.67	38	0	3.34	8	25.12
1643992159	2	6	25	29	192	135	5	0.53	40	1	3.51	1	9.89
1643992179	2	6	25	29	133	135	5	0.45	33	1	3.56	9	0.63
1643992199	1	6	15	30	148	136	5	0.67	47	0	3.21	17	19.21
1643992226	2	11	25	25	184	131	15	0.78	31	0	3.34	11	36.95
1643992247	2	16	25	26	196	134	15	0.99	41	6	2.85	10	56.32
1643992267	0	7	8	27	145	134	15	0.90	39	13	2.75	11	28.33
1643992287	2	16	25	26	208	135	15	0.76	34	1	3.78	3	35.23
1643992307	1	13	15	26	196	135	15	0.90	54	14	3.09	11	33.04
1643992334	0	4	8	29	152	133	7	0.60	28	2	3.69	8	5.64
1643992354	1	10	15	38	186	151	7	0.49	38	2	3.01	15	-1.02
1643992374	0	7	8	37	182	152	7	0.54	43	1	2.60	14	-0.85
1643992394	0	7	8	36	185	152	7	0.47	23	4	3.69	10	-8.53
1643992414	0	7	8	39	142	152	7	0.66	59	0	2.71	17	11.88
1643992441	0	9	8	39	208	133	2	0.76	67	6	2.96	16	21.17
1643992461	2	26	25	27	270	134	2	0.62	56	0	2.56	18	20.16
1643992481	2	30	25	27	224	135	2	0.83	57	1	3.47	13	42.36
1643992501	0	7	8	31	196	135	2	0.83	70	7	3.08	9	27.47
1643992521	2	21	25	26	254	135	2	0.69	41	0	2.81	16	27.44
1643992548	1	14	15	34	186	135	15	0.84	64	16	2.85	21	25.66
1643992568	0	3	8	34	146	136	15	0.83	84	16	2.63	11	17.98
1643992588	2	24	25	26	266	136	15	0.59	48	0	2.52	17	16.69
1643992608	2	12	25	25	226	136	15	0.84	44	10	2.79	12	36.92
1643992628	0	7	8	30	165	137	15	0.91	58	9	2.70	15	33.01
1643992656	0	7	8	30	126	136	2	0.66	30	1	3.26	10	11.83
1643992676	2	31	25	27	276	136	2	0.84	54	1	3.59	20	42.89
1643992696	1	16	15	28	245	137	2	0.58	18	2	3.97	7	9.70
1643992716	2	8	25	23	162	137	2	0.72	34	0	4.88	1	30.41
1643992736	2	12	25	25	226	137	2	0.80	39	1	3.60	14	39.28
1643992763	2	12	25	25	184	132	0	0.73	21	0	3.22	7	31.50
1643992783	2	15	25	27	221	133	0	0.77	31	0	3.40	12	35.96
1643992803	2	10	25	25	202	133	0	0.58	27	0	3.75	8	15.38
1643992823	2	28	25	27	253	137	0	0.75	23	1	3.08	7	34.16
1643992843	2	18	25	26	198	138	0	0.81	35	0	3.72	14	40.44
1643992870	1	10	15	25	240	139	7	0.80	25	2	3.28	5	32.88
1643992890	0	8	8	30	188	140	7	0.60	37	1	4.15	9	5.96
1643992910	0	7	8	32	126	140	7	0.40	31	3	3.45	13	-15.98
1643992930	2	9	25	24	176	141	7	0.60	33	1	4.63	14	17.01
1643992950	2	29	25	28	252	141	7	0.83	44	29	3.61	16	21.73
1643992977	1	21	15	27	238	139	0	0.73	37	1	3.80	15	26.09
1643992997	0	9	8	25	177	140	0	0.77	32	4	4.90	7	23.35
1643993017	2	27	25	33	255	140	0	0.79	65	0	3.30	22	38.15
1643993038	0	7	8	41	186	140	0	0.78	71	3	3.07	20	25.31
1643993058	1	15	15	33	238	141	0	0.67	57	0	2.74	15	19.28
1643993085	1	19	15	34	186	131	2	0.65	46	0	3.25	14	16.70
1643993105	0	8	8	31	192	134	2	0.80	54	0	3.73	5	27.38
1643993125	2	28	25	30	282	134	2	0.84	43	0	3.50	13	42.88
1643993145	2	15	25	29	253	135	2	0.78	42	1	3.43	14	36.38
1643993165	2	19	25	32	243	135	2	0.81	78	4	3.33	14	40.06
1643993192	2	33	25	28	217	132	7	0.85	55	0	3.49	19	43.99
1643993212	1	16	15	33	235	134	7	0.81	49	10	3.48	15	28.52
1643993232	1	16	15	32	243	135	7	0.73	43	0	3.58	12	25.80
1643993252	2	15	25	24	174	136	7	0.79	29	1	2.66	11	38.01
1643993272	0	8	8	39	181	136	7	0.83	37	2	3.40	11	29.74
1643993299	2	19	25	25	224	140	1	0.64	22	1	4.29	10	22.00
1643993319	2	17	25	25	242	140	1	0.69	34	0	3.59	14	27.59
1643993339	2	14	25	25	190	141	1	0.83	35	1	3.78	5	41.63
1643993359	2	12	25	25	194	141	1	0.62	37	0	3.87	1	20.10
1643993379	0	3	8	30	130	141	1	0.74	30	0	3.67	8	20.78
1643993407	2	16	25	25	202	132	15	0.81	40	0	3.77	15	39.63
1643993427	2	10	25	24	172	133	15	0.89	38	14	2.90	11	38.26
1643993447	2	9	25	23	172	134	15	0.86	40	22	2.77	14	27.21
1643993467	1	7	15	24	191	134	15	0.76	38	40	2.74	12	8.25
1643993487	0	3	8	31	188	134	15	0.70	40	16	3.37	6	4.10
1643993514	1	17	15	22	188	129	15	0.83	30	3	4.54	5	35.60
1643993534	2	13	25	25	224	134	15	0.56	20	24	3.35	7	-7.13
1643993554	0	8	8	32	154	135	15	0.76	50	39	3.05	18	2.83
1643993574	2	16	25	26	256	135	15	0.46	35	2	2.89	15	2.56
1643993594	0	9	8	42	176	135	15	0.92	47	10	3.96	23	33.05
1643993621	0	6	8	38	170	132	15	0.62	63	0	2.39	19	7.73
1643993641	0	13	8	40	187	133	15	0.70	71	1	2.96	18	16.65
1643993661	2	7	25	35	171	134	15	0.55	60	2	2.47	24	12.11
1643993681	1	8	15	37	118	135	15	0.45	43	4	2.57	16	-5.19
1643993701	2	4	25	31	133	135	15	0.59	47	2	3.17	9	16.02
1643993728	1	15	15	29	208	137	15	0.78	51	0	3.13	16	30.64
1643993748	1	15	15	33	198	137	15	0.93	54	11	2.85	16	38.81
1643993768	2	34	25	28	276	137	15	0.87	76	14	2.80	24	36.13
1643993788	0	7	8	36	180	138	15	0.95	62	5	2.95	16	41.37
1643993808	0	9	8	32	176	138	15	0.61	37	1	2.86	13	6.39
1643993836	2	22	25	26	224	132	5	0.85	61	1	3.57	22	44.49
1643993856	1	19	15	28	235	133	5	0.81	35	18	3.23	14	19.77
1643993876	2	20	25	26	276	134	5	0.84	41	1	3.42	12	42.71
1643993896	1	11	15	24	182	135	5	0.61	22	1	4.02	10	12.73
1643993916	0	8	8	32	214	135	5	0.72	28	1	3.77	8	18.37
1643993943	0	8	8	31	142	132	0	0.60	33	1	2.90	13	5.42
1643993963	2	9	25	27	186	134	0	0.67	24	1	3.06	6	25.12
1643993983	2	7	25	30	204	134	0	0.62	26	1	3.17	8	19.18
1643994003	2	5	25	31	127	135	0	0.52	34	1	3.16	10	8.35
1643994023	2	3	25	28	153	135	0	0.65	32	1	2.85	10	23.36
1643994050	1	21	15	27	200	132	7	0.80	37	0	3.29	11	33.04
1643994070	0	6	8	32	200	134	7	0.72	25	1	3.35	4	18.39
1643994090	2	30	25	18	282	135	7	0.48	36	4	3.58	8	4.07
1643994110	1	9	15	23	145	135	7	0.53	19	1	4.58	7	4.06
1643994130	1	13	15	20	238	136	7	0.71	33	1	4.86	13	23.97
1643994157	0	7	8	42	186	133	15	0.43	47	4	2.57	22	-13.59
1643994177	2	10	25	24	194	135	15	0.38	36	8	2.51	17	-10.39
1643994198	1	11	15	27	186	135	15	0.95	41	9	3.84	10	42.50
1643994218	2	27	25	32	274	135	15	0.74	56	20	3.03	20	16.75
1643994238	2	29	25	31	256	135	15	1.02	60	7	3.23	17	57.80
1643994265	0	4	8	31	164	138	15	0.77	55	0	3.12	15	23.47
1643994285	1	14	15	33	226	138	15	0.60	57	0	3.01	12	11.01
1643994305	0	8	8	33	182	139	15	1.03	70	2	3.13	9	49.17
1643994325	0	4	8	33	194	139	15	0.64	66	0	2.43	23	9.84
1643994345	0	4	8	32	130	139	15	0.70	56	1	2.76	22	16.41
1643994372	1	21	15	33	229	132	5	0.55	52	0	3.43	17	5.54
1643994392	2	7	25	31	218	134	5	0.76	43	0	3.06	23	34.43
1643994412	2	16	25	29	258	135	5	0.64	42	1	3.42	19	22.39
1643994432	0	6	8	37	191	135	5	0.69	43	1	3.45	13	15.02
1643994452	0	9	8	26	124	135	5	0.66	27	2	3.31	10	11.52
1643994479	2	10	25	25	198	133	15	0.68	41	57	3.14	17	6.10
1643994499	2	10	25	24	193	134	15	0.66	32	60	3.13	16	4.46
1643994519	2	27	25	28	243	134	15	0.83	35	3	4.28	5	42.20
1643994539	2	14	25	23	235	135	15	0.72	25	17	3.00	9	17.26
1643994559	1	10	15	24	198	135	15	0.81	44	3	3.31	6	33.53
1643994586	0	8	8	32	130	132	1	0.70	49	1	2.89	14	16.79
1643994607	0	7	8	27	208	134	1	0.67	41	0	3.03	17	12.87
1643994627	1	8	15	23	223	134	1	0.64	35	1	2.80	13	15.44
1643994647	2	14	25	26	215	134	1	0.78	37	2	3.73	14	36.67
1643994667	2	25	25	27	238	135	1	0.69	27	1	3.69	9	27.14
1643994694	1	17	15	26	218	135	5	0.79	37	2	4.05	10	32.12
1643994714	0	5	8	31	176	139	5	0.58	34	1	3.90	14	3.32
1643994734	2	15	25	25	154	139	5	0.78	49	6	4.32	21	34.33
1643994754	2	18	25	26	231	139	5	0.65	42	4	4.61	19	22.80
1643994774	1	16	15	27	220	140	5	0.66	36	1	4.91	13	18.23
1643994801	1	17	15	34	184	133	15	0.79	85	1	3.26	18	31.79
1643994821	1	13	15	35	208	134	15	0.82	72	7	2.54	22	32.45
1643994841	2	30	25	31	282	134	15	0.95	72	13	2.91	20	45.22
1643994861	2	17	25	26	217	134	15	0.95	72	13	2.91	20	45.22
1643994881	1	15	15	32	162	135	15	0.82	62	17	2.68	18	21.96
1643994908	0	7	8	33	161	130	5	0.51	30	3	2.60	10	-4.69
1643994928	0	9	8	36	183	134	5	0.60	56	1	2.66	21	5.99
1643994948	1	7	15	37	196	134	5	0.58	42	1	2.81	12	8.90
1643994968	2	7	25	37	131	134	5	0.63	56	1	2.84	12	21.04
1643994988	0	9	8	33	152	135	5	0.69	62	1	2.68	25	15.76
1643995016	2	40	25	29	216	137	7	0.72	45	1	3.87	16	30.48
1643995036	2	25	25	27	229	138	7	0.95	64	5	3.22	25	52.82
1643995056	2	21	25	27	250	138	7	0.83	29	6	2.46	10	40.35
1643995076	2	9	25	25	228	138	7	0.95	54	8	3.11	15	49.60
1643995096	0	12	8	29	185	139	7	0.59	28	1	4.93	17	4.16
1643995123	1	20	15	30	224	137	15	0.75	50	15	3.12	16	16.73
1643995143	0	6	8	25	156	138	15	0.92	32	9	3.15	9	33.68
1643995163	2	18	25	15	288	138	15	0.69	19	0	2.94	6	26.86
1643995183	2	12	25	23	243	138	15	0.78	40	33	3.43	15	16.51
1643995203	2	11	25	26	228	139	15	0.97	52	11	3.02	14	49.20
1643995230	0	8	8	28	161	133	1	0.90	37	7	2.97	13	33.76
1643995250	2	16	25	26	226	134	1	0.78	36	1	3.78	15	36.79
1643995270	0	5	8	30	178	134	1	0.70	26	1	3.61	8	16.89
1643995290	2	14	25	25	239	135	1	0.80	54	1	3.51	14	39.29
1643995310	1	5	15	23	215	135	1	0.48	18	1	4.48	7	-1.16
1643995337	2	23	25	29	282	139	7	0.86	45	2	4.65	14	45.49
1643995357	0	9	8	32	194	140	7	0.73	56	35	3.29	21	-0.90
1643995378	2	12	25	24	176	140	7	0.76	41	5	4.32	23	33.68
1643995398	0	7	8	36	185	140	7	0.62	43	0	4.01	2	7.26
1643995418	2	28	25	31	259	140	7	0.67	56	0	2.70	16	25.50
1643995445	0	11	8	39	175	133	0	0.61	60	0	2.86	15	6.40
1643995465	0	8	8	38	209	134	0	0.73	55	0	3.13	10	19.52
1643995485	0	5	8	33	204	134	0	0.66	60	0	2.53	20	11.77
1643995505	2	9	25	34	158	135	0	0.53	30	3	2.69	9	10.05
1643995525	0	6	8	36	186	135	0	0.59	55	0	2.57	19	4.81
1643995552	2	25	25	27	256	129	7	0.88	75	4	3.40	7	47.48
1643995572	0	7	8	38	156	134	7	0.62	56	6	2.96	17	6.64
1643995592	1	17	15	33	247	134	7	0.67	61	1	2.65	27	19.29
1643995612	1	15	15	37	181	135	7	0.63	46	0	3.47	16	14.44
1643995632	1	18	15	32	228	135	7	0.79	65	0	3.16	24	31.78
1643995659	0	8	8	32	188	133	2	0.66	53	0	3.34	6	12.11
1643995679	2	12	25	25	190	139	2	0.67	41	1	2.86	13	25.30
1643995699	2	4	25	21	163	140	2	0.56	41	1	3.73	5	12.73
1643995719	0	9	8	34	208	140	2	0.59	43	1	3.14	12	4.21
1643995739	2	18	25	26	220	140	2	0.65	23	1	3.14	9	22.97
1643995767	2	34	25	26	249	132	1	0.84	39	3	3.97	12	43.38
1643995787	1	13	15	29	233	134	1	0.73	26	0	4.00	7	25.62
1643995807	2	30	25	21	222	135	1	0.87	43	0	3.73	11	45.61
1643995827	2	27	25	26	290	135	1	0.84	22	2	3.64	5	42.72
1643995847	1	17	15	28	240	135	1	0.80	38	0	3.66	12	33.43
1643995874	1	16	15	24	217	127	2	0.78	36	1	3.99	2	30.49
1643995894	1	18	15	34	216	133	2	0.70	21	1	3.33	8	22.87
1643995914	2	14	25	27	198	134	2	0.77	37	1	4.25	12	35.38
1643995934	2	22	25	26	243	134	2	0.60	29	2	4.72	12	17.03
1643995954	0	8	8	39	144	135	2	0.36	30	12	2.92	13	-28.75
1643995981	2	18	25	25	228	137	0	0.85	43	1	5.36	18	43.72
1643996001	2	34	25	29	292	138	0	0.74	44	0	4.03	5	32.12
1643996021	2	25	25	27	247	139	0	0.84	68	1	3.33	19	42.87
1643996041	2	20	25	27	284	139	0	0.79	62	0	3.28	21	37.92
1643996061	0	8	8	32	143	139	0	0.64	56	1	2.64	23	9.40
1643996088	2	32	25	25	236	130	1	0.83	78	0	3.13	12	42.33
1643996109	2	29	25	29	300	135	1	0.81	42	0	3.46	10	40.08
1643996129	2	32	25	31	246	135	1	0.82	48	0	3.55	14	40.98
1643996149	2	23	25	27	253	136	1	0.86	46	0	3.60	14	45.13
1643996169	0	8	8	37	155	136	1	0.67	53	0	2.43	18	13.04
1643996196	0	8	8	35	174	133	0	0.50	37	1	2.50	17	-5.22
1643996216	2	4	25	38	208	135	0	0.56	42	2	2.64	16	12.78
1643996236	0	5	8	34	130	135	0	0.56	49	2	2.90	15	1.46
1643996256	2	8	25	33	139	135	0	0.66	53	0	3.38	5	24.57
1643996276	2	6	25	34	183	135	0	0.65	39	1	2.86	12	22.93
1643996303	0	6	8	32	196	136	15	0.55	32	5	3.40	2	-0.96
1643996323	1	16	15	26	224	137	15	0.59	43	1	3.16	12	10.12
1643996343	1	9	15	23	228	138	15	0.80	23	14	2.90	8	23.02
1643996363	2	14	25	25	224	139	15	0.90	30	4	3.34	9	48.46
1643996383	1	15	15	28	174	139	15	0.80	37	10	2.93	13	26.22
1643996410	0	7	8	28	185	138	5	0.72	44	0	3.23	13	18.15
1643996430	2	12	25	25	211	139	5	0.67	40	1	3.35	7	24.99
1643996450	1	11	15	26	181	139	5	0.78	33	0	3.19	11	31.37
1643996470	0	8	8	28	182	140	5	0.63	36	1	2.80	10	8.34
1643996491	1	14	15	24	206	140	5	0.60	31	2	2.83	13	10.98
1643996518	2	25	25	27	225	129	0	0.68	32	3	4.34	11	26.03
1643996538	2	25	25	27	240	134	0	0.54	30	1	4.64	13	11.24
1643996558	1	6	15	30	221	134	0	0.75	39	40	3.48	16	7.74
1643996578	2	23	25	27	238	134	0	0.61	48	102	3.14	21	-1.66
1643996598	0	8	8	38	183	134	0	0.95	48	11	3.75	12	34.20
1643996625	2	12	25	28	265	132	2	0.81	69	3	3.29	16	39.99
1643996645	0	7	8	35	183	134	2	0.70	57	1	3.64	22	16.27
1643996665	2	25	25	29	255	135	2	0.79	51	0	3.54	19	37.91
1643996685	2	23	25	23	260	136	2	0.67	31	0	3.66	15	25.15
1643996705	1	18	15	28	276	136	2	0.79	42	0	3.47	2	31.72
1643996732	2	32	25	28	257	132	5	0.65	39	4	3.64	17	23.03
1643996752	2	22	25	28	251	134	5	0.80	60	11	2.76	24	31.56
1643996772	1	22	15	35	243	135	5	0.83	52	12	3.27	22	28.35
1643996792	0	7	8	34	144	135	5	0.64	48	1	2.47	21	10.15
1643996812	0	8	8	40	194	135	5	0.48	51	6	2.45	20	-9.59
1643996839	1	14	15	28	235	137	7	0.82	39	1	3.48	13	35.22
1643996859	0	7	8	31	198	138	7	0.80	46	0	3.75	10	27.23
1643996880	2	12	25	25	170	138	7	0.53	27	6	4.01	12	8.11
1643996900	0	4	8	30	154	139	7	0.44	26	54	2.55	13	-31.54
1643996920	2	24	25	27	245	139	7	0.59	42	1	3.20	12	16.26
1643996947	2	9	25	23	164	132	2	0.79	35	0	3.76	9	37.97
1643996967	2	12	25	25	186	134	2	0.81	36	0	3.90	10	40.30
1643996987	2	21	25	27	253	135	2	0.56	21	5	3.30	7	12.45
1643997007	0	7	8	31	146	135	2	0.77	38	0	3.27	8	23.30
1643997027	2	14	25	25	228	135	2	0.71	30	1	3.17	8	29.35
1643997054	2	27	25	24	259	131	1	0.68	32	6	3.49	11	24.49
1643997074	2	42	25	23	244	134	1	0.77	40	1	3.77	10	35.80
1643997094	0	8	8	33	131	134	1	0.58	35	4	3.46	9	2.77
1643997114	2	23	25	21	245	135	1	0.84	42	1	4.51	15	42.77
1643997134	2	32	25	26	279	135	1	0.70	28	3	5.09	12	27.96
1643997161	0	8	8	36	168	132	1	0.41	41	3	2.73	17	-15.03
1643997181	0	5	8	28	174	133	1	0.47	33	3	3.38	15	-8.68
1643997201	2	8	25	36	194	134	1	0.61	43	0	4.00	2	18.93
1643997221	2	7	25	39	129	134	1	0.69	73	1	2.86	15	27.32
1643997241	2	8	25	39	194	134	1	0.53	55	7	2.65	21	6.96
1643997269	1	6	15	33	235	140	5	0.60	51	0	3.76	14	11.39
1643997289	2	19	25	24	257	141	5	0.75	40	0	3.49	8	33.29
1643997309	2	24	25	31	266	141	5	0.86	67	0	3.58	19	45.11
1643997329	1	14	15	26	213	142	5	0.92	47	4	3.28	14	44.50
1643997349	1	16	15	31	220	142	5	0.80	82	4	3.09	23	32.75
1643997376	2	18	25	26	282	133	7	0.79	52	0	3.48	17	38.32
1643997396	0	8	8	39	190	134	7	0.98	58	5	3.17	23	44.05
1643997416	2	21	25	30	258	135	7	0.52	44	3	2.49	17	8.53
1643997436	0	7	8	30	151	136	7	0.66	43	1	2.90	12	12.59
1643997456	2	23	25	25	266	136	7	0.78	54	0	3.90	5	36.43
1643997483	2	18	25	27	194	136	0	0.49	28	11	4.47	14	-1.69
1643997503	2	18	25	28	270	139	0	0.58	42	1	3.77	6	15.36
1643997523	2	13	25	26	236	152	0	0.77	24	0	3.52	9	35.30
1643997543	2	9	25	23	180	152	0	0.66	39	0	3.56	3	24.19
1643997563	2	14	25	26	244	152	0	0.62	19	1	3.18	8	20.01
1643997591	0	6	8	30	190	131	15	0.31	24	3	2.99	9	-25.50
1643997611	0	5	8	29	172	134	15	0.67	30	1	3.20	7	12.69
1643997631	2	10	25	29	180	135	15	0.70	22	2	3.35	5	27.90
1643997651	1	8	15	32	151	135	15	0.57	32	1	2.87	9	8.71
1643997671	2	5	25	29	156	135	15	0.52	33	2	3.28	11	8.44
1643997698	2	16	25	25	272	137	0	0.87	54	0	3.52	16	45.59
1643997718	2	9	25	24	208	138	0	0.76	35	1	4.51	11	34.25
1643997738	1	16	15	27	175	138	0	0.67	39	1	5.33	16	18.69
1643997758	0	8	8	32	167	138	0	0.54	33	3	3.86	14	-1.00
1643997778	2	14	25	24	237	138	0	0.56	37	2	2.90	15	13.14
1643997805	0	11	8	37	196	142	2	0.60	48	2	2.73	18	5.03
1643997825	0	7	8	35	188	143	2	0.67	63	0	2.54	18	12.89
1643997845	0	7	8	40	186	144	2	0.56	83	1	3.04	17	1.19
1643997865	0	11	8	40	126	144	2	0.60	51	3	2.68	18	6.04
1643997885	1	19	15	34	224	149	2	0.73	79	0	3.20	10	25.65
1643997912	2	28	25	26	246	131	2	0.89	59	0	3.76	15	47.57
1643997932	2	25	25	26	272	134	2	1.01	51	2	3.36	12	58.95
1643997952	2	11	25	29	286	134	2	0.98	48	4	3.30	16	56.58
1643997973	2	27	25	29	296	135	2	1.06	55	8	2.95	16	59.90
1643997993	1	20	15	29	208	135	2	0.90	54	7	2.81	17	40.19
1643998020	2	29	25	29	270	139	2	0.78	43	1	3.73	12	36.94
1643998040	2	7	25	26	249	139	2	0.80	33	0	3.43	12	38.77
1643998060	1	7	15	30	251	139	2	0.75	28	2	3.34	9	27.41
1643998080	2	29	25	28	255	140	2	0.48	20	3	4.66	12	4.80
1643998100	2	16	25	26	242	140	2	0.84	46	0	3.86	12	43.39
1643998127	2	14	25	26	208	136	15	0.74	23	0	3.46	8	32.52
1643998147	1	18	15	25	222	138	15	0.92	46	2	3.46	6	45.31
1643998167	2	4	25	24	206	138	15	0.78	34	3	3.41	9	36.88
1643998187	2	20	25	27	239	139	15	0.69	41	19	3.00	13	11.89
1643998207	1	13	15	25	214	139	15	0.76	44	25	2.79	16	8.49
1643998234	2	18	25	27	259	137	0	0.71	38	1	3.59	14	28.95
1643998254	2	24	25	28	233	137	0	0.80	36	0	3.75	11	39.32
1643998274	1	15	15	30	208	138	0	0.57	29	1	3.49	11	7.87
1643998294	1	14	15	27	268	138	0	0.76	46	1	3.58	15	28.54
1643998314	2	16	25	27	182	139	0	0.68	22	1	4.70	8	25.84
1643998342	2	23	25	27	210	132	7	0.69	46	1	5.14	19	27.43
1643998362	0	7	8	40	169	134	7	0.87	50	12	3.20	13	26.33
1643998382	2	27	25	27	286	134	7	0.68	42	1	3.67	15	26.55
1643998402	2	22	25	29	285	135	7	0.74	66	47	2.91	32	12.19
1643998422	0	8	8	40	192	135	7	0.96	75	3	2.70	21	42.75
1643998449	2	26	25	28	277	153	2	0.73	65	7	2.99	20	28.74
1643998469	2	25	25	31	283	155	2	0.83	62	1	3.37	19	42.43
1643998489	2	21	25	26	245	155	2	0.85	55	0	3.83	5	44.13
1643998509	1	14	15	36	264	156	2	0.73	35	1	3.63	15	25.07
1643998529	2	24	25	28	211	156	2	0.77	41	1	3.47	11	35.77
1643998556	2	22	25	28	275	131	2	0.87	85	7	3.29	20	42.42
1643998576	2	30	25	27	277	134	2	0.79	57	2	3.33	22	37.89
1643998596	1	11	15	23	214	134	2	0.56	43	2	3.03	18	7.11
1643998616	2	5	25	25	261	135	2	0.72	48	0	3.24	15	30.77
1643998636	2	18	25	23	245	135	2	0.84	41	1	3.93	12	43.34
1643998663	0	9	8	37	192	131	15	0.70	52	1	2.82	18	16.17
1643998683	2	13	25	25	243	134	15	0.50	17	4	3.79	7	6.54
1643998704	1	14	15	26	226	134	15	0.34	18	102	2.64	13	-36.48
1643998724	0	6	8	29	186	135	15	0.84	45	16	2.74	15	19.03
1643998744	2	10	25	23	217	135	15	0.66	35	0	3.36	11	24.09
1643998771	0	7	8	29	131	131	15	0.46	32	1	3.29	8	-9.41
1643998791	1	14	15	28	225	134	15	0.56	46	2	2.89	16	7.61
1643998811	2	20	25	27	236	135	15	0.98	43	5	3.06	9	55.79
1643998831	1	20	15	28	249	135	15	0.89	43	12	2.88	14	33.96
1643998851	1	21	15	28	220	135	15	0.96	44	6	2.71	9	47.02
1643998878	2	16	25	27	259	137	15	0.85	42	2	3.67	16	44.44
1643998898	2	16	25	24	200	138	15	0.87	57	16	2.89	20	33.45
1643998918	0	9	8	32	181	139	15	0.80	47	22	3.74	16	9.61
1643998938	0	8	8	33	184	155	15	0.55	50	5	2.77	23	-0.63
1643998958	2	19	25	28	282	156	15	0.62	38	1	3.41	11	20.18
1643998985	2	17	25	27	231	135	15	0.91	63	4	3.00	6	49.83
1643999005	2	21	25	27	243	139	15	0.88	65	23	2.70	11	28.29
1643999025	2	9	25	26	230	139	15	1.02	53	9	3.11	17	56.02
1643999045	2	29	25	30	242	140	15	1.02	58	4	3.00	12	60.00
1643999065	1	21	15	33	196	140	15	0.69	66	40	2.90	18	0.78
1643999092	0	8	8	29	151	129	1	0.69	50	0	2.72	14	15.08
1643999113	2	6	25	35	171	133	1	0.62	58	0	2.49	17	19.37
1643999133	2	6	25	35	202	135	1	0.57	58	2	2.94	17	14.18
1643999153	1	9	15	37	148	135	1	0.52	41	1	2.59	13	2.26
1643999173	2	8	25	37	135	135	1	0.45	45	0	2.98	7	0.57
1643999200	2	35	25	29	280	133	1	0.65	48	1	2.51	21	22.69
1643999220	2	25	25	28	280	137	1	0.85	70	0	3.48	24	43.85
1643999240	2	19	25	27	241	137	1	0.58	36	1	3.98	13	15.32
1643999260	2	29	25	27	286	137	1	0.83	50	0	3.93	7	41.99
1643999280	2	18	25	26	196	137	1	0.54	25	4	5.23	16	10.65
1643999307	0	10	8	31	143	130	0	0.70	37	1	3.06	11	16.21
1643999327	2	8	25	29	185	134	0	0.55	24	1	3.01	9	11.58
1643999347	2	7	25	30	198	135	0	0.48	41	0	3.68	5	4.70
1643999367	0	5	8	33	231	135	0	0.59	25	1	3.42	5	4.79
1643999387	1	5	15	32	173	135	0	0.62	44	0	3.16	17	14.03
1643999414	0	10	8	23	180	135	5	0.73	32	1	3.26	10	19.31
1643999434	2	21	25	26	235	137	5	0.69	27	2	3.38	5	27.34
1643999454	2	13	25	23	206	137	5	0.76	25	1	3.34	5	34.38
1643999474	2	16	25	25	222	138	5	0.64	36	1	4.11	6	22.19
1643999495	0	5	8	31	137	138	5	0.56	41	1	3.14	10	1.61
1643999522	2	26	25	20	258	133	5	0.76	20	1	4.49	5	34.47
1643999542	0	4	8	37	192	134	5	0.83	46	19	4.46	20	15.12
1643999562	2	24	25	25	240	134	5	0.50	41	3	2.75	16	6.11
1643999582	2	21	25	26	217	134	5	0.72	48	23	3.67	14	11.02
1643999602	0	8	8	38	133	136	5	0.68	56	0	2.71	17	13.70
1643999629	0	6	8	38	196	137	0	0.65	73	1	2.79	15	10.96
1643999649	1	14	15	30	228	138	0	0.64	58	0	2.65	18	15.75
1643999669	2	18	25	27	235	139	0	0.84	57	2	3.46	13	42.77
1643999689	2	34	25	29	271	139	0	0.85	70	1	3.10	10	44.34
1643999709	2	23	25	27	255	139	0	0.86	58	0	3.44	14	44.97
1643999736	2	27	25	28	290	136	7	0.81	41	1	3.76	8	40.20
1643999756	1	20	15	33	231	138	7	1.02	58	4	3.24	12	54.18
1643999776	2	40	25	29	288	139	7	0.87	66	10	2.70	20	39.20
1643999796	1	10	15	25	217	139	7	0.94	60	13	2.91	23	38.13
1643999816	2	33	25	29	238	140	7	0.78	57	45	3.00	18	16.92
1643999843	1	16	15	25	186	132	0	0.73	25	2	3.42	8	25.52
1643999864	2	15	25	31	230	134	0	0.87	52	1	3.41	15	45.83
1643999884	1	17	15	28	183	135	0	0.66	24	1	3.82	9	17.55
1643999904	1	16	15	19	233	135	0	0.70	30	1	3.33	13	22.45
1643999924	2	14	25	24	221	135	0	0.83	36	1	3.84	10	41.86
1643999951	1	13	15	25	220	141	1	0.79	24	0	3.47	6	32.09
1643999971	0	7	8	31	206	142	1	0.82	34	0	3.56	11	29.39
1643999991	0	7	8	31	128	148	1	0.64	60	3	2.41	16	9.66
1644000011	2	6	25	26	216	148	1	0.77	35	1	3.50	13	35.52
1644000031	2	22	25	26	247	149	1	0.75	31	1	3.54	7	33.37
1644000058	1	15	15	22	169	130	0	0.74	24	1	3.42	8	26.61
1644000078	2	9	25	24	208	134	0	0.73	29	3	3.31	9	31.62
1644000098	2	11	25	26	148	134	0	0.78	45	1	3.75	14	37.05
1644000118	2	7	25	22	128	134	0	0.69	26	21	3.32	7	10.00
1644000138	0	10	8	38	130	135	0	0.74	44	31	3.24	7	0.54
1644000165	1	16	15	28	192	136	15	0.67	37	1	4.01	16	18.99
1644000185	1	9	15	24	206	137	15	0.96	58	3	3.01	13	48.67
1644000205	2	36	25	31	252	156	15	0.85	62	14	2.72	20	33.87
1644000225	2	26	25	30	272	156	15	1.01	63	6	2.99	19	56.95
1644000245	2	27	25	28	262	156	15	0.94	56	5	2.96	12	52.56
1644000273	2	22	25	26	272	132	1	0.80	72	0	3.27	12	39.01
1644000293	2	21	25	29	233	134	1	0.84	52	0	3.19	15	42.72
1644000313	2	30	25	30	282	134	1	0.83	61	0	3.50	17	41.90
1644000333	0	6	8	33	130	134	1	0.78	51	0	3.25	17	24.41
1644000353	1	11	15	32	244	135	1	0.76	90	4	3.03	22	28.16
1644000380	1	14	15	34	221	138	15	0.79	55	0	3.12	19	31.82
1644000400	1	17	15	32	222	138	15	0.83	35	6	3.05	10	33.81
1644000420	2	26	25	30	277	143	15	0.79	50	29	3.09	19	17.92
1644000440	1	15	15	28	251	143	15	0.74	33	30	3.06	16	6.96
1644000460	1	13	15	33	247	144	15	0.86	42	5	3.29	8	37.75
1644000487	2	16	25	25	204	140	5	0.65	24	1	3.85	10	22.92
1644000507	2	20	25	27	239	140	5	0.81	42	0	3.96	15	39.96
1644000527	2	15	25	26	246	141	5	0.82	34	1	3.76	6	40.99
1644000547	2	10	25	25	206	141	5	0.75	37	0	3.87	3	33.58
1644000567	2	20	25	27	167	141	5	0.62	22	1	3.09	8	19.23
1644000594	0	5	8	27	194	137	7	0.77	35	1	3.62	12	24.24
1644000614	2	10	25	25	194	138	7	0.84	41	1	3.75	15	43.06
1644000634	2	10	25	24	210	138	7	0.82	35	0	3.72	14	41.06
1644000655	2	11	25	23	210	139	7	0.71	33	1	3.47	10	29.17
1644000675	2	16	25	27	218	139	7	0.83	44	1	4.07	16	42.35
1644000702	0	10	8	29	206	129	2	0.75	30	3	3.98	5	21.21
1644000722	2	9	25	31	198	134	2	0.43	31	2	4.05	15	-0.95
1644000742	1	5	15	35	184	134	2	0.51	37	2	3.27	17	2.05
1644000762	1	7	15	37	140	135	2	0.54	38	2	2.72	15	5.24
1644000782	2	8	25	34	188	135	2	0.74	60	0	3.08	11	32.87
1644000809	0	6	8	39	176	132	5	0.62	63	0	2.39	19	7.73
1644000829	1	7	15	39	181	133	5	0.71	71	1	2.98	16	23.51
1644000849	2	6	25	34	173	134	5	0.55	53	0	2.84	12	11.57
1644000869	0	8	8	38	150	135	5	0.69	54	0	2.80	16	15.14
1644000889	2	8	25	30	175	135	5	0.71	55	0	3.45	5	29.73
1644000916	2	23	25	26	288	139	1	0.87	56	1	3.25	18	46.46
1644000936	2	11	25	27	274	140	1	0.81	44	1	3.60	10	40.42
1644000956	2	26	25	32	236	140	1	0.65	62	3	3.39	23	23.16
1644000976	2	27	25	29	274	140	1	0.88	57	0	3.67	15	47.02
1644000996	0	7	8	40	147	141	1	0.45	40	18	2.49	20	-24.76
1644001023	2	14	25	26	249	133	7	0.88	70	0	3.45	24	47.42
1644001044	1	13	15	25	220	134	7	0.70	35	21	3.08	11	5.24
1644001064	0	9	8	32	134	134	7	0.34	26	14	3.83	15	-33.54
1644001084	2	10	25	25	242	135	7	0.58	21	2	4.28	6	15.26
1644001104	1	19	15	26	224	135	7	0.81	50	0	3.87	19	34.16
1644001131	2	25	25	22	216	132	7	0.79	34	1	3.75	13	37.73
1644001151	2	25	25	18	260	134	7	0.83	18	19	2.91	6	27.61
1644001171	2	22	25	19	241	134	7	0.82	34	12	3.18	9	33.09
1644001191	1	14	15	25	240	135	7	0.65	30	33	3.17	9	-3.17
1644001211	2	39	25	16	260	135	7	1.00	45	3	3.03	3	58.34
1644001238	2	10	25	24	237	132	15	0.99	42	5	2.78	10	55.82
1644001258	1	6	15	28	185	134	15	0.78	30	42	2.99	12	11.23
1644001278	1	17	15	23	172	135	15	0.81	25	12	2.68	9	26.13
1644001298	2	27	25	20	220	135	15	0.67	30	27	3.16	9	5.65
1644001318	1	16	15	28	181	135	15	0.72	41	37	3.13	13	4.46
1644001345	2	33	25	29	277	135	2	0.63	47	45	3.81	20	1.08
1644001365	2	13	25	26	218	136	2	0.61	35	1	4.37	15	18.58
1644001385	2	25	25	28	280	136	2	0.78	84	1	3.36	23	36.76
1644001405	2	25	25	32	288	136	2	0.84	60	0	3.58	20	42.86
1644001426	2	24	25	29	210	136	2	0.74	84	1	3.28	20	32.17
1644001453	1	16	15	29	236	139	15	0.97	55	0	3.60	11	49.96
1644001473	2	25	25	28	276	140	15	0.90	72	5	2.68	23	47.84
1644001493	2	20	25	25	251	140	15	1.05	58	2	3.27	8	63.09
1644001513	2	28	25	29	302	140	15	0.98	68	5	2.80	18	55.45
1644001533	2	29	25	29	285	141	15	0.82	41	30	3.17	17	20.99
1644001560	1	13	15	33	183	133	1	0.72	51	0	3.19	25	24.67
1644001580	2	21	25	27	276	134	1	0.78	62	0	3.16	25	36.75
1644001600	1	11	15	32	184	135	1	0.83	37	13	3.07	12	26.84
1644001620	2	22	25	28	229	136	1	0.75	55	40	2.94	19	13.85
1644001640	2	15	25	26	168	136	1	0.92	46	3	2.83	11	50.62
1644001667	1	10	15	24	222	141	7	0.46	20	3	4.51	13	-3.86
1644001687	0	7	8	31	198	142	7	0.45	19	15	4.13	12	-22.03
1644001707	0	9	8	32	131	142	7	0.63	38	1	2.73	16	8.31
1644001727	2	7	25	25	222	143	7	0.78	35	1	3.68	11	37.34
1644001747	2	13	25	25	217	143	7	0.62	37	0	3.87	2	20.13
1644001774	2	21	25	27	254	138	7	0.73	36	1	3.59	11	31.32
1644001795	2	14	25	25	214	139	7	0.83	38	0	3.64	14	42.15
1644001815	2	19	25	27	216	139	7	0.82	45	0	3.71	10	41.46
1644001835	2	15	25	25	222	139	7	0.83	38	1	3.71	12	42.40
1644001855	2	10	25	24	132	139	7	0.63	28	1	3.33	14	20.71
1644001882	0	10	8	33	202	136	7	0.75	30	2	3.75	5	21.58
1644001902	2	31	25	27	258	139	7	0.53	31	1	3.22	8	9.66
1644001922	2	21	25	26	247	139	7	0.67	23	2	4.29	8	25.49
1644001942	2	33	25	30	272	139	7	0.70	46	1	4.88	18	28.07
1644001962	2	12	25	26	202	139	7	0.83	46	8	3.61	13	38.68
1644001989	2	31	25	28	306	141	5	0.84	85	1	3.42	16	43.02
1644002009	0	9	8	35	181	156	5	0.88	67	3	2.97	22	35.50
1644002029	2	12	25	29	286	156	5	0.68	72	1	2.86	19	26.02
1644002049	2	18	25	25	200	156	5	0.89	60	1	3.40	14	47.56
1644002069	2	22	25	26	257	156	5	0.92	58	2	3.15	19	51.19
1644002096	2	25	25	26	290	131	5	0.75	47	10	3.01	13	27.64
1644002116	2	24	25	28	290	134	5	0.88	64	3	3.08	22	47.06
1644002136	0	8	8	37	146	136	5	0.71	51	1	2.71	17	17.17
1644002156	2	26	25	29	246	136	5	0.64	52	0	3.82	17	22.20
1644002176	2	30	25	29	280	136	5	0.84	62	6	3.01	19	41.53
1644002204	0	8	8	38	181	139	7	0.60	52	2	2.34	24	4.96
1644002224	2	15	25	25	269	140	7	0.75	57	0	2.90	16	33.80
1644002244	2	17	25	26	238	140	7	0.80	54	0	3.93	5	38.58
1644002264	2	23	25	27	202	144	7	0.92	45	4	3.22	13	50.69
1644002284	1	15	15	25	208	145	7	0.45	19	3	4.51	13	-4.76
1644002311	0	5	8	31	122	133	5	0.67	41	1	2.79	14	12.95
1644002331	2	13	25	23	202	134	5	0.73	33	1	3.38	6	31.49
1644002351	1	12	15	25	216	135	5	0.84	38	2	3.54	5	37.19
1644002371	2	16	25	25	192	136	5	0.98	36	6	3.07	8	54.63
1644002391	2	11	25	25	139	136	5	0.87	47	28	3.05	14	25.64
1644002418	2	4	25	24	208	137	1	0.83	38	1	3.84	14	42.36
1644002438	2	17	25	26	238	139	1	0.72	32	1	3.89	10	31.04
1644002458	2	30	25	28	247	140	1	0.64	34	1	3.92	12	22.15
1644002478	2	15	25	26	232	140	1	0.78	22	1	3.13	8	37.14
1644002498	1	16	15	26	167	140	1	0.79	49	1	4.53	18	32.36
1644002525	1	12	15	30	229	131	0	0.70	51	1	3.68	26	22.16
1644002545	2	16	25	31	238	134	0	0.67	40	1	4.23	17	24.87
1644002565	2	7	25	28	184	134	0	0.67	36	2	4.69	13	25.16
1644002586	2	26	25	30	260	135	0	0.71	44	0	3.97	5	29.34
1644002606	2	22	25	33	284	135	0	0.78	73	1	3.19	17	37.22
1644002633	0	8	8	38	186	138	1	0.68	56	0	2.76	15	13.96
1644002653	2	29	25	31	306	138	1	0.72	52	0	3.03	11	30.25
1644002673	2	12	25	25	185	139	1	0.82	58	0	3.43	21	41.42
1644002693	2	31	25	28	228	139	1	0.87	47	11	3.24	14	39.15
1644002713	2	22	25	27	212	140	1	0.89	36	13	2.76	11	39.70
1644002740	2	10	25	24	208	128	1	0.88	75	4	3.40	7	47.49
1644002760	2	35	25	29	286	134	1	0.73	53	0	3.83	15	31.36
1644002780	2	27	25	27	278	134	1	0.84	41	0	3.51	23	42.54
1644002800	2	22	25	30	268	135	1	0.72	43	0	3.42	16	30.49
1644002820	2	20	25	27	240	135	1	0.86	32	0	3.48	15	45.09
1644002847	0	8	8	32	148	127	2	0.53	28	1	3.10	10	-2.67
1644002867	2	12	25	34	186	134	2	0.37	28	15	3.24	14	-19.06
1644002887	2	2	25	25	116	135	2	0.33	19	16	3.12	10	-24.26
1644002907	2	11	25	33	142	135	2	0.70	41	0	3.01	13	28.21
1644002927	2	8	25	31	190	135	2	0.68	35	0	3.40	11	26.59
1644002954	1	17	15	27	240	132	1	0.64	24	1	3.00	9	15.87
1644002975	2	13	25	25	202	134	1	0.59	30	0	3.56	15	16.49
1644002995	2	22	25	26	237	143	1	0.56	20	3	2.73	6	13.08
1644003015	2	19	25	27	253	143	1	0.60	23	56	2.40	9	-2.58
1644003035	2	19	25	26	236	143	1	0.94	50	12	2.88	14	44.58
1644003062	0	4	8	27	131	136	5	0.44	33	5	2.92	15	-13.06
1644003082	2	28	25	27	243	139	5	0.81	55	2	3.33	15	40.48
1644003102	2	12	25	24	206	140	5	0.49	19	1	4.55	7	5.14
1644003122	2	14	25	27	263	140	5	0.76	50	4	4.38	23	35.19
1644003142	2	13	25	27	262	140	5	0.68	40	2	4.81	18	26.02
1644003169	1	13	15	25	227	137	5	0.73	35	0	4.12	16	25.26
1644003189	2	28	25	28	292	138	5	0.67	49	0	4.09	3	25.59
1644003209	2	33	25	30	216	139	5	0.84	58	0	3.63	17	42.70
1644003229	2	28	25	30	232	139	5	0.87	70	10	2.95	23	40.55
1644003249	2	21	25	27	233	139	5	0.90	60	2	3.28	16	49.26
1644003276	2	23	25	26	300	129	15	1.07	62	3	4.07	14	64.97
1644003296	2	10	25	31	257	134	15	0.95	41	7	3.26	12	51.33
1644003316	2	17	25	26	273	135	15	0.91	55	13	3.01	21	41.27
1644003336	2	18	25	26	285	135	15	0.87	58	20	2.85	21	29.50
1644003357	2	18	25	28	286	139	15	0.91	51	26	3.16	21	29.91
1644003384	2	25	25	26	238	133	15	0.98	66	6	3.11	18	55.03
1644003404	2	30	25	32	202	135	15	0.93	54	9	2.93	18	46.34
1644003424	2	22	25	22	210	136	15	0.93	54	9	2.93	18	46.34
1644003444	2	22	25	27	220	136	15	1.07	49	1	3.43	7	64.20
1644003464	1	9	15	25	160	136	15	0.47	34	113	3.54	17	-22.97
1644003491	1	18	15	29	208	136	15	0.76	25	8	3.18	2	25.53
1644003511	2	10	25	24	212	139	15	0.81	46	14	2.72	15	29.73
1644003531	0	10	8	25	159	139	15	0.86	46	28	2.95	16	12.82
1644003551	2	16	25	27	242	139	15	0.71	17	1	2.81	5	29.45
1644003571	2	20	25	27	247	139	15	0.71	39	17	2.96	8	16.06
1644003598	1	13	15	25	167	136	15	0.68	32	1	3.44	15	20.39
1644003618	2	14	25	25	226	136	15	0.91	53	8	2.86	13	46.24
1644003638	0	7	8	32	191	137	15	0.95	41	3	2.95	9	41.82
1644003658	2	15	25	24	229	137	15	0.62	29	1	3.45	7	19.23
1644003678	0	7	8	33	140	137	15	0.61	32	35	3.04	6	-13.33
1644003705	1	22	15	26	234	136	7	0.68	32	3	4.35	11	20.16
1644003725	2	23	25	27	235	138	7	0.66	23	2	4.27	8	24.56
1644003746	2	16	25	25	202	138	7	0.70	46	1	4.85	18	27.96
1644003766	1	17	15	35	208	139	7	0.64	55	18	3.27	25	2.60
1644003786	2	24	25	27	270	139	7	0.64	51	2	4.01	10	22.09
1644003813	1	17	15	32	223	133	2	0.77	68	1	3.24	16	29.44
1644003833	2	32	25	29	279	134	2	0.61	56	2	3.12	22	18.35
1644003853	2	32	25	28	243	135	2	0.66	53	7	3.71	16	21.29
1644003873	2	18	25	27	257	135	2	0.64	41	0	3.72	15	22.15
1644003893	2	21	25	28	298	135	2	0.85	71	1	3.30	20	44.46
1644003920	1	15	15	32	214	136	1	0.80	53	3	3.45	20	32.99
1644003940	1	15	15	31	177	137	1	0.81	86	4	3.09	19	33.68
1644003960	2	27	25	30	242	137	1	0.88	56	0	3.35	19	46.56
1644003980	2	16	25	26	256	137	1	0.82	56	1	3.35	19	40.88
1644004000	2	35	25	31	236	138	1	0.71	45	1	3.80	17	29.42
1644004027	2	20	25	26	246	139	1	0.81	44	1	3.65	11	39.67
1644004047	2	14	25	24	214	139	1	0.87	53	0	3.66	7	45.73
1644004067	2	14	25	25	151	140	1	0.58	20	1	4.01	8	15.74
1644004087	2	26	25	27	222	141	1	0.60	18	1	3.67	12	17.35
1644004107	2	20	25	25	257	141	1	0.83	38	0	3.73	10	41.65
1644004135	2	9	25	23	192	136	15	0.69	41	0	3.55	6	27.52
1644004155	2	18	25	24	240	137	15	0.68	33	10	2.85	9	20.51
1644004175	2	21	25	27	250	138	15	0.69	31	15	3.01	10	16.69
1644004195	2	17	25	26	260	138	15	0.88	48	13	2.88	15	38.75
1644004215	2	10	25	24	202	138	15	0.64	27	67	2.60	11	1.39
1644004242	2	13	25	24	215	133	15	0.73	37	21	2.73	12	14.53
1644004262	2	8	25	26	240	134	15	0.96	41	4	3.21	3	54.98
1644004282	2	12	25	24	196	135	15	0.89	54	29	3.11	13	28.13
1644004302	2	16	25	26	190	135	15	0.84	45	11	3.45	15	36.18
1644004322	1	16	15	32	239	135	15	0.62	34	40	2.89	13	-6.76
1644004349	2	20	25	28	220	134	7	0.57	34	53	3.93	20	-5.87
1644004369	2	35	25	20	265	135	7	0.96	35	9	4.00	11	49.96
1644004389	2	25	25	30	235	136	7	0.80	59	32	2.81	20	18.64
1644004409	2	23	25	29	243	136	7	0.97	66	2	3.07	20	55.98
1644004429	2	31	25	30	224	137	7	0.79	61	34	3.31	28	17.92
1644004456	1	20	15	36	200	133	1	0.74	60	0	3.27	13	26.96
1644004476	2	15	25	30	217	138	1	0.67	76	4	3.13	17	24.64
1644004496	2	8	25	32	250	139	1	0.73	40	0	3.18	10	31.85
1644004516	2	19	25	32	158	139	1	0.63	33	0	3.50	9	21.22
1644004537	2	16	25	30	219	139	1	0.85	54	11	2.89	24	37.79
1644004564	1	9	15	29	169	138	15	1.00	63	5	2.91	14	51.85
1644004584	2	26	25	28	206	140	15	0.92	64	7	2.88	17	47.87
1644004604	2	29	25	30	196	140	15	0.92	32	1	2.68	3	50.85
1644004624	1	19	15	27	193	140	15	0.78	50	62	3.07	18	10.42
1644004644	2	19	25	25	188	140	15	0.86	57	17	2.84	15	31.30
1644004671	1	16	15	26	208	131	7	0.58	28	1	4.43	15	9.34
1644004691	2	17	25	27	269	134	7	0.42	15	5	3.29	7	-3.37
1644004711	2	18	25	26	196	135	7	0.83	36	0	3.66	10	41.60
1644004731	2	19	25	26	198	135	7	0.75	39	0	3.44	13	33.33
1644004751	2	18	25	26	210	135	7	0.78	34	0	3.57	8	36.37
1644004778	0	9	8	33	194	133	5	0.61	46	1	2.91	18	6.56
1644004798	1	12	15	31	188	134	5	0.53	20	2	2.77	6	4.00
1644004818	2	8	25	31	125	135	5	0.66	40	1	2.97	13	23.99
1644004838	2	9	25	31	183	135	5	0.68	35	0	3.14	15	25.86
1644004858	2	5	25	29	176	135	5	0.65	31	1	2.88	11	22.73
1644004885	0	9	8	32	151	132	0	0.47	31	2	3.19	8	-9.18
1644004905	0	8	8	32	192	134	0	0.76	43	1	3.31	15	22.38
1644004926	1	10	15	35	128	134	0	0.45	39	2	3.34	18	-4.60
1644004946	2	8	25	37	180	135	0	0.51	40	2	2.89	17	7.82
1644004966	2	5	25	32	166	135	0	0.40	20	5	2.98	7	-4.67
1644004993	1	19	15	32	208	139	0	0.72	49	1	3.27	18	24.95
1644005013	2	30	25	28	271	141	0	0.77	67	0	2.76	19	36.31
1644005033	2	28	25	31	240	141	0	0.71	62	13	3.33	26	20.50
1644005053	2	27	25	29	272	141	0	0.85	58	3	3.45	19	44.11
1644005073	2	13	25	28	206	141	0	0.83	68	0	3.13	9	42.37
1644005100	2	33	25	28	255	132	2	0.81	48	0	3.50	19	40.18
1644005120	2	25	25	26	194	134	2	0.86	45	1	3.62	14	44.82
1644005140	2	28	25	30	304	135	2	0.88	78	6	3.29	18	44.48
1644005160	1	14	15	30	229	135	2	0.82	56	0	3.74	14	35.46
1644005180	2	17	25	24	249	136	2	0.79	39	3	3.29	13	38.34
1644005207	0	8	8	42	144	138	15	0.48	50	9	2.81	18	-11.85
1644005227	2	17	25	26	226	139	15	0.47	27	3	2.95	10	2.98
1644005247	2	21	25	26	267	139	15	1.09	48	1	3.35	6	66.23
1644005267	2	11	25	26	243	139	15	0.46	21	2	4.93	15	1.67
1644005287	2	28	25	27	190	140	15	0.59	25	72	3.63	14	-3.25
1644005315	1	12	15	25	224	136	7	0.73	27	1	3.81	9	25.93
1644005335	2	15	25	26	240	138	7	0.67	40	0	3.55	1	25.38
1644005355	2	11	25	25	193	138	7	0.67	26	0	3.61	8	25.61
1644005375	1	15	15	27	222	138	7	0.84	52	3	3.44	15	36.58
1644005395	2	13	25	25	166	138	7	0.79	25	1	3.22	8	37.74
1644005422	1	13	15	28	220	132	0	0.82	44	1	3.77	15	34.77
1644005442	2	16	25	29	218	134	0	0.80	37	0	3.68	13	38.86
1644005462	2	12	25	26	200	136	0	0.61	31	1	3.69	11	18.94
1644005482	2	25	25	27	271	136	0	0.80	47	1	3.66	16	38.49
1644005502	2	12	25	26	272	136	0	0.44	18	1	4.26	7	0.45
1644005529	2	25	25	26	238	132	7	0.69	46	1	5.14	19	27.43
1644005549	2	10	25	26	268	133	7	0.69	46	1	5.14	19	27.43
1644005569	2	19	25	26	265	127	7	0.88	59	0	3.58	11	47.37
1644005589	2	22	25	27	264	137	7	0.88	59	0	3.58	11	47.37
1644005609	2	25	25	29	247	142	7	0.85	58	0	3.70	20	44.04
1644005636	1	13	15	30	262	139	1	0.76	54	0	3.27	18	28.78
1644005657	2	23	25	32	302	140	1	0.79	54	0	3.29	15	37.54
1644005677	2	20	25	26	280	140	1	0.81	51	18	2.90	16	25.39
1644005697	2	26	25	30	271	140	1	0.81	46	15	3.00	14	28.47
1644005717	2	16	25	26	268	141	1	0.91	56	20	3.12	23	33.92
1644005744	1	9	15	29	166	132	15	0.78	47	0	3.14	19	30.72
1644005764	2	16	25	30	222	135	15	0.84	60	13	2.96	19	33.98
1644005784	2	7	25	28	196	135	15	0.60	42	62	3.18	19	-2.26
1644005804	2	23	25	34	226	136	15	0.76	61	50	2.75	22	14.36
1644005824	2	15	25	29	224	136	15	0.70	43	1	3.26	12	28.14
1644005851	2	28	25	28	258	141	5	0.90	55	0	3.85	19	49.20
1644005871	2	14	25	26	238	143	5	0.48	29	2	4.14	16	4.75
1644005891	2	8	25	22	156	144	5	0.82	37	1	4.35	14	40.61
1644005911	1	12	15	26	218	144	5	0.83	36	0	3.67	11	35.73
1644005931	2	7	25	22	202	144	5	0.73	39	0	3.32	13	31.16
1644005958	2	15	25	25	238	136	15	0.60	32	1	3.60	8	17.73
1644005978	2	18	25	26	233	137	15	0.97	48	7	2.93	10	52.58
1644005998	2	20	25	26	212	138	15	0.88	48	7	2.93	12	43.53
1644006018	2	26	25	27	234	138	15	0.75	30	20	2.65	11	17.58
1644006038	2	17	25	25	238	138	15	0.91	49	22	2.79	15	31.54
1644006066	2	13	25	26	206	137	0	0.75	22	1	3.05	8	34.22
1644006086	1	18	15	29	220	138	0	0.73	36	16	3.22	10	14.16
1644006106	2	13	25	25	226	139	0	0.90	55	8	3.29	10	44.98
1644006126	2	20	25	26	244	139	0	0.85	39	15	3.19	14	33.18
1644006146	2	30	25	28	272	139	0	0.69	48	48	2.98	20	7.66
1644006173	0	6	8	30	120	140	2	0.51	56	1	3.70	8	-4.40
1644006193	2	24	25	28	278	144	2	0.60	49	1	2.68	18	17.48
1644006213	2	25	25	27	286	144	2	0.81	76	1	3.17	17	40.22
1644006233	2	26	25	29	278	144	2	0.79	57	0	3.53	20	38.19
1644006253	2	29	25	30	280	145	2	0.85	59	1	3.26	22	43.75
1644006280	2	45	25	24	284	129	5	0.85	54	1	3.08	15	43.80
1644006300	2	28	25	29	278	134	5	0.90	65	4	3.07	18	48.78
1644006320	2	30	25	25	276	135	5	0.77	39	22	3.23	10	18.44
1644006340	2	25	25	29	272	135	5	0.77	48	44	3.38	24	15.97
1644006360	2	31	25	28	276	135	5	0.84	60	16	3.22	18	31.32
1644006387	2	23	25	28	257	134	2	0.68	33	1	3.59	5	25.83
1644006407	2	23	25	26	292	138	2	0.58	44	8	4.02	21	11.66
1644006427	2	18	25	26	229	138	2	0.70	29	0	3.43	12	27.91
1644006448	2	22	25	28	279	138	2	0.97	35	6	2.92	6	54.47
1644006468	2	9	25	26	216	138	2	0.49	35	103	3.52	15	-14.62
1644006495	1	16	15	27	208	132	7	0.78	37	1	3.68	12	30.42
1644006515	2	13	25	22	220	134	7	0.79	35	1	3.70	9	38.31
1644006535	2	15	25	24	182	135	7	0.75	21	0	3.33	7	33.96
1644006555	2	16	25	25	238	135	7	0.84	34	0	3.60	11	43.22
1644006575	2	19	25	27	206	135	7	0.82	36	0	3.51	13	41.31
1644006602	0	6	8	24	198	141	0	0.67	33	1	2.96	12	13.45
1644006622	2	20	25	27	238	143	0	0.73	29	2	3.29	6	31.18
1644006642	2	7	25	23	138	143	0	0.68	28	1	3.69	9	26.76
1644006662	2	15	25	26	244	144	0	0.61	38	1	4.15	17	18.12
1644006682	0	7	8	32	173	144	0	0.76	42	1	3.95	8	22.45
1644006709	2	15	25	25	194	138	15	0.61	27	2	4.29	9	18.52
1644006730	1	9	15	30	190	139	15	0.80	60	37	3.20	18	12.85
1644006750	2	9	25	25	220	139	15	0.68	31	97	3.54	19	5.85
1644006770	2	15	25	25	202	148	15	0.98	47	7	3.69	13	54.17
1644006790	2	28	25	29	239	148	15	0.92	50	11	2.98	18	43.80
1644006817	2	10	25	28	269	137	2	0.85	70	2	3.28	17	44.31
1644006837	2	24	25	27	251	139	2	0.87	68	22	2.85	22	27.61
1644006857	2	22	25	28	245	139	2	0.93	53	16	2.95	21	39.43
1644006877	2	11	25	23	208	140	2	0.69	45	76	3.27	10	6.94
1644006897	2	25	25	27	258	140	2	0.88	74	6	2.89	8	45.01
1644006924	2	25	25	28	302	137	0	0.76	49	1	3.42	22	34.51
1644006944	2	14	25	27	280	137	0	0.80	43	0	3.53	14	39.25
1644006964	2	22	25	27	276	137	0	0.72	60	1	3.41	18	30.18
1644006984	0	6	8	27	146	138	0	0.78	26	1	3.05	4	25.23
1644007004	2	30	25	28	277	138	0	0.60	49	1	3.32	22	17.52
1644007031	2	27	25	23	280	133	7	0.80	25	2	3.60	8	39.06
1644007051	2	22	25	27	266	134	7	1.00	54	4	3.13	14	57.93
1644007071	2	31	25	23	249	135	7	0.66	35	55	3.51	17	4.35
1644007091	2	21	25	15	265	135	7	0.90	47	4	3.21	13	49.18
1644007111	2	26	25	20	292	136	7	0.91	51	10	3.02	15	43.86
1644007139	1	16	15	26	246	138	0	0.74	18	0	3.09	6	26.55
1644007159	2	15	25	25	230	139	0	0.73	26	0	3.35	8	31.56
1644007179	2	20	25	28	155	140	0	0.61	24	0	3.60	8	18.52
1644007199	2	20	25	26	244	141	0	0.89	31	8	2.95	9	43.90
1644007219	2	17	25	27	257	141	0	0.86	45	15	2.73	11	33.48
1644007246	1	11	15	22	184	130	7	0.70	41	0	3.72	9	22.48
1644007266	2	10	25	25	210	134	7	0.76	37	1	3.88	15	34.39
1644007286	1	5	15	24	212	135	7	0.75	38	1	4.59	15	27.53
1644007306	2	17	25	23	204	135	7	0.60	19	1	3.92	7	17.89
1644007326	2	8	25	28	235	135	7	0.67	39	1	4.73	14	25.65
1644007353	1	14	15	27	204	131	0	0.66	21	1	4.06	8	17.98
1644007373	1	23	15	22	214	134	0	0.88	61	0	3.65	12	41.03
1644007393	2	24	25	35	192	135	0	0.74	65	0	3.02	18	32.30
1644007413	2	24	25	36	226	135	0	0.81	71	1	3.31	16	39.46
1644007433	2	13	25	33	211	135	0	0.76	61	0	3.23	16	34.30
1644007460	2	21	25	27	210	132	1	0.73	46	0	3.55	14	31.89
1644007480	2	20	25	25	251	134	1	0.88	56	0	3.63	5	46.56
1644007501	2	28	25	31	296	134	1	0.85	56	0	3.44	18	43.68
1644007521	2	12	25	26	316	135	1	0.81	42	1	3.43	11	40.29
1644007541	2	21	25	27	200	135	1	0.89	58	1	3.78	15	48.03
1644007568	2	30	25	29	284	140	5	0.85	55	0	3.49	19	43.99
1644007588	1	13	15	29	235	141	5	0.88	28	0	3.23	4	40.80
1644007608	2	26	25	31	236	142	5	0.88	65	0	3.60	24	46.60
1644007628	1	15	15	25	220	142	5	0.66	28	0	3.40	11	18.31
1644007648	2	26	25	28	309	142	5	0.55	30	2	4.15	15	12.53
1644007675	2	14	25	25	224	139	5	0.67	24	1	3.89	9	25.47
1644007695	2	20	25	27	237	141	5	0.81	43	1	3.81	15	39.55
1644007715	2	12	25	26	192	141	5	0.81	36	1	3.77	6	40.47
1644007735	2	8	25	24	200	141	5	0.61	37	0	3.90	1	18.34
1644007755	2	23	25	26	171	142	5	0.79	29	1	3.20	9	37.47
1644007782	2	12	25	25	210	137	7	0.74	34	3	3.58	10	32.26
1644007802	2	18	25	25	168	139	7	0.87	48	2	3.71	15	45.89
1644007822	2	17	25	26	206	139	7	0.81	36	0	3.74	13	40.22
1644007842	2	13	25	26	228	139	7	0.80	34	1	3.37	11	38.66
1644007862	2	11	25	25	204	140	7	0.83	44	1	4.07	16	42.37
1644007890	2	21	25	27	246	129	15	0.78	30	3	4.30	5	37.13
1644007910	2	10	25	24	206	133	15	0.59	18	1	3.90	6	16.13
1644007930	2	15	25	26	225	134	15	0.90	49	26	3.42	15	29.11
1644007950	2	16	25	26	244	134	15	0.92	42	9	3.54	13	46.18
1644007970	2	13	25	24	239	135	15	0.79	44	18	3.37	17	24.01
1644007997	0	9	8	37	144	133	0	0.68	67	0	2.31	20	13.89
1644008017	2	39	25	29	278	134	0	0.81	73	0	3.23	17	39.59
1644008037	2	26	25	26	274	135	0	0.79	56	0	3.55	20	38.18
1644008057	2	24	25	31	242	135	0	0.82	57	0	3.39	18	40.50
1644008077	2	31	25	28	272	135	0	0.84	74	0	3.55	8	42.68
1644008104	2	23	25	28	267	132	5	0.86	42	0	3.59	13	44.85
1644008124	2	24	25	28	302	134	5	0.83	50	5	3.31	21	41.30
1644008144	2	8	25	28	251	135	5	0.94	76	11	3.19	23	45.45
1644008164	2	21	25	28	267	135	5	0.84	52	6	3.11	15	41.89
1644008184	2	27	25	28	298	135	5	0.87	47	8	2.94	23	42.50
1644008211	2	19	25	26	246	138	5	0.86	61	1	3.64	22	45.00
1644008231	2	19	25	27	271	139	5	0.64	25	0	3.33	11	22.17
1644008252	2	29	25	27	209	140	5	0.54	29	2	4.36	14	10.76
1644008272	2	15	25	26	210	140	5	0.53	25	2	5.06	14	9.55
1644008292	2	19	25	26	238	141	5	0.96	42	2	3.24	12	54.29
1644008319	2	32	25	24	235	133	15	0.86	34	12	3.01	7	37.32
1644008339	2	18	25	11	243	134	15	0.89	20	15	2.87	6	37.47
1644008359	2	28	25	22	274	134	15	0.85	31	26	3.27	9	24.25
1644008379	2	27	25	24	255	135	15	1.02	39	7	3.11	13	56.82
1644008399	2	20	25	11	245	135	15	0.92	35	16	3.17	13	38.42
1644008426	2	24	25	23	245	132	5	0.61	27	3	3.33	7	18.66
1644008446	2	26	25	26	290	133	5	0.82	28	4	3.69	8	41.34
1644008466	2	31	25	20	280	134	5	0.73	26	11	3.19	9	24.71
1644008486	2	19	25	13	276	134	5	0.73	46	18	3.54	15	17.56
1644008506	2	25	25	20	225	135	5	0.90	51	7	3.46	18	46.21
1644008533	1	11	15	33	178	132	15	0.50	35	81	3.34	19	-19.17
1644008553	2	8	25	25	168	134	15	0.87	48	11	3.12	15	39.53
1644008573	2	26	25	31	254	135	15	0.89	47	4	3.14	7	47.10
1644008593	2	18	25	33	215	135	15	0.94	63	4	2.93	19	52.60
1644008613	2	13	25	33	220	135	15	0.88	69	5	2.78	20	45.86
1644008641	2	12	25	27	228	131	1	0.83	59	0	3.60	18	41.97
1644008661	0	3	8	36	178	134	1	0.52	48	4	2.63	17	-3.37
1644008681	2	18	25	25	265	135	1	0.70	79	0	3.30	8	28.25
1644008701	2	30	25	29	257	135	1	0.98	64	8	2.84	15	52.35
1644008721	2	26	25	27	267	148	1	0.85	34	40	3.50	13	23.95
1644008748	1	14	15	32	232	138	0	0.82	56	0	3.12	17	34.60
1644008768	2	26	25	29	294	139	0	0.80	62	0	3.28	20	38.86
1644008788	2	30	25	30	288	139	0	0.79	61	0	3.40	25	37.58
1644008808	2	24	25	30	271	140	0	0.88	58	0	3.77	17	46.91
1644008828	2	23	25	25	230	140	0	0.84	52	1	3.72	5	43.53
1644008855	2	8	25	25	253	136	15	0.52	26	2	5.69	15	8.86
1644008875	2	10	25	24	198	137	15	0.52	25	87	3.59	16	-11.13
1644008895	2	18	25	27	252	137	15	0.84	38	20	3.22	11	26.94
1644008915	2	17	25	26	227	137	15	0.94	39	2	3.70	11	53.24
1644008935	2	9	25	25	214	138	15	0.85	39	5	3.43	6	43.16
1644008962	1	14	15	29	175	130	0	0.69	50	0	3.50	12	21.64
1644008982	2	17	25	25	216	135	0	0.68	33	1	3.45	13	26.35
1644009002	2	25	25	27	253	135	0	0.67	19	0	2.93	8	24.81
1644009023	2	12	25	23	225	135	0	0.66	27	1	3.47	4	23.75
1644009043	2	5	25	23	226	135	0	0.66	28	2	3.27	8	23.73
1644009070	2	8	25	23	210	128	15	0.86	61	29	3.18	19	24.78
1644009090	2	23	25	25	238	134	15	0.86	61	29	3.18	19	24.78
1644009110	2	10	25	24	202	135	15	1.02	30	5	3.86	10	59.27
1644009130	2	34	25	27	236	135	15	1.02	30	5	3.86	10	59.27
1644009150	2	37	25	19	218	135	15	0.75	34	39	3.92	16	13.29
1644009177	0	7	8	32	181	138	7	0.67	84	1	3.03	16	13.11
1644009197	2	19	25	28	265	139	7	0.73	56	0	2.83	16	31.38
1644009217	2	25	25	29	278	139	7	0.93	70	5	2.84	22	50.94
1644009237	1	13	15	28	224	139	7	0.92	61	5	3.04	14	44.11
1644009257	2	25	25	29	210	140	7	0.77	47	1	3.47	14	36.20
1644009284	2	37	25	29	261	131	15	0.83	42	1	3.35	10	41.81
1644009304	2	26	25	28	284	134	15	0.97	56	4	3.24	9	55.26
1644009324	2	18	25	26	269	134	15	0.92	46	7	3.18	15	48.33
1644009344	2	27	25	29	292	136	15	1.03	63	4	3.01	22	60.67
1644009364	2	29	25	28	270	136	15	0.93	57	7	3.05	18	49.59
1644009391	2	24	25	30	260	132	0	0.61	49	7	3.49	22	14.63
1644009412	2	19	25	25	286	150	0	0.84	60	2	3.50	22	43.11
1644009432	2	21	25	25	222	151	0	1.05	45	1	3.66	6	62.68
1644009452	2	24	25	23	222	151	0	0.72	28	52	3.94	16	10.90
1644009472	2	13	25	19	240	151	0	0.99	28	14	3.44	7	47.58
1644009499	0	10	8	34	173	141	0	0.65	42	1	2.80	16	10.95
1644009519	2	7	25	22	200	143	0	0.68	36	1	3.25	10	26.41
1644009539	2	12	25	25	170	143	0	0.81	39	1	3.84	13	39.99
1644009559	2	20	25	26	238	144	0	0.65	29	0	3.96	8	23.40
1644009579	2	12	25	24	210	144	0	0.78	45	0	3.98	17	36.92
1644009606	2	12	25	25	219	138	5	0.83	38	1	3.82	14	42.19
1644009626	2	19	25	26	229	139	5	0.70	31	1	3.89	8	28.34
1644009646	2	12	25	24	214	139	5	0.67	37	1	3.86	11	25.08
1644009666	2	18	25	26	234	139	5	0.75	24	1	3.44	10	33.82
1644009686	2	15	25	26	190	140	5	0.73	43	3	4.56	15	31.07
1644009713	1	15	15	33	239	132	15	0.60	18	1	4.01	5	11.47
1644009733	2	18	25	31	231	134	15	0.71	58	45	3.42	21	9.83
1644009753	2	15	25	29	229	149	15	0.92	47	54	3.32	11	30.64
1644009773	2	22	25	30	258	155	15	1.08	40	18	3.16	6	51.42
1644009794	2	16	25	35	210	158	15	0.75	73	1	3.12	19	33.24
1644009821	1	16	15	34	243	136	7	0.74	62	0	3.28	14	26.81
1644009841	2	17	25	28	288	138	7	0.85	55	0	3.58	12	43.97
1644009861	2	31	25	29	206	138	7	0.95	57	3	3.22	20	53.36
1644009881	2	20	25	27	206	139	7	0.80	41	8	3.01	18	34.93
1644009901	2	17	25	26	226	139	7	0.98	56	2	3.17	19	56.19
1644009928	0	7	8	35	191	131	0	0.52	43	54	2.66	22	-22.96
1644009948	2	8	25	39	200	134	0	0.54	47	2	2.68	21	11.17
1644009968	2	7	25	38	145	135	0	0.71	57	0	2.74	17	29.52
1644009988	2	11	25	36	163	135	0	0.68	52	0	2.53	23	26.38
1644010008	2	5	25	36	177	136	0	0.64	66	0	2.48	26	22.09
1644010035	2	21	25	22	249	132	1	0.67	30	2	4.14	18	25.61
1644010055	2	12	25	16	248	133	1	0.51	26	19	5.75	16	-7.25
1644010075	2	8	25	0	102	134	1	0.83	44	0	3.90	13	42.52
1644010095	2	22	25	26	236	135	1	0.83	44	0	3.90	13	42.52
1644010115	2	16	25	23	182	135	1	0.83	44	0	3.90	13	42.52
