1643363667	1	13	15	27	214	129	2	0.71	33	0	3.39	15	24.97
1643363687	0	6	8	27	182	122	2	0.86	41	1	3.65	1	11.53
1643363707	2	12	30	25	220	123	2	0.69	37	6	3.09	11	16.23
1643363727	0	8	8	28	233	124	2	0.79	17	1	2.85	5	7.63
1643363747	1	19	15	30	236	123	2	0.62	22	1	3.20	9	15.11
1643363774	0	8	8	28	191	127	3	0.85	40	0	3.77	15	28.26
1643363794	2	22	30	26	220	122	3	0.79	26	1	3.37	6	18.53
1643363814	1	13	15	28	138	123	3	0.63	32	1	3.35	10	12.54
1643363834	0	28	8	27	198	122	3	0.63	32	1	3.35	10	6.54
1643363854	0	9	8	33	180	126	3	0.66	32	4	3.69	12	4.40
1643363881	2	14	30	21	256	121	10	0.72	30	6	4.99	13	16.24
1643363901	0	9	8	32	120	128	10	0.50	39	9	3.21	16	4.01
1643363921	0	23	8	27	249	118	10	0.61	56	25	3.19	20	3.88
1643363941	1	10	15	24	173	122	10	0.79	39	3	3.92	18	10.92
1643363961	1	15	15	33	250	126	10	0.84	86	1	3.28	21	13.01
1643363988	2	27	30	26	240	122	6	0.86	71	1	3.23	20	20.13
1643364009	1	23	15	32	232	126	6	0.87	68	2	3.24	15	11.42
1643364029	1	15	15	34	239	121	6	0.83	54	0	3.26	19	46.38
1643364049	2	14	30	25	238	127	6	0.74	72	4	3.15	17	16.42
1643364069	2	25	30	27	247	123	6	0.79	33	1	3.44	10	19.67
1643364096	1	25	30	27	242	127	9	0.85	54	2	3.14	18	11.68
1643364116	2	7	15	22	254	123	9	0.82	59	1	2.79	22	24.04
1643364136	0	23	8	27	236	119	9	0.87	56	3	3.50	16	4.84
1643364156	1	24	15	34	232	122	9	0.87	56	3	3.50	16	10.84
1643364176	0	5	8	36	232	123	9	0.64	45	1	3.29	19	8.68
1643364203	0	8	8	31	236	123	1	0.47	48	10	2.61	15	3.97
1643364223	0	7	8	33	163	122	1	0.89	53	0	2.69	1	33.38
1643364243	0	7	8	32	240	123	1	0.31	30	43	2.94	19	3.82
1643364263	2	17	30	25	255	124	1	0.83	44	0	3.78	5	42.09
1643364283	2	18	30	25	231	124	1	0.82	46	4	3.00	7	16.49
1643364310	0	6	8	28	142	126	5	0.77	35	0	3.21	7	19.34
1643364330	0	8	8	33	242	127	5	0.66	26	1	3.07	8	10.41
1643364350	0	3	8	29	215	127	5	0.57	40	6	2.62	20	4.17
1643364370	0	9	8	30	208	128	5	0.75	45	3	3.00	13	4.74
1643364391	2	16	30	25	252	128	5	0.73	43	0	2.92	15	26.54
1643364418	1	8	15	23	229	122	1	0.64	32	1	3.55	6	12.96
1643364438	2	13	30	25	213	123	1	0.76	24	1	3.46	7	18.19
1643364458	1	14	15	24	216	129	1	0.80	36	2	4.02	11	11.57
1643364478	1	4	15	25	229	123	1	0.81	30	3	4.28	5	11.00
1643364498	0	10	8	32	217	123	1	0.89	46	2	4.61	14	5.37
1643364525	0	11	8	32	178	122	1	0.43	40	3	3.33	4	4.44
1643364545	2	22	30	27	243	123	1	0.64	40	4	2.68	16	16.39
1643364565	0	20	30	26	200	132	1	0.87	63	0	3.30	1	37.94
1643364585	0	28	8	27	259	122	1	0.86	76	4	3.07	18	4.69
1643364605	1	13	15	29	235	121	1	0.86	76	4	3.07	18	10.69
1643364632	2	20	30	22	232	122	8	0.86	54	1	3.56	18	20.74
1643364652	2	117	30	20	0	120	8	0.88	64	2	3.29	13	18.40
1643364672	0	18	30	31	248	126	8	0.88	54	1	3.16	14	14.66
1643364692	1	14	15	29	231	132	8	0.89	66	1	2.70	19	12.94
1643364712	0	9	8	35	225	123	8	0.82	63	2	2.59	22	5.71
1643364740	0	8	8	38	136	122	2	0.92	69	2	2.72	16	6.24
1643364760	1	9	15	25	242	123	2	0.69	44	0	3.99	3	21.97
1643364780	2	31	30	30	237	124	2	0.72	49	17	3.26	14	15.94
1643364800	1	18	15	27	208	127	2	0.84	38	1	3.48	14	14.57
1643364820	2	16	30	26	265	127	2	0.90	52	0	3.51	4	33.36
1643364847	0	9	8	33	206	124	1	0.36	20	15	3.39	11	3.88
1643364867	1	6	15	21	190	125	1	0.69	51	1	2.91	21	12.96
1643364887	2	15	30	25	229	126	1	0.84	41	1	3.37	14	19.07
1643364907	1	17	15	25	231	126	1	0.76	34	1	3.36	13	13.10
1643364927	2	11	30	25	235	127	1	0.78	18	1	2.86	6	19.45
1643364954	0	4	8	30	194	126	3	0.74	43	0	2.93	16	30.36
1643364974	2	20	30	24	251	127	3	0.50	24	27	2.25	2	15.86
1643364994	2	22	30	27	260	122	3	0.68	35	32	2.84	2	15.87
1643365014	0	8	8	32	180	126	3	0.84	38	2	3.62	14	5.88
1643365034	2	21	30	27	218	127	3	0.51	31	20	3.01	3	15.88
1643365061	1	8	15	23	244	122	5	0.58	33	2	4.03	14	11.19
1643365081	2	10	30	24	206	124	5	0.77	39	3	4.69	16	16.84
1643365102	1	23	15	34	242	125	5	0.77	50	2	4.24	25	11.11
1643365122	2	26	30	28	243	122	5	0.75	39	1	5.01	17	18.86
1643365142	2	20	30	25	255	131	5	0.80	39	2	5.21	13	18.02
1643365169	1	13	15	33	230	122	4	0.92	70	1	2.56	18	14.92
1643365189	2	23	30	25	247	122	4	0.89	74	1	3.19	17	21.16
1643365209	2	25	30	27	235	122	4	0.91	53	0	3.59	11	30.13
1643365229	0	26	8	28	244	125	4	0.88	68	2	3.00	14	6.11
1643365249	1	14	15	28	259	122	4	0.84	68	0	3.06	9	55.69
1643365276	1	14	15	35	240	122	7	0.81	59	0	3.19	20	42.83
1643365296	0	9	8	34	202	123	7	0.76	42	1	3.26	12	9.33
1643365316	0	8	8	33	194	124	7	0.85	64	1	3.06	14	6.39
1643365336	0	5	8	32	194	124	7	0.70	54	1	2.65	14	6.99
1643365356	0	7	8	27	227	124	7	0.74	57	1	2.56	17	6.51
1643365383	1	17	15	33	243	122	4	0.85	71	2	2.73	24	11.49
1643365403	0	7	8	32	208	123	4	0.61	34	2	3.27	9	4.92
1643365423	2	26	30	27	220	124	4	0.56	28	8	3.11	7	16.06
1643365443	0	14	8	33	224	124	4	0.43	22	31	3.75	0	3.84
1643365463	1	14	15	25	249	128	4	0.62	33	5	3.46	2	10.30
1643365491	0	8	8	31	192	131	8	0.82	36	1	3.45	5	10.24
1643365511	1	10	15	25	233	132	8	0.76	27	6	2.99	9	10.22
1643365531	2	18	30	26	228	132	8	0.71	30	0	4.13	13	33.78
1643365551	0	11	8	32	229	122	8	0.38	25	4	2.93	9	4.15
1643365571	1	13	15	26	162	121	8	0.38	25	4	2.93	9	10.15
1643365598	2	18	30	14	239	121	3	0.81	36	7	3.01	8	16.19
1643365618	2	10	30	23	240	127	3	0.60	27	1	3.53	11	20.34
1643365638	1	20	15	26	203	129	3	0.71	35	1	4.07	4	16.37
1643365658	2	12	30	24	240	122	3	0.79	34	1	3.89	11	23.67
1643365678	0	8	8	29	231	122	3	0.71	32	3	4.34	11	4.89
1643365705	1	13	15	26	259	126	3	0.63	40	2	3.83	19	11.53
1643365725	0	8	8	31	183	127	3	0.59	42	3	3.28	16	4.44
1643365745	2	10	30	24	237	129	3	0.62	28	13	3.13	9	15.97
1643365765	1	20	30	30	236	123	3	0.82	55	9	3.42	21	10.14
1643365785	2	23	30	26	255	128	3	0.80	76	16	3.23	21	15.97
1643365812	0	4	8	29	219	122	5	0.80	55	1	2.81	12	7.25
1643365832	2	38	30	29	256	129	5	0.80	55	1	2.81	12	19.25
1643365853	0	26	30	26	256	123	5	0.63	41	33	2.80	17	3.86
1643365873	2	25	30	26	245	122	5	0.81	41	0	3.26	9	28.30
1643365893	1	13	30	26	180	124	5	0.84	63	1	3.13	23	17.38
1643365920	1	19	15	34	247	123	7	0.91	52	1	2.90	20	18.52
1643365940	1	26	15	27	240	120	7	0.92	61	1	3.30	12	17.29
1643365960	1	13	15	30	224	122	7	0.79	35	0	3.47	3	24.90
1643365980	1	10	15	32	250	124	7	0.62	48	1	3.53	11	15.31
1643366000	1	17	15	26	255	128	7	0.84	38	1	3.38	15	14.15
1643366027	2	20	30	27	242	122	8	0.66	30	1	3.96	18	17.78
1643366047	0	4	8	27	217	127	8	0.53	25	16	4.34	2	3.91
1643366067	1	18	15	25	177	122	8	0.80	54	3	2.98	13	10.67
1643366087	1	12	15	25	202	123	8	0.60	21	8	2.80	7	10.05
1643366107	0	5	8	29	240	124	8	0.85	37	0	3.50	5	36.85
1643366134	2	10	30	18	244	121	1	0.70	34	2	4.40	16	17.18
1643366154	2	19	30	26	224	123	1	0.82	44	2	3.58	13	17.26
1643366174	0	8	8	24	224	125	1	0.86	35	1	3.91	13	10.85
1643366194	2	27	30	27	233	123	1	0.72	37	1	3.51	14	18.22
1643366215	0	11	8	26	232	123	1	0.84	43	2	3.01	15	5.30
1643366242	0	11	8	27	207	127	1	0.86	35	0	3.93	3	16.67
1643366262	2	11	30	24	150	130	1	0.64	36	29	2.88	9	15.87
1643366282	0	17	30	26	232	123	1	0.67	36	2	4.73	15	5.44
1643366302	2	25	30	27	253	123	1	0.68	42	6	4.36	19	16.19
1643366322	1	17	15	30	246	123	1	0.63	36	1	4.54	12	11.87
1643366349	2	17	30	30	233	123	2	0.85	87	8	3.18	3	16.16
1643366369	1	18	15	34	248	127	2	0.77	65	0	2.92	9	56.00
1643366389	0	13	15	32	262	128	2	0.77	65	0	2.92	9	50.00
1643366409	2	25	30	28	228	122	2	0.72	57	5	3.35	23	16.33
1643366429	2	18	30	27	242	123	2	0.89	53	1	3.35	13	19.84
1643366456	0	7	8	31	218	122	10	0.73	76	31	2.88	18	3.88
1643366476	1	12	15	31	208	122	10	0.80	53	0	3.08	13	53.63
1643366496	2	25	30	28	265	122	10	0.80	51	8	3.28	21	16.14
1643366516	1	35	30	29	236	124	10	0.80	51	8	3.28	21	10.14
1643366536	2	20	30	26	233	129	10	0.89	73	4	2.61	17	16.74
1643366564	0	4	8	32	238	123	8	0.87	50	0	3.66	16	42.84
1643366584	2	30	30	27	220	126	8	0.77	70	15	2.90	27	15.98
1643366604	0	6	8	29	218	122	8	0.86	43	2	3.52	9	6.35
1643366624	1	12	15	28	226	123	8	0.80	49	0	3.25	5	20.49
1643366644	0	12	8	31	152	124	8	0.51	24	4	5.48	13	4.30
1643366671	1	19	15	30	228	122	5	0.78	44	0	3.70	12	31.45
1643366691	1	19	15	25	185	122	5	0.78	44	0	3.70	12	31.45
1643366711	2	21	30	25	160	124	5	0.77	23	1	3.42	7	19.58
1643366731	2	14	30	25	226	124	5	0.56	33	1	3.70	9	20.44
1643366751	1	14	15	24	171	121	5	0.84	40	0	3.74	15	33.29
1643366778	2	22	30	27	247	131	7	0.63	15	1	2.79	3	19.45
1643366798	1	16	15	26	200	132	7	0.69	41	12	3.19	13	10.01
1643366818	0	8	8	24	196	133	7	0.75	39	20	3.29	9	3.93
1643366838	1	11	15	24	164	134	7	0.60	28	28	3.23	8	9.87
1643366858	0	8	8	28	235	134	7	0.54	34	15	3.18	11	3.92
1643366885	1	5	15	24	245	125	6	0.55	36	24	3.01	4	9.87
1643366905	2	23	30	28	233	126	6	0.68	40	1	4.69	18	18.56
1643366926	0	7	8	31	215	126	6	0.57	32	2	4.26	17	4.69
1643366946	1	9	15	20	235	127	6	0.79	45	2	4.18	13	11.56
1643366966	2	27	30	28	234	128	6	0.75	56	3	3.10	22	16.89
1643366993	2	25	30	29	247	123	9	0.90	60	0	3.05	17	47.81
1643367013	1	24	15	28	250	128	9	0.90	54	1	3.35	12	19.15
1643367033	0	9	8	32	242	129	9	0.70	46	13	3.20	17	3.99
1643367053	1	11	15	28	202	122	9	0.81	60	3	2.62	16	10.86
1643367073	0	7	8	37	189	123	9	0.66	58	1	2.51	20	8.23
1643367100	0	8	8	33	202	128	3	0.77	45	1	2.92	8	6.70
1643367120	1	15	15	34	246	129	3	0.77	57	0	2.43	27	38.61
1643367140	1	16	15	31	240	122	3	0.83	56	0	3.15	19	43.69
1643367160	0	11	8	30	214	124	3	0.91	30	1	3.00	4	13.84
1643367180	2	28	30	29	251	122	3	0.89	71	0	3.46	24	49.29
1643367207	0	8	8	32	210	122	8	0.83	52	0	3.04	8	26.30
1643367227	1	21	15	27	234	123	8	0.78	44	1	2.68	4	17.87
1643367247	0	7	8	29	237	124	8	0.44	19	3	4.12	8	4.42
1643367267	2	22	30	27	254	125	8	0.62	34	0	2.83	13	23.38
1643367288	1	15	15	25	0	125	8	0.85	41	1	3.34	15	16.74
1643367315	0	11	8	26	215	121	4	0.69	24	1	3.45	4	11.34
1643367335	1	12	15	30	202	123	4	0.73	38	8	2.53	9	10.13
1643367355	0	5	8	30	231	124	4	0.47	28	1	2.84	6	5.16
1643367375	1	8	15	27	200	124	4	0.66	36	1	2.66	13	14.84
1643367395	0	7	8	30	216	124	4	0.72	40	2	2.94	16	5.60
1643367422	1	17	15	23	228	125	1	0.66	36	9	3.60	3	10.06
1643367442	2	18	30	26	223	126	1	0.57	37	75	2.83	7	15.82
1643367462	1	24	15	23	252	122	1	0.86	30	3	4.53	5	11.06
1643367482	1	14	15	23	250	123	1	0.57	24	13	3.05	9	9.95
1643367502	2	11	30	28	251	124	1	0.71	39	3	4.66	16	16.90
1643367529	0	6	8	30	162	122	8	0.72	40	1	3.79	13	9.01
1643367549	0	9	8	37	189	123	8	0.62	83	2	3.04	12	4.98
1643367569	2	6	30	40	228	124	8	0.75	60	0	2.59	14	61.25
1643367589	1	6	15	36	194	124	8	0.78	73	1	2.90	15	13.73
1643367609	2	5	30	35	191	125	8	0.72	64	0	2.53	13	29.05
1643367636	0	13	8	36	169	122	2	0.66	78	0	3.16	14	50.00
1643367656	0	6	8	34	202	123	2	0.74	46	1	2.56	12	9.17
1643367677	1	26	15	27	226	120	2	0.88	59	1	3.71	12	20.75
1643367697	1	15	15	31	254	124	2	0.79	57	2	3.13	26	11.89
1643367717	1	11	15	30	242	126	2	0.88	58	2	2.54	20	11.84
1643367744	0	7	8	38	238	121	10	0.88	58	2	2.54	20	5.84
1643367764	2	7	30	37	171	124	10	0.84	52	0	2.41	7	47.55
1643367784	2	5	30	35	174	124	10	0.84	52	0	2.41	7	47.55
1643367804	0	24	8	26	227	121	10	0.88	57	0	3.16	7	47.26
1643367824	1	13	15	28	214	126	10	0.82	42	1	3.17	13	13.05
1643367851	2	1	30	16	189	122	6	0.46	37	58	2.50	16	15.82
1643367871	2	27	30	27	223	122	6	0.77	44	1	3.89	7	19.53
1643367891	2	21	30	27	251	127	6	0.77	34	1	3.46	13	22.12
1643367911	1	18	15	21	238	121	6	0.77	34	1	3.46	13	16.12
1643367931	2	16	15	27	250	129	6	0.79	25	1	3.60	4	25.75
1643367958	2	18	30	24	256	122	8	0.71	26	1	3.41	8	18.00
1643367978	2	27	30	24	232	121	8	0.71	26	1	3.41	8	18.00
1643367998	0	19	8	26	218	119	8	0.78	49	16	2.86	17	3.96
1643368018	2	20	30	26	240	122	8	0.78	25	2	3.55	7	17.80
1643368038	2	27	30	28	239	124	8	0.70	25	2	3.27	9	17.25
1643368066	0	13	30	24	214	127	6	0.63	50	10	3.78	16	4.03
1643368086	0	11	8	39	222	121	6	0.74	36	1	5.30	17	6.68
1643368106	1	17	15	28	236	122	6	0.55	38	5	2.79	12	10.22
1643368126	0	8	8	32	229	127	6	0.79	39	3	4.07	16	5.02
1643368146	2	34	30	27	244	123	6	0.90	73	2	2.80	14	17.75
1643368173	0	7	8	38	237	123	3	0.88	61	1	3.38	20	13.59
1643368193	1	5	15	30	200	124	3	0.64	71	1	2.68	22	12.90
1643368213	0	10	8	32	231	124	3	0.89	61	1	2.65	12	6.70
1643368233	1	28	15	27	267	121	3	0.78	78	0	3.21	14	56.00
1643368253	2	18	30	27	200	128	3	0.78	78	0	3.21	14	62.00
1643368280	2	18	30	26	260	122	8	0.79	63	4	3.22	18	16.53
1643368300	1	23	15	26	232	123	8	0.91	77	5	3.26	8	10.52
1643368320	1	10	15	26	239	119	8	0.91	77	5	3.26	8	10.52
1643368340	0	9	8	35	188	122	8	0.81	56	1	3.22	21	6.52
1643368360	0	34	8	28	242	121	8	0.76	56	0	2.38	7	16.88
1643368387	2	13	30	27	220	122	10	0.89	41	0	3.14	14	61.10
1643368408	2	23	30	26	244	124	10	0.77	29	2	3.65	10	17.41
1643368428	1	17	30	27	223	124	10	0.87	52	1	3.60	18	17.03
1643368448	0	10	8	24	239	121	10	0.46	30	13	4.06	17	3.92
1643368468	1	16	15	29	206	121	10	0.81	45	3	3.15	15	10.90
1643368495	2	9	30	21	228	130	10	0.75	36	2	3.25	13	17.23
1643368515	2	17	30	26	242	121	10	0.72	24	0	3.48	4	25.99
1643368535	0	11	8	35	236	122	10	0.56	26	46	2.51	2	3.84
1643368555	0	7	8	27	240	123	10	0.59	34	3	2.79	7	4.46
1643368575	2	22	30	27	267	123	10	0.58	17	16	2.69	6	15.92
1643368602	0	10	8	31	224	122	4	0.87	38	0	3.70	10	17.66
1643368622	0	10	8	27	243	123	4	0.57	35	7	2.62	0	4.08
1643368642	0	9	8	34	256	124	4	0.47	31	1	2.86	9	5.53
1643368662	1	16	15	28	241	122	4	0.81	30	3	4.28	5	11.00
1643368682	0	8	8	32	228	123	4	0.62	32	18	3.85	4	3.92
1643368709	0	7	8	32	138	126	4	0.56	42	9	3.04	15	4.02
1643368729	1	8	8	36	228	128	4	0.70	41	1	2.89	10	11.98
1643368749	2	25	30	29	276	127	4	0.84	43	2	4.74	12	17.40
1643368770	2	30	30	30	100	123	4	0.88	62	1	3.40	20	25.28
1643368790	1	26	15	26	250	122	4	0.87	76	4	3.05	19	10.64
1643368817	2	23	30	28	240	123	1	0.87	62	2	2.97	14	17.28
1643368837	0	6	8	32	185	123	1	0.79	46	1	3.54	14	8.98
1643368857	2	19	30	27	232	124	1	0.70	42	0	3.30	0	62.00
1643368877	1	13	15	29	100	123	1	0.89	65	1	3.22	21	17.70
1643368897	2	17	15	26	234	123	1	0.80	42	1	3.44	11	20.65
1643368924	1	19	15	35	222	122	1	0.74	56	0	2.82	21	56.00
1643368944	2	18	30	25	234	128	1	0.82	62	8	2.60	19	16.19
1643368964	2	29	30	27	200	123	1	0.67	41	3	3.66	20	16.65
1643368984	2	20	30	26	233	124	1	0.90	65	2	3.34	23	17.97
1643369004	1	20	15	25	240	122	1	0.90	65	2	3.34	23	11.97
1643369031	2	14	30	25	239	131	2	0.56	19	4	5.25	7	16.32
1643369051	2	25	30	26	251	132	2	0.62	19	1	3.56	9	19.91
1643369071	1	22	15	25	246	133	2	0.87	43	1	3.82	1	13.88
1643369091	1	6	15	19	255	133	2	0.61	21	2	3.06	5	11.13
1643369111	2	13	30	25	172	134	2	0.75	38	8	3.42	14	16.14
1643369139	1	14	15	27	198	122	7	0.75	47	3	3.55	16	10.68
1643369159	2	16	30	25	255	130	7	0.88	47	1	3.42	13	26.91
1643369179	2	10	30	24	191	122	7	0.87	38	1	3.83	14	26.54
1643369199	2	16	30	26	247	124	7	0.79	29	1	3.68	5	22.50
1643369219	2	24	30	24	167	124	7	0.87	35	0	3.92	2	38.47
1643369246	2	37	30	17	219	122	10	0.75	46	1	4.15	15	18.54
1643369266	2	12	30	26	212	125	10	0.78	26	1	4.26	7	18.27
1643369286	1	13	15	34	228	126	10	0.59	36	1	5.07	4	12.80
1643369306	2	20	30	27	216	127	10	0.75	39	1	4.95	17	18.71
1643369326	1	16	15	27	218	128	10	0.70	22	1	3.94	1	11.92
1643369353	0	10	8	39	157	122	8	0.65	49	1	2.52	18	6.40
1643369373	1	10	15	37	192	123	8	0.71	66	1	2.40	14	18.58
1643369393	0	8	8	38	184	123	8	0.58	82	2	3.04	21	5.07
1643369413	1	9	15	37	208	124	8	0.75	61	0	2.75	5	24.57
1643369433	2	7	30	35	167	125	8	0.64	61	1	2.58	25	20.85
1643369460	0	8	8	37	204	123	3	0.73	67	0	2.38	21	39.53
1643369480	2	7	8	33	242	125	3	nan	nan	nan	nan	nan	nan
1643369500	2	147	30	20	0	94	3	0.86	55	0	3.55	20	35.21
1643369521	1	18	15	32	233	123	3	0.78	60	8	3.48	17	10.14
1643369541	1	15	15	32	204	124	3	0.81	37	1	3.33	12	18.25
