1643898140	1	11	15	25	259	133	15	0.91	44	17	2.87	13	9.99
1643898160	2	11	25	25	194	133	15	0.80	38	1	3.68	14	24.64
1643898180	0	5	8	30	122	134	15	0.85	40	23	2.91	12	3.92
1643898200	1	14	15	25	154	138	15	0.84	37	4	3.21	9	10.56
1643898220	0	3	8	26	132	138	15	0.73	52	44	2.84	14	3.85
1643898247	0	7	8	38	184	143	15	0.76	46	1	3.33	14	6.04
1643898267	2	22	25	28	280	144	15	0.62	38	1	3.43	11	20.35
1643898287	0	6	8	31	188	144	15	0.83	42	19	3.11	15	3.95
1643898307	0	8	8	34	202	144	15	0.69	60	0	3.13	8	15.55
1643898327	1	15	15	35	230	144	15	0.56	54	2	2.51	20	11.06
1643898354	2	29	25	29	269	133	0	0.83	62	0	3.49	15	59.37
1643898375	2	30	25	30	294	133	0	0.91	55	0	3.73	14	46.26
1643898395	1	25	15	30	225	134	0	0.85	62	0	3.32	21	55.58
1643898415	1	19	15	30	200	135	0	0.71	72	0	3.13	14	56.00
1643898435	1	5	15	30	204	135	0	0.77	51	0	3.09	16	52.40
1643898462	1	18	15	30	255	134	7	0.81	44	1	3.38	15	15.93
1643898482	0	9	8	36	188	134	7	0.86	47	0	3.61	19	44.54
1643898502	2	29	25	29	271	139	7	0.78	48	0	3.72	20	28.99
1643898522	0	5	8	34	191	139	7	0.33	41	23	2.31	17	3.84
1643898542	2	23	25	27	258	140	7	0.56	51	2	2.95	15	17.10
1643898569	0	6	8	33	245	133	15	0.92	51	7	2.96	16	4.29
1643898589	0	7	8	28	185	139	15	0.74	39	1	2.94	11	6.26
1643898609	1	6	15	20	171	140	15	0.32	29	16	3.04	16	9.86
1643898629	2	28	25	27	234	140	15	0.72	48	0	3.70	12	51.44
1643898649	1	15	15	26	288	140	15	0.81	42	0	3.95	16	29.28
1643898676	2	27	25	23	292	131	1	0.85	38	2	4.12	12	17.74
1643898696	0	9	8	35	216	130	1	0.54	50	1	2.98	12	8.89
1643898716	2	7	25	30	169	134	1	0.54	50	1	2.98	12	20.89
1643898737	2	11	25	32	194	134	1	0.46	18	1	2.59	6	17.14
1643898757	0	8	8	32	240	134	1	0.68	35	1	3.23	14	9.31
1643898784	0	7	8	28	231	127	15	0.68	34	1	3.84	3	9.16
1643898804	1	10	15	34	256	133	15	0.68	34	1	3.84	3	15.16
1643898824	1	7	15	32	143	134	15	0.69	39	1	3.24	12	14.58
1643898844	2	13	25	33	233	134	15	0.69	39	1	3.24	12	20.58
1643898864	1	10	15	36	188	134	15	0.47	23	2	3.40	8	10.62
1643898891	0	8	8	32	233	137	2	0.72	45	1	3.49	19	11.36
1643898911	1	14	15	32	238	139	2	0.71	85	1	3.02	19	12.60
1643898931	2	23	25	33	261	139	2	0.75	64	0	2.92	18	58.37
1643898951	0	6	8	33	221	133	2	0.77	78	4	3.16	23	4.46
1643898971	0	5	8	32	206	134	2	0.65	51	1	2.69	17	9.32
1643898998	0	14	8	37	247	130	10	0.55	55	6	2.59	20	4.13
1643899018	0	4	8	38	135	135	10	0.69	63	0	3.37	8	14.08
1643899038	2	9	25	37	157	135	10	0.65	66	0	2.57	19	27.75
1643899058	2	7	25	36	263	136	10	0.58	58	1	3.00	17	17.51
1643899079	0	9	8	39	237	136	10	0.74	75	4	3.12	8	4.45
1643899106	1	17	15	29	278	133	7	0.67	34	2	3.32	12	11.64
1643899126	1	17	15	35	274	134	7	0.64	46	0	3.54	13	36.33
1643899146	0	6	8	29	229	135	7	0.78	58	1	3.30	21	11.40
1643899166	0	7	8	31	212	135	7	0.62	24	2	3.08	8	4.79
1643899186	0	6	8	34	256	135	7	0.69	45	1	2.79	15	7.76
1643899213	2	19	25	25	271	138	10	0.33	20	47	3.10	10	15.82
1643899233	0	9	8	34	260	140	10	0.75	28	1	3.98	6	10.44
1643899253	2	9	25	23	233	140	10	0.74	36	0	3.24	11	29.82
1643899273	0	8	8	32	179	140	10	0.75	41	1	3.50	12	9.30
1643899293	1	15	15	27	226	140	10	0.72	38	0	3.33	11	22.32
1643899320	2	11	25	25	264	136	7	0.84	44	0	3.75	13	34.98
1643899340	2	9	25	24	246	137	7	0.84	43	1	3.74	15	19.55
1643899360	1	17	15	27	255	132	7	0.78	37	0	3.67	13	26.42
1643899380	0	7	8	26	238	134	7	0.66	35	1	2.77	11	7.41
1643899400	2	34	25	24	274	134	7	0.65	21	1	2.77	8	20.18
1643899428	0	7	8	32	212	131	7	0.50	36	2	4.03	15	4.74
1643899448	0	10	8	35	242	134	7	0.71	42	1	3.33	16	6.48
1643899468	1	16	15	30	253	135	7	0.39	40	4	3.21	20	10.17
1643899488	2	25	25	27	289	135	7	0.67	29	2	4.20	15	17.66
1643899508	0	6	8	36	200	135	7	0.69	47	0	3.98	2	13.93
1643899535	0	8	8	36	188	133	2	0.66	58	0	2.71	17	17.62
1643899555	0	7	8	35	163	134	2	0.63	70	1	2.78	22	8.06
1643899575	0	10	8	35	176	144	2	0.43	48	5	2.93	14	4.09
1643899595	2	6	25	34	242	145	2	0.47	50	1	3.05	16	18.99
1643899615	1	9	15	34	260	146	2	0.68	69	0	3.02	8	56.00
1643899642	0	10	8	38	224	133	0	0.72	66	0	2.67	22	41.26
1643899662	0	9	8	35	165	135	0	0.46	38	24	2.74	17	3.86
1643899682	2	34	25	30	265	135	0	0.83	58	0	3.39	23	62.00
1643899702	1	7	15	31	267	131	0	0.73	50	0	3.24	16	36.43
1643899722	1	12	15	30	253	134	0	0.74	54	0	3.00	22	37.28
1643899749	2	20	25	28	276	137	10	0.77	66	0	3.09	24	49.54
1643899770	0	8	8	32	250	138	10	0.78	31	0	3.74	10	34.90
1643899790	1	12	15	25	236	138	10	0.66	39	1	2.92	12	14.33
1643899810	2	12	25	24	260	139	10	0.61	22	1	4.03	10	19.67
1643899830	1	13	15	26	251	139	10	0.67	34	0	4.92	1	28.25
1643899857	0	6	8	26	212	132	2	0.68	37	0	2.93	15	14.36
1643899877	0	11	8	29	196	133	2	0.68	37	0	2.93	15	14.36
1643899897	2	22	25	27	282	134	2	0.78	43	0	3.92	14	38.11
1643899917	2	22	25	26	277	140	2	0.85	46	2	3.54	13	17.34
1643899937	1	16	15	25	248	135	2	0.80	38	1	3.68	14	18.64
1643899964	0	7	8	33	239	132	5	0.63	33	0	2.90	15	14.27
1643899984	2	8	25	31	216	134	5	0.53	34	1	3.87	3	17.96
1643900004	0	10	8	36	192	134	5	0.45	51	2	2.54	20	4.96
1643900024	1	9	15	31	186	135	5	0.72	41	1	3.15	14	17.31
1643900044	0	10	8	37	244	135	5	0.54	23	3	3.53	8	4.62
1643900071	1	16	15	31	246	133	5	0.63	35	1	4.09	14	15.60
1643900091	1	13	15	24	274	134	5	0.83	43	1	5.26	18	19.47
1643900112	1	17	15	34	244	152	5	0.70	84	1	3.21	21	12.58
1643900132	0	9	8	39	200	152	5	0.73	58	0	3.04	19	47.11
1643900152	0	9	8	34	149	155	5	0.75	70	1	3.07	15	7.41
1643900179	2	23	25	30	278	133	2	0.77	63	0	3.43	23	50.38
1643900199	1	13	15	29	222	135	2	0.79	77	3	3.11	13	10.75
1643900219	1	15	15	35	228	135	2	0.74	42	0	3.22	9	42.60
1643900239	2	21	25	25	224	136	2	0.81	46	1	3.58	16	20.21
1643900259	1	15	15	26	214	136	2	0.76	44	1	3.60	15	12.87
1643900286	2	25	25	27	279	136	1	0.71	48	0	3.68	11	45.57
1643900306	2	33	25	27	271	137	1	0.78	48	0	3.72	20	27.27
1643900326	0	7	8	43	186	137	1	0.70	41	1	3.37	15	9.83
1643900346	2	23	25	25	202	138	1	0.84	41	1	3.89	12	23.99
1643900366	0	7	8	29	172	138	1	0.69	53	0	3.36	7	17.09
1643900394	2	17	25	27	278	134	1	0.37	27	9	4.01	16	15.93
1643900414	2	20	25	27	264	137	1	0.60	33	5	3.51	2	16.27
1643900434	0	8	8	30	236	138	1	0.71	46	18	2.91	13	3.93
1643900454	2	25	25	27	242	138	1	0.71	41	0	2.89	9	50.44
1643900474	2	17	25	26	271	138	1	0.66	24	1	3.51	4	21.77
1643900501	1	22	15	27	256	133	5	0.63	34	0	4.28	16	26.23
1643900521	1	13	15	24	275	134	5	0.80	34	1	3.68	7	15.72
1643900541	0	7	8	30	256	137	5	0.83	38	1	3.84	14	12.05
1643900561	1	14	15	30	278	138	5	0.68	37	1	3.03	14	16.10
1643900581	2	13	25	24	250	128	5	0.78	35	0	4.00	2	26.59
1643900608	2	12	25	23	272	131	7	0.70	32	7	4.10	8	16.14
1643900628	2	18	25	26	267	129	7	0.70	36	1	5.23	17	18.11
1643900648	0	10	8	33	251	134	7	0.40	41	13	3.07	18	3.90
1643900668	0	10	8	33	256	134	7	0.48	41	4	2.82	15	4.23
1643900688	0	6	8	30	218	135	7	0.48	41	4	2.82	15	4.23
1643900715	0	8	8	38	251	132	2	0.58	39	1	2.91	21	5.64
1643900735	0	6	8	38	206	134	2	0.69	58	0	2.81	19	20.51
1643900756	1	10	15	39	249	134	2	0.70	71	1	2.94	17	13.52
1643900776	1	7	15	37	216	135	2	0.63	50	0	2.62	15	17.85
1643900796	2	8	25	37	255	135	2	0.69	60	0	2.65	19	36.91
1643900823	0	7	8	36	160	132	1	0.74	56	0	2.77	17	29.20
1643900843	1	7	15	35	157	135	1	0.57	44	1	2.79	14	13.07
1643900863	2	9	25	38	210	135	1	0.76	68	3	3.09	11	16.93
1643900883	2	6	25	35	215	135	1	0.66	51	1	2.58	22	21.86
1643900903	0	7	8	36	167	136	1	0.67	54	1	2.73	13	8.26
1643900930	2	26	25	27	290	138	2	0.59	48	1	2.74	15	17.68
1643900950	0	20	25	25	253	136	2	0.80	33	0	3.41	9	22.22
1643900970	1	16	15	30	221	141	2	0.81	32	2	3.37	9	11.17
1643900990	0	8	8	40	191	141	2	0.54	21	8	4.89	10	4.04
1643901010	0	3	8	31	198	141	2	0.47	22	6	3.46	10	4.08
1643901037	1	13	15	25	215	137	10	0.73	27	1	3.81	9	15.72
1643901057	1	12	15	26	228	139	10	0.78	40	0	3.50	4	31.54
1643901077	1	13	15	26	152	139	10	0.64	32	0	3.51	8	18.00
1643901097	2	19	25	26	206	139	10	0.74	45	0	3.98	16	33.65
1643901118	2	10	25	24	200	140	10	0.67	21	10	2.67	7	16.02
1643901145	1	14	15	28	172	132	0	0.79	36	1	3.59	13	20.11
1643901165	1	9	15	27	228	133	0	0.61	30	1	3.38	11	11.99
1643901185	2	7	25	25	231	134	0	0.69	35	1	3.92	4	21.77
1643901205	2	19	25	28	245	134	0	0.70	37	1	3.66	14	23.81
1643901225	1	17	15	26	226	135	0	0.70	34	3	4.41	13	10.78
1643901252	0	8	8	37	165	132	2	0.45	44	3	3.14	17	4.34
1643901272	0	5	8	37	136	134	2	0.29	34	21	2.66	18	3.84
1643901292	0	5	8	32	168	134	2	0.58	30	4	3.22	14	4.34
1643901312	2	8	25	38	212	135	2	0.67	84	1	2.99	17	18.50
1643901332	1	7	15	38	247	135	2	0.63	64	0	2.48	18	27.17
1643901359	2	31	25	28	271	138	2	0.82	54	0	3.60	18	39.47
1643901379	1	12	15	33	238	139	2	0.79	52	0	3.66	14	39.94
1643901399	0	9	8	33	136	156	2	0.57	41	0	3.34	15	15.53
1643901419	0	7	8	32	135	156	2	0.71	63	0	2.67	13	43.78
1643901439	2	20	25	26	267	156	2	0.68	38	1	3.81	14	22.27
1643901466	0	8	8	37	163	132	5	0.63	47	1	2.42	19	8.72
1643901487	1	7	15	37	186	135	5	0.55	58	0	2.45	16	26.62
1643901507	2	3	25	33	172	135	5	0.53	48	1	2.69	17	17.40
1643901527	0	3	8	38	166	136	5	0.47	47	2	2.64	17	4.81
1643901547	2	9	25	33	133	136	5	0.58	39	1	3.31	13	21.05
1643901574	0	5	8	32	188	137	7	0.74	50	1	2.89	13	10.66
1643901594	0	7	8	45	198	139	7	0.46	19	6	4.22	7	4.05
1643901614	0	11	8	29	182	139	7	0.46	19	3	2.80	12	4.39
1643901634	2	14	25	26	196	139	7	0.67	23	1	3.50	10	20.88
1643901654	0	7	8	24	138	139	7	0.78	40	6	3.67	8	4.31
1643901681	0	6	8	30	179	134	0	0.65	36	0	3.31	12	13.65
1643901701	1	15	15	29	219	136	0	0.51	42	1	2.87	13	12.82
1643901721	2	16	25	26	179	136	0	0.77	36	1	3.50	13	25.57
1643901741	1	18	15	31	231	137	0	0.73	33	1	3.51	8	13.18
1643901761	1	12	15	25	233	137	0	0.76	36	1	3.46	13	19.52
1643901788	0	7	8	30	166	141	1	0.78	44	1	3.25	11	9.64
1643901808	1	11	15	28	225	143	1	0.58	29	4	3.64	9	10.37
1643901828	0	8	8	31	210	143	1	0.72	28	1	4.44	9	7.34
1643901848	2	17	25	25	170	143	1	0.71	47	1	4.79	19	18.10
1643901869	0	6	8	42	194	143	1	0.68	43	1	3.48	15	6.61
1643901896	1	9	15	24	228	137	2	0.69	58	1	3.87	2	17.09
1643901916	1	17	15	31	244	140	2	0.71	60	0	3.24	23	25.24
1643901936	2	31	25	27	204	140	2	0.82	74	1	3.45	19	18.42
1643901956	1	13	15	30	242	141	2	0.67	61	1	3.07	24	16.95
1643901976	0	7	8	43	178	141	2	0.84	56	0	3.66	12	42.43
1643902003	1	22	15	31	233	129	0	0.82	53	0	3.06	15	36.68
1643902023	0	6	8	37	194	134	0	0.84	65	0	3.23	13	49.74
1643902043	2	28	25	25	272	135	0	0.52	54	12	2.70	18	15.95
1643902063	2	14	25	30	190	135	0	0.71	42	0	3.17	14	37.58
1643902083	0	10	8	35	213	135	0	0.59	49	0	2.46	18	12.67
1643902110	0	8	8	37	192	135	1	0.88	29	0	2.92	4	19.00
1643902130	2	26	25	28	260	139	1	0.51	45	3	2.87	16	16.36
1643902150	1	14	15	26	262	138	1	0.81	37	1	3.48	14	14.01
1643902170	1	17	15	31	244	139	1	0.76	54	0	3.75	5	31.79
1643902190	1	15	15	26	286	134	1	0.46	20	8	4.52	13	10.01
1643902217	2	26	25	23	289	133	5	0.80	36	1	4.41	16	21.40
1643902238	0	8	8	31	227	132	5	0.80	36	1	4.41	16	9.40
1643902258	0	7	8	29	186	134	5	0.67	20	1	3.21	7	8.06
1643902278	1	11	15	24	242	137	5	0.60	24	1	2.99	10	12.98
1643902298	2	22	15	26	264	137	5	0.73	36	1	3.59	11	18.47
1643902325	0	5	8	33	230	137	1	0.72	20	1	3.01	6	9.17
1643902345	2	18	25	26	284	134	1	0.76	30	1	3.53	7	18.57
1643902365	2	12	25	24	244	135	1	0.82	38	0	3.74	12	31.66
1643902385	2	19	25	25	180	139	1	0.65	33	2	3.84	9	16.93
1643902405	2	18	25	26	169	140	1	0.87	29	10	2.68	11	16.12
1643902432	0	10	8	29	188	141	0	0.51	27	3	3.74	9	4.48
1643902452	0	8	8	40	190	142	0	0.46	39	3	3.20	18	4.32
1643902472	2	10	25	25	250	142	0	0.67	41	1	3.10	9	19.28
1643902492	0	4	8	32	178	142	0	0.78	39	1	5.29	13	8.79
1643902512	0	11	8	38	144	142	0	0.60	43	0	3.95	2	35.46
1643902539	2	24	25	29	286	137	5	0.80	74	1	3.45	19	20.65
1643902559	0	9	8	32	198	138	5	0.85	60	6	3.24	19	4.34
1643902579	1	14	15	28	229	138	5	0.44	51	1	3.09	15	11.98
1643902600	1	13	15	24	234	138	5	0.78	79	0	3.22	11	56.00
1643902620	2	30	25	27	265	138	5	0.87	56	0	3.58	14	62.00
1643902647	2	22	25	27	280	142	0	0.79	46	1	3.69	19	21.40
1643902667	2	36	25	29	286	142	0	0.87	81	6	3.18	24	16.35
1643902687	2	27	25	29	272	143	0	0.88	56	0	3.54	16	44.50
1643902707	1	13	15	23	224	143	0	0.87	28	0	3.22	4	24.22
1643902727	0	8	8	34	162	144	0	0.42	47	9	2.79	23	3.96
1643902754	1	14	15	25	214	133	10	0.74	25	2	3.44	8	11.46
1643902774	2	23	25	27	263	134	10	0.83	51	1	3.37	14	23.34
1643902794	0	10	8	32	198	135	10	0.50	20	31	3.55	8	3.85
1643902814	0	7	8	26	174	135	10	0.32	14	11	2.91	8	3.89
1643902834	2	11	25	24	167	136	10	0.72	19	0	3.27	6	24.81
1643902861	1	8	15	25	235	139	2	0.76	29	0	3.92	9	25.50
1643902881	2	16	25	25	236	140	2	0.80	33	0	3.53	12	29.65
1643902901	0	5	8	31	130	141	2	0.52	24	1	2.91	8	5.74
1643902921	2	20	25	26	240	141	2	0.79	32	0	3.52	10	26.35
1643902941	1	14	15	28	209	141	2	0.75	31	1	3.55	7	12.96
1643902969	0	7	8	27	183	129	7	0.62	24	2	3.14	8	5.16
1643902989	1	7	15	30	176	134	7	0.73	42	1	3.18	10	12.42
1643903009	2	5	25	31	188	134	7	0.63	41	2	3.02	15	17.00
1643903029	1	6	15	30	184	135	7	0.60	26	2	3.30	7	10.88
1643903049	2	9	25	35	167	135	7	0.72	42	1	3.60	16	18.98
1643903076	2	20	25	18	219	130	0	0.74	21	1	4.89	8	20.20
1643903096	1	10	15	23	233	146	0	0.81	58	0	3.83	3	23.43
1643903116	1	19	15	34	248	148	0	0.70	49	1	3.38	19	17.95
1643903136	2	27	25	33	292	148	0	0.93	75	3	2.57	23	16.94
1643903156	0	8	8	38	194	148	0	0.95	60	15	2.89	19	4.02
1643903183	2	28	25	28	230	132	1	0.73	46	0	3.55	14	59.20
1643903203	1	18	15	30	232	134	1	0.77	42	0	3.59	10	27.49
1643903223	0	7	8	41	198	134	1	0.78	68	0	3.00	24	47.03
1643903243	1	8	15	30	184	134	1	0.80	46	0	3.33	13	41.39
1643903263	1	22	15	32	206	135	1	0.81	59	0	3.18	28	21.19
1643903290	2	12	25	27	282	139	5	0.84	58	0	3.53	16	45.41
1643903310	0	12	8	33	212	140	5	0.64	46	1	2.93	16	5.95
1643903330	0	5	8	34	194	140	5	0.51	43	25	3.16	15	3.87
1643903350	1	14	15	26	246	141	5	0.64	33	1	2.94	13	11.60
1643903370	0	8	8	36	144	141	5	0.75	53	0	3.73	5	21.90
1643903398	1	17	15	25	218	138	0	0.75	25	0	4.11	8	19.86
1643903418	2	22	25	27	252	139	0	0.76	33	2	4.14	6	17.16
1643903438	2	11	25	26	165	156	0	0.80	34	0	3.93	12	32.22
1643903458	2	9	25	24	200	156	0	0.72	25	0	3.48	9	28.98
1643903478	1	19	15	25	225	156	0	0.84	36	0	3.68	7	25.23
1643903505	0	7	8	28	192	136	15	0.68	40	0	3.06	15	12.89
1643903525	2	18	25	25	218	137	15	0.68	32	1	2.83	10	20.95
1643903545	1	15	15	26	219	137	15	0.90	39	12	2.81	13	10.07
1643903565	2	14	25	26	214	137	15	0.68	34	42	2.95	13	15.85
1643903585	2	13	25	24	228	138	15	0.71	44	51	3.27	14	15.84
1643903612	0	8	8	30	198	130	1	0.71	44	51	3.27	14	3.84
1643903632	2	11	25	25	274	134	1	0.55	30	1	4.68	14	18.06
1643903652	0	18	25	27	258	135	1	0.55	30	1	4.68	14	6.06
1643903672	0	7	8	33	242	136	1	0.53	35	2	4.49	18	5.22
1643903692	0	6	8	30	233	136	1	0.82	39	2	4.82	9	5.29
1643903719	2	35	25	32	255	133	2	0.81	65	0	3.40	18	61.32
1643903739	2	25	25	29	232	133	2	0.76	73	3	3.22	23	16.85
1643903760	2	20	25	27	260	133	2	0.85	60	1	3.29	15	19.92
1643903780	1	30	25	29	250	140	2	0.85	60	1	3.29	15	13.92
1643903800	2	18	15	26	259	139	2	0.58	46	21	3.33	17	15.89
1643903827	2	22	25	27	269	132	5	0.84	57	1	3.29	14	20.27
1643903847	1	17	15	32	283	137	5	0.75	50	0	3.06	20	25.38
1643903867	1	11	15	27	200	137	5	0.76	44	0	3.13	16	42.56
1643903887	1	14	15	29	233	138	5	0.81	55	0	3.10	25	41.78
1643903907	1	10	15	30	222	138	5	0.61	42	1	3.99	4	15.87
1643903934	0	7	8	32	177	138	2	0.69	63	53	2.81	25	3.84
1643903954	0	8	8	33	137	139	2	0.48	27	2	3.04	9	4.65
1643903974	0	4	8	33	139	140	2	0.59	33	2	2.99	13	5.40
1643903994	1	17	15	26	216	141	2	0.48	20	3	3.94	9	10.41
1643904014	1	18	15	27	235	141	2	0.67	31	1	3.20	15	16.46
1643904041	1	18	15	28	216	132	10	0.72	34	1	3.44	13	15.25
1643904061	1	9	15	18	204	134	10	0.79	24	0	3.54	6	41.70
1643904081	2	17	25	25	206	135	10	0.82	34	0	3.59	9	51.13
1643904101	0	3	8	34	136	135	10	0.56	28	1	2.94	12	5.84
1643904121	2	12	25	20	234	136	10	0.79	36	1	3.58	13	25.40
1643904148	2	29	25	24	276	132	15	0.99	40	7	3.00	11	16.32
1643904169	0	9	8	32	189	133	15	0.97	30	14	2.86	11	4.05
1643904189	2	25	25	21	234	134	15	0.66	33	1	3.79	2	19.16
1643904209	1	13	15	20	229	135	15	1.02	45	14	3.37	13	10.05
1643904229	2	25	25	19	278	135	15	0.87	47	21	3.09	18	15.94
1643904256	0	6	8	39	184	132	0	0.30	37	13	2.54	18	3.88
1643904276	0	4	8	30	184	133	0	0.50	37	2	2.58	16	5.13
1643904296	0	9	8	40	192	133	0	0.77	59	0	3.10	10	17.11
1643904316	0	9	8	41	147	134	0	0.59	61	0	2.12	20	34.54
1643904336	1	8	15	37	182	134	0	0.58	67	1	2.72	23	15.78
1643904363	1	15	15	30	247	131	7	0.62	56	1	2.64	20	14.90
1643904383	2	11	25	32	214	134	7	0.77	60	0	3.24	15	57.89
1643904403	2	19	25	31	186	135	7	0.79	42	0	3.22	16	58.23
1643904423	2	14	25	32	242	135	7	0.77	57	0	3.29	20	55.62
1643904443	1	15	15	32	229	136	7	0.75	46	1	3.27	16	13.42
1643904470	0	4	8	32	184	138	5	0.74	57	0	2.64	14	13.44
1643904490	1	15	15	33	236	139	5	0.66	62	1	2.55	25	14.15
1643904510	1	13	15	35	231	139	5	0.77	32	0	3.20	9	24.93
1643904530	0	8	8	34	126	139	5	0.75	70	1	2.71	24	12.08
1643904551	0	7	8	32	196	139	5	0.57	30	1	2.92	11	6.37
1643904578	2	8	25	25	182	136	10	0.62	20	3	5.66	6	16.49
1643904598	1	8	15	24	184	137	10	0.60	25	38	3.23	12	9.85
1643904618	1	16	15	29	224	137	10	0.75	36	1	4.03	16	15.08
1643904638	0	8	8	32	176	138	10	0.77	30	21	2.99	10	3.92
1643904658	2	21	25	26	251	138	10	0.69	26	1	3.58	6	23.94
1643904685	2	26	25	28	249	139	1	0.72	32	1	3.66	11	18.71
1643904705	1	17	15	25	221	141	1	0.78	35	0	3.60	12	20.02
1643904725	0	4	8	32	143	142	1	0.67	42	1	2.98	15	10.52
1643904745	1	16	15	23	215	142	1	0.49	22	4	3.22	5	10.23
1643904765	1	14	15	26	206	142	1	0.73	26	1	3.51	5	15.20
1643904792	2	31	25	24	286	128	1	0.61	26	2	3.34	10	17.26
1643904812	1	17	15	30	288	135	1	0.78	30	3	4.30	5	11.01
1643904832	1	18	15	26	268	137	1	0.69	28	2	4.36	8	11.47
1643904852	2	11	25	27	271	134	1	0.74	38	1	5.27	13	23.64
1643904872	1	13	15	26	219	134	1	0.43	32	46	3.78	16	9.83
1643904899	0	7	8	32	174	138	5	0.67	84	1	2.99	16	6.30
1643904920	2	26	25	30	269	140	5	0.64	58	0	2.54	20	24.93
1643904940	0	8	8	37	200	140	5	0.86	72	1	3.50	15	7.76
1643904960	0	8	8	31	168	140	5	0.59	51	0	2.79	13	17.37
1643904980	1	4	15	31	202	140	5	0.54	42	0	3.37	15	18.15
1643905007	2	37	25	29	271	131	2	0.85	42	0	3.43	12	58.29
1643905027	1	16	15	33	282	134	2	0.89	57	0	3.65	17	55.98
1643905047	2	23	25	26	200	134	2	0.76	48	1	3.22	16	25.65
1643905067	1	11	15	26	265	133	2	0.99	56	7	3.15	14	10.30
1643905087	1	16	15	32	216	134	2	0.95	55	3	3.50	15	11.29
1643905114	0	8	8	40	138	132	0	0.69	56	52	2.88	23	3.84
1643905134	1	6	15	34	152	134	0	0.44	52	4	2.27	22	10.16
1643905154	0	9	8	32	226	135	0	0.61	34	0	2.28	16	11.51
1643905174	1	10	15	33	206	135	0	0.40	24	8	4.32	12	9.98
1643905194	0	2	8	30	184	135	0	0.40	24	8	4.32	12	3.98
1643905221	1	23	15	26	250	137	7	0.78	42	0	3.53	14	29.56
1643905241	2	10	25	22	233	138	7	0.80	35	0	3.87	10	45.43
1643905261	0	9	8	29	265	138	7	0.74	18	0	3.07	5	33.08
1643905281	2	6	25	24	255	141	7	0.59	22	0	3.56	6	22.73
1643905302	1	11	15	25	194	142	7	0.83	43	0	3.94	16	40.87
1643905329	0	9	8	27	200	138	2	0.67	38	1	3.08	14	8.47
1643905349	2	19	25	26	235	139	2	0.41	22	18	2.88	5	15.87
1643905369	2	22	25	23	235	140	2	0.74	26	1	3.49	5	20.48
1643905389	1	14	15	25	172	140	2	0.77	43	1	3.88	9	13.35
1643905409	1	16	15	26	251	140	2	0.68	22	1	4.75	8	13.91
1643905436	2	15	25	26	231	132	10	0.61	40	1	5.05	19	18.75
1643905456	2	27	25	27	308	134	10	0.61	40	1	5.05	19	18.75
1643905476	1	16	15	28	152	134	10	0.86	51	29	3.09	15	9.90
1643905496	2	28	25	29	214	135	10	0.49	30	113	3.50	18	15.81
1643905516	1	13	15	36	177	135	10	0.97	42	8	3.12	14	10.21
1643905543	1	17	15	34	267	137	1	0.89	77	11	2.85	23	10.10
1643905563	2	28	25	30	245	138	1	0.82	62	0	3.43	22	27.83
1643905583	2	20	25	27	262	139	1	0.73	46	0	3.54	14	26.56
1643905603	1	14	15	29	265	139	1	0.75	47	0	3.63	10	26.90
1643905623	1	16	15	31	238	139	1	0.82	50	0	3.56	13	25.40
1643905650	0	8	8	33	178	131	0	0.85	50	0	3.68	17	42.60
1643905670	0	9	8	38	196	134	0	0.55	48	2	2.68	21	4.66
1643905691	2	7	25	38	192	135	0	0.69	54	1	2.82	16	21.30
1643905711	1	9	15	36	130	135	0	0.60	59	1	2.45	24	12.25
1643905731	2	5	25	34	124	135	0	0.64	53	1	2.73	20	20.46
1643905758	0	10	8	32	196	132	10	0.72	50	0	3.47	7	15.61
1643905778	1	5	15	32	173	134	10	0.54	33	2	2.81	13	11.03
1643905798	2	1	25	21	96	135	10	0.32	19	16	3.20	12	15.86
1643905818	2	8	25	32	121	135	10	0.59	29	1	3.12	9	17.50
1643905838	1	12	15	32	140	135	10	0.63	30	1	3.29	12	11.73
1643905865	0	7	8	29	173	132	0	0.63	21	1	2.97	8	7.51
1643905885	2	27	25	27	246	134	0	0.44	22	1	2.92	8	17.06
1643905905	2	20	25	25	174	134	0	0.84	43	0	3.66	11	39.03
1643905925	1	17	15	27	231	135	0	0.75	23	2	3.37	5	11.73
1643905945	1	6	15	27	224	135	0	0.83	41	0	3.53	14	31.85
1643905972	1	17	15	26	202	135	15	0.78	35	0	4.00	2	20.59
1643905992	0	6	8	30	184	139	15	0.73	32	30	3.39	11	3.88
1643906012	1	11	15	25	202	140	15	0.58	22	1	4.00	8	12.64
1643906032	0	7	8	39	194	140	15	0.70	31	28	3.12	12	3.88
1643906052	1	17	15	34	162	140	15	0.51	39	17	3.02	17	9.90
1643906079	0	7	8	26	167	137	0	0.58	35	1	2.95	16	6.66
1643906100	2	32	25	27	264	138	0	0.59	83	2	2.93	21	16.71
1643906120	1	16	15	34	233	138	0	0.82	60	0	3.35	19	55.86
1643906140	1	7	15	32	220	139	0	0.72	62	0	3.32	14	51.85
1643906160	1	18	15	29	233	143	0	0.87	56	0	3.58	7	46.97
1643906187	1	13	15	29	188	129	5	0.68	76	0	3.12	17	56.00
1643906207	1	16	15	35	243	134	5	0.72	42	0	3.23	9	48.94
1643906227	2	5	25	31	166	135	5	0.59	39	18	3.32	17	15.91
1643906247	0	9	8	32	177	135	5	0.66	49	1	2.86	21	9.52
1643906267	2	24	25	30	262	135	5	0.61	42	1	2.55	15	19.67
1643906294	1	16	15	30	186	135	15	0.69	34	1	3.40	12	12.14
1643906314	0	7	8	33	156	136	15	0.82	57	26	2.73	19	3.91
1643906334	1	18	15	27	194	137	15	0.72	60	1	2.89	22	13.45
1643906354	1	12	15	29	230	137	15	0.82	32	13	2.70	11	10.02
1643906374	0	8	8	32	200	137	15	0.89	53	8	2.71	16	4.18
1643906401	0	8	8	34	160	129	0	0.51	36	7	2.57	15	4.04
1643906421	2	5	25	29	156	144	0	0.67	41	1	2.79	14	23.26
1643906441	2	5	25	27	154	144	0	0.64	31	1	3.33	8	23.27
1643906461	2	8	25	28	190	144	0	0.60	25	1	3.07	10	18.37
1643906482	1	11	15	31	158	144	0	0.60	42	0	3.11	13	17.07
1643906509	2	30	25	20	266	130	10	0.78	25	3	3.80	10	16.78
1643906529	0	9	8	33	194	134	10	0.97	42	13	2.97	8	4.07
1643906549	0	8	8	30	182	135	10	0.70	37	1	2.98	13	9.43
1643906569	0	7	8	28	138	135	10	0.47	32	1	3.00	10	5.32
1643906589	1	19	15	29	296	136	10	0.59	44	1	3.64	9	12.84
1643906616	1	16	15	27	204	135	15	0.88	47	28	3.21	14	9.90
1643906636	1	11	15	28	171	138	15	0.70	48	35	3.21	19	9.86
1643906656	2	23	25	27	224	138	15	0.71	33	58	3.44	14	15.84
1643906676	1	11	15	28	194	138	15	0.75	27	18	3.31	6	9.94
1643906696	1	18	15	30	220	151	15	0.78	55	23	3.42	21	9.92
1643906723	0	8	8	32	188	141	7	0.84	70	14	2.66	21	4.01
1643906743	0	6	8	32	135	143	7	0.61	60	0	2.48	22	10.93
1643906763	1	17	15	31	217	143	7	0.77	57	0	3.28	18	50.99
1643906783	1	20	15	30	226	144	7	0.64	46	0	3.34	13	48.57
1643906803	1	18	15	31	176	144	7	0.79	69	0	3.07	21	49.92
1643906830	0	6	8	32	180	138	15	0.61	45	23	3.02	16	3.89
1643906850	0	8	8	35	170	142	15	0.73	48	1	2.96	15	9.11
1643906870	2	29	25	30	204	142	15	0.90	47	12	2.85	7	16.06
1643906891	0	13	8	33	124	142	15	0.69	50	21	2.47	24	3.91
1643906911	1	17	15	34	206	142	15	0.86	61	16	2.65	18	9.99
1643906938	0	9	8	34	171	133	2	0.71	39	1	2.96	12	6.00
1643906958	1	8	15	33	196	134	2	0.68	53	1	3.31	5	17.11
1643906978	0	6	8	32	179	135	2	0.65	39	1	2.89	12	7.85
1643906998	1	11	15	31	187	135	2	0.76	46	0	3.40	12	35.91
1643907018	2	7	25	30	170	147	2	0.66	39	0	3.01	15	25.57
1643907045	2	8	25	22	180	148	15	0.79	38	2	3.68	9	17.10
1643907065	1	15	15	26	204	149	15	0.75	36	22	3.30	12	9.91
1643907085	0	8	8	34	180	150	15	0.93	52	6	2.89	11	4.39
1643907105	1	16	15	30	229	150	15	0.60	21	1	2.66	7	12.65
1643907125	2	9	25	25	190	150	15	0.54	19	43	2.26	6	15.84
1643907152	2	22	25	28	246	138	1	0.99	39	4	2.99	8	16.78
1643907172	2	23	25	27	252	139	1	0.68	33	1	3.91	6	19.84
1643907192	0	10	8	27	141	139	1	0.71	24	2	3.56	8	5.82
1643907212	1	14	15	26	210	139	1	0.65	33	2	4.56	13	11.01
1643907232	2	21	25	28	241	139	1	0.69	24	2	4.30	8	17.33
1643907259	1	19	15	33	224	133	2	0.53	41	1	3.45	17	11.60
1643907279	1	20	15	26	254	134	2	0.66	36	1	4.92	13	12.87
1643907300	2	24	25	31	245	135	2	0.85	60	0	3.36	17	44.82
1643907320	1	19	15	30	204	135	2	0.97	72	2	2.95	22	11.83
1643907340	0	4	8	33	183	135	2	0.94	67	13	2.93	20	4.05
1643907367	0	4	8	39	146	133	10	0.55	56	1	2.56	20	5.43
1643907387	1	9	15	34	162	135	10	0.54	76	1	2.96	17	13.17
1643907407	1	8	15	38	214	135	10	0.53	35	1	2.62	13	11.54
1643907427	0	8	8	37	186	136	10	0.64	56	0	2.69	19	34.47
1643907447	0	6	8	35	123	136	10	0.75	79	5	3.03	21	4.41
1643907474	2	28	25	26	287	136	5	0.71	46	0	3.68	6	59.07
1643907494	2	26	25	27	247	136	5	0.83	40	3	3.20	14	16.73
1643907514	1	7	15	33	208	137	5	0.75	55	44	3.17	19	9.85
1643907534	1	15	15	29	236	138	5	0.81	61	1	3.38	22	18.41
1643907554	2	21	25	26	244	138	5	0.61	29	2	3.94	17	17.03
1643907581	0	4	8	33	143	140	2	0.28	21	25	3.12	14	3.83
1643907601	0	6	8	31	154	142	2	0.58	40	1	2.91	15	7.60
1643907621	0	7	8	30	184	143	2	0.70	40	0	2.97	11	21.73
1643907641	1	17	15	26	250	143	2	0.61	29	2	3.10	12	11.09
1643907661	1	12	15	26	242	143	2	0.70	20	2	3.24	6	11.69
1643907689	0	3	8	32	204	133	2	0.34	24	2	3.09	9	4.36
1643907709	1	17	15	26	253	134	2	0.71	41	1	3.20	13	18.42
1643907729	0	7	8	31	192	135	2	0.83	46	1	3.68	11	9.63
1643907749	2	20	25	27	175	135	2	0.67	32	1	3.54	10	18.39
1643907769	0	8	8	32	174	135	2	0.71	35	1	3.86	2	9.08
1643907796	2	9	25	23	233	132	2	0.70	32	4	4.14	8	16.50
1643907816	1	17	15	26	219	134	2	0.77	29	2	4.74	6	11.88
1643907836	2	23	25	26	202	135	2	0.78	37	1	5.43	14	19.77
1643907856	1	21	15	29	228	136	2	0.68	40	1	4.13	17	12.46
1643907876	2	21	25	19	282	136	2	0.66	28	2	4.14	14	17.59
1643907903	0	9	8	40	191	132	10	0.69	58	0	2.81	19	20.51
1643907923	1	8	15	37	177	133	10	0.69	74	1	2.84	14	12.84
1643907943	1	8	15	39	180	134	10	0.54	56	6	2.63	21	10.12
1643907963	1	3	15	36	144	134	10	0.58	59	1	2.68	21	13.83
1643907983	1	5	15	35	121	135	10	0.62	78	0	3.07	12	56.00
1643908010	1	9	15	30	237	132	0	0.71	53	2	3.02	18	11.05
1643908030	2	25	25	28	231	135	0	0.96	59	7	2.88	15	16.31
1643908050	1	12	15	33	226	135	0	0.92	57	16	2.98	21	10.00
1643908071	1	8	15	24	221	135	0	0.83	60	30	2.96	18	9.89
1643908091	2	21	25	28	239	136	0	0.87	52	9	3.01	15	16.15
1643908118	1	15	15	33	162	139	2	0.81	60	0	3.19	21	43.35
1643908138	2	11	25	25	223	139	2	0.80	39	1	3.39	13	18.79
1643908158	0	7	8	33	170	140	2	0.87	51	0	3.71	8	21.36
1643908178	2	17	25	27	200	140	2	0.55	26	4	5.12	18	16.35
1643908198	2	25	25	27	253	140	2	0.87	24	10	3.18	1	16.11
1643908225	1	8	15	24	219	142	0	0.73	27	1	3.81	9	15.72
1643908245	1	9	15	24	231	144	0	0.82	39	0	3.49	4	46.51
1643908265	1	10	15	24	149	144	0	0.62	32	0	3.54	8	17.36
1643908285	2	14	25	26	222	145	0	0.75	46	0	4.03	16	35.29
1643908305	1	14	15	25	208	145	0	0.63	19	1	2.85	6	13.95
1643908332	1	15	15	28	210	132	10	0.83	41	0	3.52	13	32.36
1643908352	1	13	15	25	224	133	10	0.80	34	0	3.50	15	50.59
1643908372	0	6	8	28	186	134	10	0.67	44	22	3.09	10	3.90
1643908392	1	13	15	30	191	135	10	0.75	40	1	3.50	13	19.23
1643908412	2	29	25	25	242	152	10	0.93	34	13	3.51	9	16.05
1643908440	1	19	15	31	204	132	0	0.62	38	1	4.80	18	12.63
1643908460	0	8	8	33	202	134	0	0.71	40	1	4.16	13	6.62
1643908480	0	8	8	30	189	134	0	0.58	20	1	3.63	7	5.41
1643908500	0	9	8	36	135	134	0	0.68	58	0	2.81	16	18.91
1643908520	2	25	25	28	251	134	0	0.81	68	1	3.41	16	20.39
1643908547	0	8	8	36	146	130	2	0.68	51	0	2.89	11	14.38
1643908567	1	7	15	37	186	134	2	0.67	55	0	2.73	17	21.79
1643908587	2	5	25	34	180	134	2	0.60	78	0	3.11	12	62.00
1643908607	0	8	8	36	176	134	2	0.59	41	0	2.74	17	11.31
1643908627	2	6	25	34	176	136	2	0.62	54	0	2.57	19	26.26
1643908654	0	8	8	33	190	132	2	0.65	47	1	2.55	18	9.99
1643908674	2	16	25	26	268	135	2	0.58	51	0	2.48	17	26.17
1643908694	2	11	25	25	221	135	2	0.78	48	0	3.73	20	27.39
1643908714	1	14	15	35	176	135	2	0.64	42	12	3.56	22	9.99
1643908734	1	16	15	28	196	135	2	0.69	49	75	3.34	25	9.83
1643908761	0	7	8	34	131	137	15	0.74	61	17	2.58	20	3.95
1643908781	1	7	15	24	210	139	15	0.52	24	2	4.76	14	10.63
1643908801	2	7	25	22	176	139	15	0.90	49	6	3.14	14	16.31
1643908821	0	5	8	28	182	139	15	0.90	42	15	3.06	12	4.01
1643908842	1	9	15	22	191	139	15	0.65	40	0	3.36	2	20.61
1643908869	0	8	8	32	129	141	7	0.39	31	1	3.23	9	5.58
1643908889	1	17	15	27	213	143	7	0.43	24	1	3.64	8	12.49
1643908909	1	18	15	28	247	143	7	0.85	40	0	3.68	10	25.85
1643908929	0	7	8	33	133	144	7	0.72	41	0	2.87	14	14.49
1643908949	2	19	25	28	241	144	7	0.72	34	0	3.47	9	25.01
1643908976	2	12	25	25	202	138	7	0.87	44	1	3.89	11	27.48
1643908996	1	15	15	26	216	139	7	0.67	46	2	4.04	15	11.49
1643909016	1	12	15	25	167	139	7	0.59	18	1	4.04	5	12.70
1643909036	0	11	8	34	194	140	7	0.63	37	1	4.37	16	6.69
1643909056	1	16	15	31	231	140	7	0.54	46	2	2.94	16	11.23
1643909083	2	23	25	14	216	130	10	0.82	44	0	4.20	5	33.59
1643909103	0	5	8	38	196	134	10	0.91	58	3	2.98	17	5.25
1643909123	1	10	15	32	224	134	10	0.65	73	1	2.78	16	13.06
1643909143	2	19	25	29	265	135	10	0.85	63	7	2.69	12	16.27
1643909163	1	14	15	36	237	136	10	0.89	52	8	2.90	12	10.20
1643909190	2	22	25	32	227	130	15	0.91	54	4	2.87	14	16.58
1643909211	1	20	15	33	219	135	15	0.87	64	9	2.78	17	10.14
1643909231	1	18	15	31	183	135	15	0.87	46	24	2.93	17	9.92
1643909251	1	15	15	33	196	135	15	0.88	85	13	2.88	25	10.03
1643909271	1	14	15	30	192	140	15	0.86	47	12	2.72	12	10.05
1643909298	1	17	15	32	232	137	2	0.88	27	0	3.21	4	23.54
1643909318	1	16	15	33	218	141	2	0.61	47	1	3.51	15	14.11
1643909338	1	13	15	27	177	141	2	0.76	26	1	2.46	10	13.66
1643909358	2	22	25	28	257	141	2	0.84	48	1	3.45	14	20.51
1643909378	1	17	15	30	222	142	2	0.58	21	4	5.54	8	10.37
1643909405	0	8	8	32	186	132	5	0.64	36	1	3.20	16	6.55
1643909425	2	10	25	24	210	135	5	0.70	34	1	3.25	9	21.74
1643909445	1	12	15	24	209	135	5	0.82	39	0	3.49	4	49.62
1643909465	2	16	25	25	217	135	5	0.67	30	0	3.43	10	24.51
1643909485	0	5	8	32	200	135	5	0.63	38	4	3.96	15	4.44
1643909512	2	9	25	24	180	137	2	0.78	31	0	3.30	11	28.65
1643909532	1	11	15	24	219	138	2	0.77	33	1	3.54	8	14.58
1643909552	1	11	15	26	153	140	2	0.74	24	2	3.48	7	11.70
1643909572	0	9	8	33	192	143	2	0.44	31	1	2.95	11	4.97
1643909593	0	8	8	32	198	144	2	0.63	44	1	3.12	14	5.61
1643909620	1	16	15	25	208	135	5	0.61	27	2	4.29	9	11.14
1643909640	1	13	15	32	229	136	5	0.66	39	1	5.35	16	12.75
1643909660	1	14	15	27	169	136	5	0.76	38	1	4.08	15	13.73
1643909680	1	12	15	24	206	136	5	0.84	60	0	3.55	11	38.76
1643909700	2	22	25	32	288	136	5	0.81	57	0	3.33	18	38.20
1643909727	2	27	25	29	288	139	10	0.88	72	2	3.48	20	17.59
1643909747	0	9	8	32	151	140	10	0.99	58	4	3.10	18	4.72
1643909767	1	17	15	36	219	141	10	0.64	55	1	2.68	17	15.87
1643909787	0	7	8	27	164	141	10	0.80	80	0	3.22	11	50.00
1643909807	1	14	15	32	194	141	10	0.85	56	0	3.45	16	55.84
1643909834	0	7	8	33	152	137	1	0.85	45	1	3.44	14	10.04
1643909854	0	4	8	32	174	138	1	0.78	66	2	3.10	12	5.13
1643909874	2	28	25	30	257	138	1	0.59	54	1	2.71	18	17.53
1643909894	2	10	25	23	162	124	1	0.86	68	13	2.66	20	16.03
1643909914	0	7	8	36	156	134	1	0.74	64	5	2.61	19	4.38
1643909941	0	9	8	31	163	133	7	nan	nan	nan	nan	nan	nan
1643909961	0	7	8	33	160	134	7	0.66	38	1	2.93	13	7.40
1643909982	1	19	15	27	267	135	7	0.51	21	2	4.03	8	10.57
1643910002	1	17	15	27	240	135	7	0.78	32	1	4.35	6	17.22
1643910022	2	10	25	24	209	136	7	0.78	39	0	3.49	14	53.12
