1643107409	1	11	15	25	155.000	124	0.41	28	35	3.61	7	9.83
1643107429	0	0	8	16	121.000	125	0.62	21	10	2.95	2	4.01
1643107449	0	7	8	34	143.000	126	0.75	39	0	2.91	11	20.79
1643107469	2	12	30	25	151.000	126	0.88	40	0	3.36	5	33.33
1643107489	1	6	15	22	134.000	127	0.72	28	11	2.67	8	10.03
1643107516	2	20	30	27	188.000	126	0.79	50	0	3.65	12	41.26
1643107537	1	17	15	25	178.000	127	0.71	24	7	3.04	9	10.19
1643107557	0	8	8	32	132.000	127	0.76	45	1	3.20	9	6.45
1643107577	2	10	30	24	221.000	129	0.80	37	0	2.94	7	37.05
1643107597	2	19	30	26	233.000	129	0.54	29	18	3.05	9	15.90
1643107624	1	11	15	26	200.000	122	0.61	62	26	2.88	24	9.88
1643107644	0	10	8	24	126.000	121	0.71	32	3	4.32	11	4.77
1643107664	1	20	15	32	206.000	124	0.65	42	28	3.00	8	9.87
1643107684	0	7	8	31	179.000	124	0.67	41	1	3.78	2	6.18
1643107704	2	11	30	24	158.000	125	0.83	41	1	4.82	23	18.38
1643107731	1	18	15	30	167.000	121	0.89	55	0	3.37	15	43.76
1643107751	0	10	8	37	144.000	123	0.80	64	0	2.98	16	49.46
1643107771	2	25	30	30	202.000	123	0.87	61	0	3.35	20	29.39
1643107791	2	24	30	30	210.000	124	0.77	51	0	3.29	20	44.66
1643107811	0	7	8	35	166.000	124	0.46	42	1	2.74	15	6.06
1643107838	1	15	15	35	178.000	126	0.66	53	1	3.11	22	17.06
1643107858	1	25	15	35	163.000	127	0.83	47	2	3.07	2	11.54
1643107878	2	12	30	25	204.000	127	0.86	99	27	2.62	20	15.91
1643107898	0	7	8	34	154.000	128	0.72	53	1	2.55	22	11.69
1643107918	1	15	15	32	179.000	128	0.81	36	1	3.33	4	15.75
1643107945	1	2	15	31	158.000	123	0.77	62	0	3.01	22	55.94
1643107965	0	5	8	26	129.000	124	0.73	39	2	2.85	13	5.17
1643107986	0	7	8	32	144.000	125	0.81	50	0	3.16	9	25.62
1643108006	0	9	8	33	141.000	125	0.48	24	40	2.98	11	3.83
1643108026	1	9	15	24	164.000	125	0.60	22	15	3.82	5	9.94
1643108053	0	5	8	26	128.000	122	0.75	41	0	3.29	3	23.86
1643108073	2	17	30	22	141.000	123	0.68	35	1	3.24	0	20.64
1643108093	0	10	8	31	124.000	124	0.73	40	4	3.16	14	4.51
1643108113	1	12	15	33	155.000	124	0.44	29	46	2.53	10	9.83
1643108133	0	8	8	28	176.000	125	0.46	32	1	2.94	14	5.25
1643108160	1	21	15	24	161.000	122	0.79	34	5	3.41	7	10.44
1643108180	2	14	30	27	177.000	124	0.65	27	7	3.06	4	16.14
1643108200	0	8	8	26	143.000	124	0.69	41	4	2.86	10	4.51
1643108220	1	7	15	29	144.000	125	0.58	54	3	2.94	5	10.43
1643108240	0	8	8	29	138.000	125	0.58	40	28	2.66	2	3.87
1643108267	0	8	8	32	133.000	127	0.43	40	10	2.83	18	3.95
1643108287	2	19	30	28	166.000	127	0.57	39	23	4.48	20	15.88
1643108307	2	16	30	25	183.000	128	0.85	63	3	3.20	11	16.87
1643108327	2	19	30	25	170.000	129	0.86	87	33	2.59	5	15.88
1643108347	0	7	8	37	129.000	130	0.79	75	1	2.88	16	6.63
1643108374	1	21	15	32	142.000	122	0.84	62	1	2.94	20	12.57
1643108394	0	8	8	39	147.000	123	0.58	51	0	2.89	17	11.08
1643108415	1	12	15	29	192.000	124	0.51	40	1	2.72	17	12.99
1643108435	2	37	30	26	180.000	124	0.69	44	4	3.73	15	16.43
1643108455	0	8	8	35	134.000	125	0.49	37	18	2.78	15	3.89
1643108482	1	16	15	33	164.000	127	0.92	58	0	3.74	15	36.72
1643108502	0	6	8	33	140.000	129	0.55	61	5	2.28	16	4.18
1643108522	2	33	30	29	192.000	129	0.77	55	1	2.74	7	22.95
1643108542	2	28	30	28	221.000	129	0.72	68	7	2.90	13	16.16
1643108562	0	11	8	32	138.000	130	0.74	40	2	2.85	12	5.48
1643108589	1	22	15	26	185.000	124	0.79	30	0	3.36	11	45.76
1643108609	1	14	15	25	158.000	126	0.52	28	17	3.49	6	9.90
1643108629	1	12	15	26	188.000	127	0.75	28	0	3.75	3	35.75
1643108649	0	7	8	31	136.000	127	0.76	39	0	3.26	15	37.76
1643108669	1	6	15	20	144.000	127	0.84	42	0	3.39	1	32.54
1643108696	1	17	15	26	184.000	122	0.82	30	0	3.38	11	32.86
1643108716	0	4	8	32	137.000	123	0.42	22	0	3.17	2	8.83
1643108736	0	7	8	26	146.000	124	0.65	27	2	3.08	8	5.15
1643108756	2	22	30	19	178.000	124	0.83	37	5	3.41	4	16.40
1643108776	0	9	8	30	141.000	124	0.91	38	1	3.28	3	8.86
1643108804	0	9	8	33	129.000	122	0.45	32	2	2.88	12	4.90
1643108824	1	5	15	32	115.000	122	0.69	38	20	3.22	11	9.92
1643108844	1	7	15	31	153.000	124	0.56	38	3	4.03	10	10.45
1643108864	0	10	8	36	153.000	124	0.49	42	17	3.02	12	3.89
1643108884	0	7	8	37	143.000	125	0.43	30	5	2.73	6	4.14
1643108911	0	11	8	30	140.000	122	0.80	43	2	4.36	12	5.39
1643108931	0	7	8	40	145.000	123	0.80	60	0	2.68	3	43.44
1643108951	1	7	15	35	128.000	124	0.70	72	1	2.74	17	12.81
1643108971	0	12	8	39	145.000	124	0.68	64	2	2.30	10	5.31
1643108991	1	10	15	37	142.000	125	0.85	57	0	3.10	3	47.20
1643109018	1	17	15	27	147.000	122	0.84	73	4	3.08	10	10.55
1643109038	0	11	8	35	146.000	123	0.85	59	0	2.82	11	48.76
1643109058	1	14	15	29	171.000	124	0.83	49	0	3.23	7	52.09
1643109078	1	13	15	27	166.000	125	0.89	78	4	3.35	9	10.57
1643109098	2	24	30	29	215.000	125	0.84	48	0	3.44	9	31.36
1643109125	1	13	15	27	173.000	122	0.85	37	0	3.37	12	35.54
1643109145	0	7	8	38	158.000	124	0.47	47	6	2.63	19	4.10
1643109165	2	11	30	23	223.000	124	0.80	34	2	3.21	7	17.33
1643109185	1	15	15	27	167.000	125	0.77	42	0	3.51	7	40.99
1643109205	1	18	15	24	158.000	125	0.66	17	2	4.41	2	11.10
1643109233	0	3	8	30	129.000	122	0.60	33	1	2.65	15	7.22
1643109253	1	7	15	31	135.000	123	0.81	25	4	2.85	1	10.58
1643109273	1	10	15	29	157.000	124	0.82	39	0	3.16	4	54.12
1643109293	0	6	8	27	153.000	125	0.65	24	1	2.97	3	8.00
1643109313	2	6	30	30	127.000	125	0.80	51	3	3.01	3	16.72
1643109340	2	30	30	22	229.000	122	0.88	28	2	3.37	9	17.42
1643109360	1	14	15	27	157.000	123	0.75	41	1	3.10	14	14.27
1643109380	1	12	15	26	156.000	124	0.83	31	3	2.80	4	10.93
1643109400	2	22	30	11	218.000	125	0.92	38	0	3.73	1	32.61
1643109420	1	15	15	29	131.000	125	0.64	46	10	3.55	10	10.01
1643109447	0	8	8	31	132.000	122	0.62	36	1	3.50	17	5.63
1643109467	0	12	8	32	135.000	123	0.48	48	6	2.68	19	4.07
1643109487	2	11	30	25	171.000	124	0.75	40	1	4.66	16	19.47
1643109507	2	13	30	24	131.000	125	0.74	25	5	4.19	7	16.32
1643109527	0	5	8	29	136.000	125	0.60	56	1	2.40	15	5.75
1643109554	2	7	30	27	212.000	122	0.88	70	5	2.72	21	16.54
1643109574	2	31	30	28	202.000	123	0.80	70	11	2.62	22	16.06
1643109594	1	13	15	32	178.000	124	0.83	61	0	3.08	17	54.44
1643109614	0	5	8	34	128.000	124	0.69	79	4	2.98	8	4.40
1643109635	0	7	8	37	133.000	125	0.73	66	0	2.33	22	46.67
1643109662	0	7	8	32	133.000	123	0.69	45	7	2.50	11	4.17
1643109682	1	12	15	32	164.000	124	0.85	85	5	3.01	20	10.46
1643109702	1	9	15	21	160.000	124	0.79	57	2	3.02	17	11.32
1643109722	2	23	30	27	192.000	125	0.73	49	1	3.32	17	19.96
1643109742	1	3	15	29	148.000	126	0.64	54	0	2.82	16	21.94
1643109769	2	15	30	26	159.000	126	0.89	48	2	2.97	13	18.35
1643109789	1	17	15	27	164.000	127	0.88	51	1	3.36	14	21.24
1643109809	2	17	30	26	192.000	128	0.44	20	12	4.34	15	15.92
1643109829	2	19	30	26	204.000	129	0.75	25	8	3.17	1	16.12
1643109849	0	2	8	27	125.000	129	0.74	42	3	2.99	9	4.64
1643109876	2	25	30	22	188.000	121	0.88	39	1	3.39	9	22.04
1643109896	2	27	30	19	171.000	122	0.61	45	20	2.90	11	15.90
1643109916	2	28	30	22	198.000	123	0.72	35	7	3.40	7	16.16
1643109936	1	11	15	22	182.000	124	0.69	30	11	2.79	12	10.02
1643109956	0	13	8	31	153.000	124	0.62	35	14	2.91	11	3.95
1643109983	1	11	15	27	166.000	123	0.68	39	10	2.71	8	10.05
1643110003	1	11	15	25	151.000	124	0.65	28	13	2.58	5	9.97
1643110023	1	11	15	27	149.000	124	0.67	44	11	3.40	5	10.02
1643110043	0	8	8	35	142.000	124	0.77	26	3	3.97	3	4.72
1643110064	0	9	8	33	139.000	125	0.53	39	4	3.05	13	4.24
1643110091	2	22	30	26	165.000	122	0.52	41	51	3.33	20	15.83
1643110111	1	9	15	25	166.000	123	0.76	57	0	3.74	8	22.13
1643110131	0	9	8	37	143.000	126	0.89	56	0	3.36	2	32.91
1643110151	0	6	8	36	138.000	126	0.78	70	1	2.77	3	6.43
1643110171	0	6	8	32	121.000	126	0.69	55	1	2.41	18	8.65
1643110198	0	7	8	36	157.000	127	0.59	61	4	2.38	22	4.34
1643110218	0	7	8	32	137.000	128	0.68	42	0	3.33	1	49.96
1643110238	0	8	8	33	140.000	129	0.73	70	0	2.26	9	18.13
1643110258	0	6	8	33	135.000	129	0.72	44	1	3.03	8	10.70
1643110278	2	28	30	27	196.000	129	0.90	62	1	3.65	9	25.46
1643110305	1	16	15	31	171.000	122	0.88	56	0	3.39	16	27.40
1643110325	1	12	15	25	158.000	124	0.79	48	0	3.44	16	26.16
1643110345	2	27	30	32	188.000	125	0.71	42	1	3.67	7	20.03
1643110365	2	15	30	27	165.000	125	0.69	39	0	3.89	8	26.42
1643110385	2	14	30	25	209.000	125	0.87	48	0	3.67	1	61.97
1643110412	1	12	15	26	164.000	127	0.54	25	4	4.98	15	10.27
1643110432	1	16	15	22	143.000	128	0.80	37	1	4.47	6	13.76
1643110452	0	6	8	26	136.000	128	0.79	34	0	3.56	7	19.16
1643110472	2	7	30	21	146.000	129	0.77	21	0	3.19	7	42.38
1643110493	2	15	30	25	179.000	129	0.86	36	0	3.67	6	34.38
1643110520	1	17	15	28	163.000	122	0.85	43	0	3.82	16	40.36
1643110540	1	16	15	26	150.000	123	0.78	33	2	3.23	11	11.11
1643110560	1	13	15	30	184.000	124	0.79	30	1	3.75	4	15.04
1643110580	2	4	30	26	163.000	124	0.87	35	0	3.16	6	27.93
1643110600	0	10	8	33	141.000	125	0.49	32	2	2.93	6	5.03
1643110627	2	11	30	25	170.000	131	0.80	41	6	3.37	12	16.33
1643110647	1	15	15	25	164.000	132	0.61	36	24	3.65	11	9.88
1643110667	1	12	15	27	157.000	133	0.71	47	2	3.97	8	11.49
1643110687	0	8	8	32	142.000	133	0.69	42	3	3.70	9	4.65
1643110707	2	20	30	26	172.000	134	0.78	32	6	4.74	7	16.26
1643110734	2	27	30	27	202.000	126	0.89	59	0	3.61	19	55.22
1643110754	2	34	30	26	185.000	127	0.84	75	6	3.37	21	16.33
1643110774	0	6	8	36	135.000	128	0.90	58	0	3.12	1	41.75
1643110794	0	9	8	39	127.000	129	0.56	59	8	2.45	22	4.06
1643110814	1	14	15	28	164.000	129	0.70	77	3	2.98	11	10.84
1643110841	0	11	8	38	146.000	122	0.70	59	0	2.66	20	22.02
1643110861	0	7	8	32	140.000	123	0.59	34	0	2.77	9	11.60
1643110881	2	7	30	37	156.000	124	0.75	78	4	2.68	23	16.61
1643110901	1	4	15	36	141.000	125	0.79	56	0	2.33	2	54.27
1643110921	0	7	8	35	144.000	125	0.67	42	2	2.46	14	5.21
1643110949	2	24	30	28	212.000	125	0.76	46	11	3.20	12	16.04
1643110969	2	19	30	25	171.000	126	0.69	31	4	3.22	11	16.45
1643110989	1	21	15	29	148.000	126	0.89	56	0	3.36	20	51.38
1643111009	1	24	15	29	166.000	127	0.62	25	12	3.46	8	9.98
1643111029	2	18	30	27	190.000	128	0.84	49	0	3.81	9	33.75
1643111056	0	14	8	28	138.000	123	0.71	20	1	3.12	7	9.67
1643111076	0	6	8	29	158.000	124	0.60	23	25	2.90	6	3.88
1643111096	0	8	8	30	148.000	124	0.58	28	7	3.35	7	4.07
1643111116	2	8	30	32	142.000	124	0.69	35	1	2.90	12	20.74
1643111136	1	7	15	30	152.000	124	0.58	28	23	2.24	4	9.88
1643111163	1	15	15	26	160.000	127	0.87	41	1	3.56	13	16.27
1643111183	1	7	15	23	149.000	128	0.76	24	2	3.47	7	11.95
1643111203	0	8	8	31	144.000	129	0.55	30	62	3.04	8	3.82
1643111223	1	13	15	25	158.000	129	0.77	38	1	3.42	12	13.03
1643111243	1	8	15	24	147.000	130	0.65	33	2	4.95	13	10.90
1643111270	2	28	30	26	175.000	122	0.70	42	3	4.31	20	16.82
1643111290	1	12	15	29	146.000	123	0.78	40	4	3.77	14	10.47
1643111310	0	3	8	28	141.000	124	0.81	32	4	5.15	4	4.54
1643111330	2	38	30	25	194.000	125	0.87	63	1	3.20	17	27.01
1643111351	2	31	30	26	243.000	125	0.87	73	3	3.47	18	16.77
1643111378	1	13	15	29	157.000	122	0.84	57	1	3.36	16	21.19
1643111398	1	16	15	27	144.000	124	0.80	54	0	3.21	8	53.56
1643111418	0	9	8	27	138.000	124	0.77	56	0	2.59	9	49.91
1643111438	2	28	30	28	221.000	125	0.95	65	0	3.68	5	60.63
1643111458	2	12	30	28	143.000	125	0.73	42	5	3.13	5	16.30
1643111485	1	14	15	30	156.000	122	0.82	59	0	3.28	23	35.34
1643111505	2	15	30	30	182.000	123	0.83	59	0	3.13	20	28.08
1643111525	0	7	8	26	145.000	125	0.64	40	8	2.61	14	4.07
1643111545	0	3	8	37	135.000	125	0.76	63	2	2.48	18	5.21
1643111565	1	8	15	26	172.000	125	0.78	40	3	2.92	9	10.67
1643111592	0	7	8	33	142.000	121	0.70	41	1	2.71	13	11.77
1643111612	0	10	8	33	136.000	123	0.43	26	2	3.31	12	4.48
1643111632	1	7	15	24	135.000	124	0.68	36	1	4.31	4	15.33
1643111652	2	7	30	30	138.000	125	0.66	40	30	2.91	10	15.87
1643111672	1	9	15	27	133.000	125	0.75	37	0	3.41	7	30.72
1643111699	1	18	15	25	167.000	128	0.59	25	1	3.20	8	12.55
1643111719	2	21	30	27	164.000	129	0.83	40	0	3.82	10	30.46
1643111739	0	7	8	30	136.000	129	0.66	32	21	2.83	10	3.90
1643111759	0	6	8	32	136.000	129	0.65	41	7	2.61	16	4.14
1643111780	0	9	8	33	141.000	130	0.73	38	0	2.95	13	21.35
1643111807	0	7	8	27	126.000	121	0.68	22	2	3.00	8	5.59
1643111827	0	5	8	31	127.000	123	0.60	41	17	3.45	15	3.92
1643111847	2	4	30	26	154.000	124	0.43	25	35	2.44	9	15.84
1643111867	0	8	8	36	124.000	124	0.54	41	6	2.72	12	4.11
1643111887	1	11	15	38	153.000	124	0.42	38	12	2.87	15	9.92
1643111914	1	16	15	21	183.000	122	0.81	45	2	3.93	6	11.97
1643111934	1	19	15	34	156.000	124	0.75	67	0	2.91	19	55.85
1643111954	0	11	8	36	141.000	124	0.77	72	2	3.05	21	5.44
1643111974	0	12	8	33	154.000	125	0.67	48	1	2.65	4	7.90
1643111994	0	10	8	34	156.000	125	0.55	53	0	2.96	4	11.05
1643112021	1	13	15	28	176.000	122	0.83	52	0	2.97	15	56.00
1643112041	2	20	30	27	221.000	123	0.83	53	1	3.15	1	22.55
1643112061	1	22	15	28	198.000	124	0.87	43	1	3.48	13	17.31
1643112081	0	8	8	33	151.000	124	0.73	52	0	2.38	22	26.62
1643112101	0	7	8	33	156.000	125	0.47	50	0	2.19	7	10.88
1643112128	2	25	30	29	198.000	122	0.63	43	22	3.22	21	15.89
1643112148	0	7	8	38	131.000	124	0.62	45	2	2.57	13	5.03
1643112168	2	35	30	22	232.000	125	0.77	46	9	2.61	14	16.10
1643112188	1	14	15	33	152.000	125	0.88	50	0	3.29	4	25.66
1643112209	1	15	15	27	174.000	125	0.59	20	20	3.83	2	9.90
1643112236	0	10	8	33	124.000	128	0.86	37	0	4.51	5	15.78
1643112256	2	14	30	25	147.000	130	0.80	31	3	3.58	9	16.96
1643112276	2	6	30	23	155.000	130	0.53	29	32	2.47	9	15.85
1643112296	2	17	30	27	170.000	131	0.70	31	3	3.89	13	16.75
1643112316	0	10	8	32	147.000	131	0.70	44	4	2.85	3	4.40
1643112343	2	12	30	24	159.000	124	0.69	17	1	2.93	4	18.41
1643112363	1	8	15	23	145.000	125	0.85	37	1	3.35	4	20.85
1643112383	1	15	15	26	158.000	125	0.67	40	2	3.45	7	11.09
1643112403	1	13	15	24	165.000	126	0.89	45	1	3.84	7	12.47
1643112423	1	28	15	26	143.000	126	0.65	30	33	3.70	6	9.86
1643112450	2	29	30	21	182.000	122	0.71	27	2	4.89	10	17.78
1643112470	1	16	15	27	157.000	124	0.73	46	2	4.08	13	11.70
1643112490	1	18	15	29	173.000	124	0.60	36	13	4.20	9	9.96
1643112510	2	34	30	23	237.000	125	0.97	61	0	3.60	0	62.00
1643112530	2	24	30	26	244.000	126	0.87	64	0	3.40	18	54.53
1643112557	0	7	8	35	150.000	122	0.77	66	20	2.87	19	3.93
1643112577	1	18	15	27	172.000	124	0.92	55	0	3.58	16	49.58
1643112597	2	23	30	26	233.000	125	0.70	43	9	3.36	17	16.07
1643112617	2	28	30	28	192.000	125	0.90	55	0	3.80	5	57.45
1643112638	1	18	15	30	144.000	125	0.83	63	0	2.94	21	55.79
1643112665	0	7	8	37	153.000	122	0.72	52	0	2.51	21	29.57
1643112685	1	13	15	39	143.000	123	0.79	85	5	2.72	20	10.44
1643112705	2	6	30	36	141.000	124	0.69	58	1	2.43	15	20.39
1643112725	2	5	30	33	167.000	125	0.45	44	9	2.51	12	15.98
1643112745	2	6	30	36	134.000	125	0.73	61	0	2.46	25	26.62
1643112772	0	9	8	32	137.000	127	0.73	31	1	3.00	10	8.86
1643112792	2	25	30	27	169.000	129	0.57	21	2	5.29	10	16.70
1643112812	1	18	15	25	184.000	130	0.56	24	34	3.71	9	9.85
1643112832	2	18	30	25	186.000	130	0.79	44	3	3.75	13	16.95
1643112852	2	10	30	25	162.000	131	0.84	34	0	3.98	1	48.25
1643112879	1	4	15	23	158.000	126	0.87	37	1	3.63	10	20.46
1643112899	2	5	30	23	155.000	127	0.68	30	8	2.90	12	16.11
1643112919	0	9	8	31	140.000	128	0.69	27	10	2.14	0	4.05
1643112939	0	8	8	23	142.000	128	0.69	28	1	2.72	11	8.35
1643112959	1	20	15	26	151.000	128	0.78	29	1	3.62	5	19.10
1643112986	0	9	8	33	148.000	122	0.69	24	1	3.14	8	6.06
1643113006	0	10	8	26	147.000	123	0.69	47	1	2.84	7	5.78
1643113026	2	12	30	25	162.000	124	0.67	25	5	4.30	10	16.33
1643113046	2	12	30	24	157.000	125	0.69	32	8	3.41	6	16.09
1643113067	0	4	8	32	138.000	125	0.46	49	3	2.46	13	4.29
1643113094	0	8	8	29	128.000	122	0.57	25	2	3.00	12	4.92
1643113114	0	5	8	39	138.000	123	0.74	69	1	3.11	14	9.53
1643113134	1	18	15	34	187.000	124	0.77	61	0	3.02	12	55.99
1643113154	1	14	15	34	160.000	125	0.71	82	1	3.14	16	14.01
1643113174	1	17	15	30	173.000	125	0.87	57	1	3.51	12	18.22
1643113201	0	8	8	35	155.000	128	0.51	46	5	2.56	16	4.17
1643113221	2	18	30	25	165.000	129	0.76	46	4	3.20	3	16.56
1643113241	1	15	15	32	190.000	129	0.67	45	1	3.32	16	11.92
1643113261	1	17	15	33	180.000	130	0.82	54	0	3.27	20	38.48
1643113281	0	8	8	35	157.000	131	0.41	56	4	2.49	21	4.15
1643113308	0	8	8	35	126.000	122	0.85	56	0	2.81	18	34.41
1643113328	0	8	8	39	150.000	124	0.65	53	1	2.27	24	6.86
1643113348	0	8	8	34	142.000	125	0.80	61	1	2.66	18	7.82
1643113368	0	8	8	29	150.000	125	0.82	52	1	2.99	7	10.71
1643113388	1	15	15	30	172.000	126	0.81	59	0	3.18	17	31.45
1643113415	1	8	15	25	154.000	131	0.66	20	2	4.22	8	11.37
1643113435	1	16	15	30	154.000	132	0.73	39	0	3.46	15	29.35
1643113455	0	8	8	32	140.000	132	0.81	43	1	2.63	4	6.78
1643113475	2	15	30	24	174.000	133	0.77	27	8	2.91	8	16.16
1643113496	2	11	30	25	169.000	133	0.47	25	39	2.59	8	15.84
1643113523	2	13	30	26	144.000	123	0.76	20	0	2.94	6	26.55
1643113543	2	14	30	24	149.000	125	0.87	52	2	3.51	15	17.36
1643113563	1	10	15	24	168.000	126	0.78	38	7	3.31	12	10.20
1643113583	0	10	8	22	126.000	126	0.74	29	0	3.48	7	13.51
1643113603	0	7	8	28	140.000	127	0.66	35	28	2.88	1	3.88
1643113630	0	4	8	30	148.000	127	0.59	21	1	5.23	6	7.23
1643113650	0	10	8	29	152.000	128	0.69	41	22	3.10	13	3.90
1643113670	1	16	15	34	171.000	129	0.75	41	1	4.10	13	13.30
1643113690	1	15	15	25	165.000	129	0.82	39	1	3.95	13	16.97
1643113710	1	14	15	22	154.000	130	0.71	71	1	3.55	18	13.51
1643113737	1	16	15	35	181.000	128	0.83	66	0	2.95	19	55.78
1643113757	1	13	15	33	152.000	128	0.84	60	1	2.96	17	15.39
1643113777	2	9	30	25	194.000	130	0.83	69	4	3.06	23	16.56
1643113797	1	14	15	32	180.000	131	0.79	55	2	3.14	12	11.23
1643113817	2	32	30	29	208.000	131	0.91	58	1	3.17	6	26.50
1643113844	1	15	15	30	172.000	128	0.86	43	0	3.41	13	42.84
1643113864	2	35	30	28	172.000	130	0.79	48	3	3.09	13	16.93
1643113884	2	17	30	26	216.000	130	0.94	71	1	2.52	18	21.87
1643113904	0	8	8	36	147.000	131	0.74	65	1	2.62	20	6.27
1643113925	1	14	15	33	159.000	132	0.67	55	1	3.05	13	13.83
1643113952	1	13	15	29	158.000	122	0.86	45	0	2.63	15	24.69
1643113972	1	14	15	28	179.000	123	0.73	38	0	3.34	6	39.93
1643113992	1	14	15	28	166.000	123	0.69	20	4	4.10	6	10.40
1643114012	1	13	15	23	155.000	124	0.73	23	5	3.84	3	10.40
1643114032	2	26	30	25	160.000	125	0.62	44	35	3.55	3	15.86
1643114059	2	11	30	23	156.000	122	0.77	34	1	3.44	13	19.69
1643114079	1	10	15	24	142.000	123	0.61	39	41	3.10	14	9.85
1643114099	1	13	15	24	146.000	123	0.65	38	0	3.91	14	20.43
1643114119	1	8	15	23	148.000	124	0.70	24	0	3.38	9	21.50
1643114139	0	9	8	24	156.000	124	0.71	25	4	2.98	4	4.41
1643114166	0	7	8	30	130.000	124	0.65	41	3	2.66	14	4.56
1643114186	1	22	15	30	146.000	125	0.63	42	6	3.43	7	10.18
1643114206	2	17	30	25	159.000	126	0.68	64	11	3.24	12	16.02
1643114226	0	9	8	27	149.000	126	0.69	29	12	3.40	5	4.00
1643114246	0	6	8	29	134.000	127	0.59	35	40	2.99	5	3.85
1643114273	0	10	8	33	152.000	122	0.52	43	25	6.54	13	3.87
1643114293	0	9	8	35	143.000	123	0.73	44	3	3.40	12	4.63
1643114313	2	30	30	27	212.000	124	0.66	49	8	3.61	2	16.10
1643114333	0	8	8	38	144.000	125	0.74	65	0	2.00	1	36.24
1643114354	1	5	15	30	163.000	125	0.77	72	1	2.91	17	14.26
1643114381	2	18	30	27	186.000	122	0.83	64	4	2.90	24	16.68
1643114401	1	19	15	28	147.000	123	0.71	74	0	3.14	15	56.00
1643114421	1	10	15	29	169.000	124	0.83	49	0	3.11	9	56.00
1643114441	1	11	15	27	151.000	125	0.79	45	8	3.16	15	10.13
1643114461	1	20	15	31	194.000	125	0.60	39	5	3.43	14	10.27
1643114488	1	19	15	30	176.000	123	0.78	56	2	4.02	9	11.47
1643114508	1	13	15	32	167.000	124	0.86	56	0	3.11	15	51.57
1643114528	2	29	30	27	204.000	125	0.84	61	0	3.63	14	37.21
1643114548	2	21	30	26	204.000	126	0.89	66	2	3.21	14	18.39
1643114568	0	7	8	33	137.000	126	0.70	32	3	2.91	9	4.73
1643114595	0	11	8	32	147.000	125	0.46	21	8	4.19	9	4.00
1643114615	2	0	30	16	100.000	126	0.73	35	0	3.68	10	38.29
1643114635	2	17	30	26	202.000	126	0.71	40	1	4.12	3	23.97
1643114655	2	14	30	25	155.000	127	0.86	44	2	3.13	3	17.59
1643114675	1	12	15	24	143.000	127	0.81	38	12	2.98	5	10.04
1643114702	1	7	15	26	151.000	122	0.85	54	3	3.11	14	10.94
1643114722	2	15	30	25	153.000	123	0.81	43	3	3.40	9	16.93
1643114742	0	8	8	31	153.000	123	0.71	34	2	3.13	3	5.12
1643114763	0	9	8	31	138.000	124	0.75	37	1	3.03	5	11.38
1643114783	0	10	8	33	152.000	125	0.65	29	4	2.61	11	4.48
1643114810	1	16	15	31	152.000	122	0.70	56	0	3.39	21	20.20
1643114830	0	8	8	25	125.000	124	0.60	34	4	3.59	14	4.34
1643114850	1	18	15	28	155.000	124	0.45	28	45	2.95	11	9.83
1643114870	2	24	30	25	183.000	125	0.56	41	17	3.62	19	15.91
1643114890	1	14	15	24	145.000	125	0.77	38	1	4.10	21	16.31
1643114917	0	7	8	36	148.000	121	0.70	52	0	2.81	23	16.27
1643114937	1	5	15	36	129.000	123	0.71	69	1	2.74	17	13.47
1643114957	0	8	8	36	130.000	123	0.67	60	2	2.43	17	5.28
1643114977	1	9	15	31	150.000	124	0.74	52	0	2.74	6	44.41
1643114997	1	8	15	38	138.000	125	0.52	47	2	2.56	13	10.59
1643115024	2	36	30	29	231.000	132	0.79	33	1	3.37	9	19.41
1643115044	2	25	30	28	192.000	133	0.70	44	11	3.42	15	16.03
1643115064	1	16	15	31	181.000	133	0.79	85	7	2.94	15	10.21
1643115084	2	35	30	29	227.000	134	0.89	58	1	3.83	5	28.41
1643115104	2	26	30	28	182.000	134	0.89	58	2	3.17	14	17.94
1643115131	0	10	8	39	142.000	122	0.56	56	1	2.23	23	5.98
1643115151	0	5	8	33	122.000	124	0.76	42	1	3.08	13	9.85
1643115171	2	9	30	32	161.000	124	0.80	54	0	3.19	5	48.15
1643115192	1	5	15	33	138.000	124	0.39	18	23	2.95	7	9.85
1643115212	1	8	15	32	138.000	125	0.46	22	24	3.02	1	9.86
1643115239	1	17	15	27	144.000	121	0.87	41	0	3.74	3	34.39
1643115259	1	12	15	22	171.000	123	0.87	37	0	3.90	4	36.22
1643115279	1	14	15	26	164.000	123	0.61	28	16	2.68	8	9.93
1643115299	1	12	15	27	172.000	123	0.85	50	1	3.65	8	13.43
1643115319	2	13	30	24	162.000	124	0.88	43	1	3.66	11	25.47
1643115346	1	19	15	21	188.000	121	0.76	25	3	3.66	5	10.77
1643115366	0	7	8	32	151.000	123	0.70	33	1	2.76	5	8.15
1643115386	1	17	15	23	168.000	124	0.81	39	4	2.72	3	10.61
1643115406	2	37	30	21	186.000	124	0.76	47	4	3.50	8	16.51
1643115426	2	21	30	26	196.000	125	0.70	33	3	4.24	12	16.69
1643115453	1	19	15	28	176.000	123	0.63	42	1	3.50	19	12.52
1643115473	1	16	15	30	145.000	123	0.70	45	3	3.19	3	10.58
1643115493	2	27	30	26	210.000	124	0.85	47	2	4.66	9	17.23
1643115513	1	19	15	31	166.000	125	0.80	79	22	2.97	10	9.92
1643115533	1	13	15	34	155.000	125	0.87	67	0	2.91	12	47.66
1643115560	1	12	15	31	148.000	122	0.77	52	0	3.33	11	55.94
1643115580	0	11	8	33	140.000	123	0.69	56	1	2.56	18	11.76
1643115600	2	33	30	24	223.000	124	0.83	55	1	3.17	9	20.03
1643115620	2	13	30	28	143.000	125	0.85	66	1	3.36	19	23.16
1643115641	1	16	15	30	190.000	125	0.82	61	0	3.20	22	48.43
1643115668	1	17	15	30	176.000	123	0.91	76	4	3.33	8	10.74
1643115688	2	19	30	27	189.000	124	0.77	61	0	3.63	15	54.18
1643115708	2	14	30	26	221.000	125	0.76	47	2	3.19	10	17.77
1643115728	2	11	30	27	166.000	125	0.72	60	5	3.35	0	16.34
1643115748	2	22	30	26	206.000	125	0.84	80	5	2.64	11	16.38
1643115775	2	42	30	20	249.000	122	0.71	31	2	4.03	18	17.32
1643115795	2	7	30	22	212.000	126	0.60	20	4	5.47	8	16.37
1643115815	2	13	30	22	192.000	127	0.69	23	8	3.61	9	16.10
1643115835	1	14	15	25	188.000	128	0.77	45	6	2.95	6	10.23
1643115855	0	6	8	31	167.000	128	0.84	36	0	3.66	8	15.72
1643115882	1	14	15	25	198.000	123	0.85	41	1	3.42	13	13.32
1643115902	2	19	30	27	220.000	124	0.48	29	27	3.33	12	15.86
1643115922	0	7	8	32	247.000	125	0.48	29	27	3.33	12	3.86
1643115942	1	10	15	25	185.000	125	0.81	33	1	3.61	14	17.36
1643115962	2	14	30	24	222.000	125	0.78	32	1	3.76	9	22.41
1643115989	1	21	15	26	196.000	126	0.86	34	0	3.91	2	21.88
1643116009	1	23	15	31	200.000	127	0.59	35	64	2.71	9	9.82
1643116029	1	15	15	26	180.000	128	0.76	26	1	4.15	7	12.03
1643116050	2	23	30	27	259.000	128	0.53	35	24	3.41	16	15.87
1643116070	1	15	15	31	234.000	129	0.67	44	11	4.32	17	10.01
1643116097	0	8	8	27	126.000	122	0.80	43	2	4.36	12	5.39
1643116117	1	7	15	35	253.000	123	0.75	77	1	3.18	1	12.02
1643116137	1	5	15	38	151.000	124	0.67	65	0	2.40	19	44.02
1643116157	0	6	8	37	246.000	124	0.77	72	1	2.88	16	7.84
1643116177	1	10	15	35	224.000	125	0.70	57	1	2.38	4	12.68
1643116204	1	14	15	26	234.000	122	0.69	76	2	3.10	17	11.30
1643116224	0	7	8	37	162.000	123	0.87	43	0	3.29	9	49.76
1643116244	2	21	30	25	180.000	124	0.77	45	3	3.40	14	16.76
1643116264	0	9	8	33	153.000	125	0.65	44	2	2.81	13	5.61
1643116284	0	8	8	37	157.000	125	0.54	40	3	2.88	4	4.38
1643116311	1	12	15	35	214.000	127	0.73	34	1	3.37	13	12.50
1643116331	1	13	15	32	186.000	129	0.68	50	5	3.48	17	10.27
1643116351	0	8	8	30	152.000	130	0.75	29	0	2.61	9	14.57
1643116371	2	4	30	27	220.000	130	0.73	32	1	2.97	11	22.19
1643116391	1	14	15	25	156.000	130	0.50	24	22	3.09	1	9.88
1643116418	2	17	30	22	235.000	122	0.82	56	3	3.34	21	16.75
1643116438	1	13	15	23	210.000	124	0.90	40	0	3.49	6	25.87
1643116459	2	37	30	11	241.000	124	0.90	42	3	3.31	14	17.25
1643116479	2	20	30	22	202.000	121	0.85	48	7	2.89	14	16.25
1643116499	1	12	15	29	200.000	124	0.71	25	4	3.13	10	10.51
1643116526	1	15	15	23	166.000	122	0.86	26	1	3.64	9	19.85
1643116546	0	6	8	29	148.000	123	0.88	45	0	3.77	14	21.03
1643116566	2	30	30	23	262.000	124	0.62	28	5	3.14	2	16.26
1643116586	2	13	30	23	200.000	124	0.82	36	2	3.85	2	17.30
1643116606	0	7	8	36	146.000	124	0.76	21	2	2.93	8	5.24
1643116633	0	6	8	32	135.000	122	0.62	36	1	3.57	17	5.55
1643116653	1	8	15	33	160.000	123	0.75	49	10	3.21	16	10.08
1643116673	2	6	30	34	128.000	124	0.47	39	2	2.55	17	16.63
1643116693	2	6	30	33	138.000	125	0.63	40	4	2.80	22	16.37
1643116713	1	9	15	35	184.000	125	0.72	85	1	3.20	22	11.91
1643116740	2	23	30	25	258.000	127	0.85	71	2	3.14	17	17.30
1643116760	1	14	15	35	208.000	128	0.82	59	1	3.61	21	14.12
1643116780	0	11	8	33	123.000	128	0.59	51	0	2.81	16	11.31
1643116800	2	17	30	25	224.000	129	0.47	35	2	2.71	17	16.96
1643116820	1	14	15	35	191.000	129	0.81	62	0	3.02	17	40.74
1643116847	0	3	8	31	152.000	122	0.65	46	4	2.63	16	4.36
1643116867	2	32	30	28	255.000	124	0.73	52	0	2.48	21	34.35
1643116888	1	13	15	33	202.000	125	0.60	61	1	2.90	13	13.97
1643116908	2	17	30	26	225.000	125	0.87	55	1	3.11	3	21.64
1643116928	0	8	8	38	140.000	126	0.51	53	7	2.22	16	4.05
1643116955	2	17	30	26	187.000	122	0.85	36	1	3.47	14	21.14
1643116975	1	14	15	29	242.000	123	0.78	59	0	2.89	15	30.28
1643116995	1	31	15	28	198.000	124	0.67	20	1	3.80	4	12.06
1643117015	1	19	15	29	214.000	125	0.59	21	15	3.73	11	9.93
1643117035	1	18	15	27	182.000	125	0.80	47	5	2.83	9	10.41
1643117062	1	27	15	22	200.000	121	0.85	36	0	3.69	9	37.20
1643117082	1	11	15	23	194.000	123	0.79	38	2	3.79	10	11.08
1643117102	1	15	15	30	156.000	123	0.50	25	2	3.42	6	10.89
1643117122	2	13	30	25	194.000	124	0.69	27	4	3.32	3	16.53
1643117142	0	10	8	26	139.000	124	0.84	38	7	2.78	2	4.21
1643117169	2	15	30	26	227.000	127	0.70	32	1	3.52	9	22.82
1643117189	0	6	8	32	182.000	128	0.64	37	19	3.46	7	3.91
1643117209	1	16	15	27	226.000	129	0.60	26	17	3.18	3	9.92
1643117229	2	16	30	25	168.000	129	0.73	38	5	4.21	6	16.30
1643117249	2	19	30	27	255.000	130	0.54	26	35	3.19	9	15.85
1643117276	2	21	30	29	218.000	127	0.56	58	29	2.76	20	15.86
1643117297	1	13	15	29	226.000	128	0.81	48	0	3.83	2	21.49
1643117317	0	6	8	41	128.000	129	0.68	62	1	2.35	19	11.18
1643117337	0	4	8	32	174.000	130	0.72	67	1	2.59	19	8.89
1643117357	1	18	15	32	250.000	130	0.55	84	4	2.98	21	10.37
1643117384	0	12	8	40	181.000	122	0.62	61	1	2.50	23	7.77
1643117404	1	6	15	33	170.000	123	0.57	74	8	2.81	14	10.05
1643117424	1	9	15	38	152.000	124	0.83	58	0	2.69	5	54.92
1643117444	1	6	15	34	129.000	125	0.50	35	2	2.69	13	10.66
1643117464	1	6	15	34	156.000	125	0.64	44	0	2.74	12	24.10
1643117491	2	15	30	26	253.000	126	0.80	51	1	3.35	11	18.75
1643117511	1	18	15	31	208.000	128	0.89	55	4	2.80	3	10.64
1643117531	0	6	8	32	143.000	129	0.63	44	5	3.18	13	4.31
1643117551	0	7	8	35	166.000	129	0.39	27	6	2.68	2	4.02
1643117571	2	21	30	26	216.000	129	0.81	54	1	2.89	7	19.14
1643117598	1	14	15	27	200.000	127	0.50	40	74	3.15	18	9.82
1643117618	0	8	8	25	157.000	128	0.44	12	2	3.50	8	4.48
1643117638	0	6	8	28	114.000	129	0.78	37	2	3.28	9	6.08
1643117658	2	13	30	25	210.000	130	0.90	40	0	3.42	3	55.64
1643117678	0	9	8	23	178.000	130	0.54	23	36	2.42	3	3.85
1643117705	1	18	15	28	200.000	126	0.49	25	2	3.62	9	11.04
1643117726	0	6	8	29	198.000	128	0.85	42	13	3.34	8	4.03
1643117746	0	10	8	33	194.000	128	0.70	24	6	3.03	6	4.22
1643117766	2	25	30	27	180.000	128	0.69	33	1	3.49	10	19.22
1643117786	0	6	8	31	160.000	129	0.84	39	3	3.64	0	5.05
1643117813	1	18	15	27	220.000	122	0.68	35	7	3.67	3	10.16
1643117833	1	14	15	24	184.000	123	0.66	35	2	4.72	16	11.55
1643117853	1	6	15	27	153.000	124	0.70	39	4	3.81	4	10.54
1643117873	1	20	15	35	194.000	124	0.53	40	51	3.29	16	9.83
1643117893	0	3	8	26	135.000	124	0.83	38	1	4.36	0	8.86
1643117920	1	6	15	32	188.000	123	0.73	70	2	3.18	15	10.99
1643117940	2	5	30	29	152.000	123	0.77	76	26	3.03	3	15.90
1643117960	1	14	15	34	204.000	123	0.68	52	0	3.39	2	37.48
1643117980	2	19	30	33	186.000	124	0.83	64	0	2.99	15	59.77
