1643374520	1	16	15	26	245	124	2	0.66	24	1	3.13	9	15.17
1643374540	2	31	30	25	244	122	2	0.88	40	1	3.95	15	22.58
1643374560	2	8	30	23	198	122	2	0.82	31	0	3.35	11	27.07
1643374580	1	11	15	29	246	124	2	0.73	37	22	2.98	12	9.91
1643374600	1	15	15	27	258	123	2	0.81	41	4	3.25	14	10.51
1643374628	2	17	30	18	268	122	3	0.86	45	4	3.38	11	16.56
1643374648	0	12	8	24	158	132	3	0.80	30	3	4.27	5	5.01
1643374668	0	7	8	32	200	133	3	0.55	20	11	3.34	7	3.97
1643374688	2	17	30	26	251	134	3	0.52	37	3	2.99	8	16.53
1643374708	1	12	15	26	250	134	3	0.83	44	5	3.08	6	10.38
1643374735	2	19	30	30	256	123	7	0.79	73	4	3.15	24	16.61
1643374755	1	11	15	33	206	122	7	0.83	66	0	2.94	19	55.91
1643374775	1	15	15	32	252	123	7	0.84	73	1	3.29	14	14.84
1643374795	2	11	30	28	208	124	7	0.88	58	0	3.56	11	31.20
1643374815	0	10	8	32	122	124	7	0.73	58	0	2.79	6	44.82
1643374842	2	28	30	26	258	122	2	0.55	83	1	3.17	3	17.36
1643374862	0	9	8	33	216	123	2	0.91	68	0	3.01	17	22.06
1643374882	1	16	15	28	212	124	2	0.55	37	26	2.75	14	9.87
1643374902	0	10	8	35	160	125	2	0.70	56	1	2.69	18	11.62
1643374922	0	4	8	33	182	125	2	0.67	56	6	2.58	10	4.22
1643374949	1	15	15	33	161	121	6	0.77	48	0	3.25	5	24.58
1643374969	1	14	15	32	220	124	6	0.85	67	0	3.04	16	39.67
1643374989	0	9	8	28	196	124	6	0.68	39	0	3.94	10	12.67
1643375009	2	27	30	26	227	125	6	0.80	50	0	3.26	8	43.97
1643375029	1	13	15	26	222	123	6	0.62	20	1	3.91	8	13.09
1643375057	0	7	8	32	198	126	4	0.67	44	1	3.08	12	11.52
1643375077	2	13	30	25	231	127	4	0.49	19	1	2.64	5	17.42
1643375097	1	18	15	26	214	128	4	0.88	37	0	3.88	7	33.86
1643375117	0	5	8	30	147	128	4	0.45	28	39	2.41	8	3.83
1643375137	2	10	30	26	212	128	4	0.78	44	4	3.59	18	16.53
1643375164	2	18	30	25	239	127	1	0.85	50	4	3.39	14	16.58
1643375184	1	19	15	26	248	128	1	0.82	50	5	2.47	16	10.37
1643375204	2	9	30	23	210	129	1	0.66	33	1	3.34	9	21.34
1643375224	2	20	30	25	250	131	1	0.59	36	24	3.25	8	15.88
1643375244	1	9	15	24	256	124	1	0.58	37	40	2.81	10	9.84
1643375271	1	20	15	28	210	122	6	0.86	44	1	4.79	16	13.87
1643375291	1	15	15	29	192	124	6	0.66	41	2	4.02	9	11.38
1643375311	0	7	8	28	127	124	6	0.71	40	5	3.36	13	4.30
1643375331	0	3	8	38	138	125	6	0.67	49	1	3.96	2	9.91
1643375351	0	8	8	39	148	125	6	0.65	58	1	2.46	13	9.39
1643375378	2	30	30	28	239	122	4	0.66	51	25	3.51	16	15.89
1643375398	1	23	15	27	242	122	4	0.90	57	1	3.02	12	19.09
1643375418	0	7	8	37	178	124	4	0.81	57	0	3.20	14	46.92
1643375439	0	10	8	33	155	124	4	0.71	44	0	2.79	7	17.14
1643375459	0	5	8	33	183	124	4	0.68	61	0	2.51	1	50.00
1643375486	2	18	30	28	246	126	1	0.71	44	3	2.57	11	16.79
1643375506	1	12	15	31	249	123	1	0.90	49	1	3.32	19	15.26
1643375526	0	5	8	31	144	124	1	0.78	55	1	2.44	24	9.46
1643375546	0	6	8	43	160	125	1	0.48	44	27	2.33	20	3.86
1643375566	1	19	15	34	237	126	1	0.82	63	1	2.86	14	16.87
1643375593	1	11	15	29	223	122	4	0.84	54	1	3.51	5	18.28
1643375613	1	8	15	26	212	124	4	0.87	50	0	3.38	17	24.53
1643375633	2	13	30	24	217	128	4	0.62	31	19	4.49	4	15.91
1643375653	0	9	8	33	140	128	4	0.66	44	1	2.99	13	7.01
1643375673	2	19	30	25	222	129	4	0.86	33	1	3.73	3	23.49
1643375700	2	16	30	25	169	122	10	0.69	34	10	3.21	10	16.04
1643375720	2	19	30	27	255	123	10	0.63	30	18	2.62	12	15.92
1643375740	2	11	30	25	200	124	10	0.84	38	3	3.60	8	17.12
1643375760	0	11	8	28	192	124	10	0.68	19	12	2.83	6	3.99
1643375780	2	9	30	25	214	124	10	0.65	42	7	2.55	12	16.12
1643375807	0	4	8	29	168	122	7	0.53	33	2	3.16	9	5.05
1643375828	2	8	30	29	180	123	7	0.63	21	0	2.51	3	23.70
1643375848	2	10	30	32	210	124	7	0.52	32	6	3.02	6	16.14
1643375868	2	6	30	29	214	125	7	0.60	38	11	3.18	15	16.00
1643375888	2	6	30	33	138	125	7	0.61	40	1	3.00	14	17.55
1643375915	2	29	30	23	266	122	8	0.68	26	16	3.75	10	15.94
1643375935	1	6	15	26	206	124	8	0.72	45	1	3.97	16	17.11
1643375955	2	31	30	31	262	125	8	0.89	91	1	2.59	22	21.08
1643375975	1	12	15	32	237	125	8	0.82	83	1	3.16	16	17.02
1643375995	0	9	8	32	164	127	8	0.81	56	0	3.18	11	27.99
1643376022	1	12	15	27	206	122	3	0.71	62	7	3.21	14	10.16
1643376042	0	5	8	29	186	123	3	0.86	54	0	3.17	10	49.87
1643376062	0	9	8	33	184	123	3	0.85	61	0	2.84	15	47.36
1643376082	0	7	8	35	206	124	3	0.52	44	19	2.63	18	3.89
1643376102	2	19	30	22	236	125	3	0.82	70	5	2.97	17	16.42
1643376129	2	22	30	29	231	122	8	0.88	53	0	3.17	17	32.79
1643376149	2	24	30	29	254	124	8	0.67	50	32	3.14	15	15.87
1643376169	1	15	15	28	223	123	8	0.89	64	1	3.55	22	20.09
1643376189	1	13	15	28	202	123	8	0.87	51	0	3.75	2	29.97
1643376209	0	5	8	28	164	123	8	0.70	37	1	2.79	11	9.19
1643376237	2	78	30	13	192	123	7	0.27	22	44	2.91	14	15.81
1643376257	1	14	15	29	162	121	7	0.83	42	0	3.49	14	26.87
1643376277	0	4	8	26	185	122	7	0.75	34	0	3.75	1	14.60
1643376297	1	23	15	16	270	123	7	0.76	37	0	3.58	5	38.24
1643376317	0	5	8	30	138	123	7	0.59	31	11	3.13	12	3.99
1643376344	2	20	30	26	236	123	2	0.71	20	1	2.87	6	20.37
1643376364	2	18	30	26	231	124	2	0.60	19	14	2.65	7	15.95
1643376384	1	14	15	27	183	125	2	0.81	40	5	3.35	14	10.47
1643376404	2	20	30	25	228	126	2	0.53	30	38	2.19	8	15.84
1643376424	0	8	8	29	222	126	2	0.90	42	3	3.68	3	4.82
1643376451	1	27	15	24	176	122	8	0.77	27	1	4.11	7	12.33
1643376471	2	14	30	27	237	123	8	0.72	38	3	3.51	12	16.59
1643376491	1	18	15	32	178	124	8	0.65	40	1	3.83	12	12.52
1643376511	2	15	30	23	198	125	8	0.79	40	2	3.70	14	17.38
1643376531	0	8	8	34	183	126	8	0.90	60	0	3.69	10	26.44
1643376558	1	14	15	34	235	128	5	0.83	71	1	3.17	17	15.65
1643376578	0	4	8	33	210	123	5	0.83	71	1	3.17	17	9.65
1643376598	1	14	15	35	214	123	5	0.88	57	2	3.48	13	11.29
1643376618	1	4	15	29	233	124	5	0.87	57	0	3.15	3	56.00
1643376638	1	15	15	26	239	124	5	0.90	56	0	3.75	1	54.96
1643376666	2	14	30	25	249	123	3	0.80	59	2	3.48	17	17.94
1643376686	1	15	15	28	248	124	3	0.82	48	1	3.44	10	12.43
1643376706	0	3	8	32	142	124	3	0.89	56	0	3.26	15	26.64
1643376726	2	31	30	29	249	125	3	0.88	51	0	3.60	13	60.02
1643376746	1	16	15	33	239	126	3	0.74	42	1	3.66	19	16.78
1643376773	0	9	8	31	145	122	2	0.74	38	1	2.97	14	6.95
1643376793	1	7	15	32	190	123	2	0.83	53	1	2.97	4	13.63
1643376813	1	5	15	32	206	123	2	0.40	26	24	3.17	9	9.85
1643376833	1	10	15	30	191	124	2	0.46	21	42	2.63	7	9.83
1643376853	2	8	30	32	204	125	2	0.76	37	1	3.55	15	22.33
1643376880	2	9	30	21	156	126	2	0.89	39	0	3.47	2	60.85
1643376900	0	10	8	31	180	127	2	0.71	24	6	2.90	10	4.27
1643376920	2	17	30	25	236	128	2	0.36	36	56	2.95	12	15.82
1643376940	0	8	8	29	198	123	2	0.86	43	0	3.95	16	37.80
1643376960	2	24	30	26	214	123	2	0.81	31	0	3.64	11	27.80
1643376987	2	20	30	26	233	121	1	0.86	36	0	3.78	11	34.82
1643377007	2	13	30	24	228	123	1	0.61	30	20	3.09	10	15.90
1643377027	2	29	30	27	192	124	1	0.68	51	8	3.68	19	16.12
1643377048	0	8	8	32	142	124	1	0.76	38	11	3.24	6	4.04
1643377068	2	15	30	24	256	124	1	0.50	36	13	3.60	3	15.93
1643377095	1	18	15	27	226	126	7	0.70	41	2	3.84	16	11.24
1643377115	1	16	15	26	217	128	7	0.70	40	10	3.01	14	10.04
1643377135	0	10	8	32	143	129	7	0.67	55	3	2.63	21	4.58
1643377155	1	15	15	32	206	129	7	0.87	76	0	2.74	19	56.00
1643377175	1	13	15	35	234	129	7	0.72	73	1	3.12	22	16.06
1643377202	0	10	8	33	167	122	8	0.72	53	0	2.72	15	31.18
1643377222	1	17	15	31	235	123	8	0.48	42	1	2.65	15	11.87
1643377242	0	4	8	33	214	123	8	0.82	57	0	2.96	14	19.08
1643377262	2	28	30	27	234	124	8	0.75	34	0	3.81	5	50.86
1643377282	0	9	8	34	186	124	8	0.74	50	1	2.44	7	11.88
1643377309	1	14	15	33	194	122	8	0.77	49	0	3.00	10	29.48
1643377329	1	19	15	30	215	124	8	0.84	56	1	3.04	26	18.26
1643377349	0	7	8	39	192	125	8	0.79	49	1	3.47	16	13.51
1643377369	1	14	15	27	202	125	8	0.83	29	1	3.04	12	13.34
1643377389	0	7	8	32	186	125	8	0.80	32	1	3.38	11	13.26
1643377416	2	15	30	26	212	127	9	0.56	17	5	3.86	4	16.19
1643377437	0	12	8	33	182	128	9	0.67	20	2	4.10	7	4.94
1643377457	1	21	15	27	176	128	9	0.83	41	2	3.55	0	11.29
1643377477	1	12	15	25	210	129	9	0.78	30	1	3.70	12	15.28
1643377497	2	15	30	25	217	129	9	0.70	29	18	2.92	10	15.94
1643377524	1	17	15	28	215	121	9	0.75	47	2	3.64	16	11.14
1643377544	1	14	15	25	208	123	9	0.72	20	3	2.83	3	10.72
1643377564	1	15	15	21	156	123	9	0.66	38	11	2.90	10	10.02
1643377584	2	18	30	25	235	123	9	0.82	37	1	3.34	12	21.15
1643377604	0	8	8	27	177	125	9	0.75	30	1	3.44	9	7.76
1643377631	1	14	15	26	175	122	7	0.78	46	4	3.17	16	10.57
1643377651	1	19	15	26	210	123	7	0.81	55	6	3.32	11	10.29
1643377671	0	8	8	35	185	124	7	0.59	30	3	4.54	13	4.61
1643377691	1	19	15	30	235	125	7	0.72	41	3	3.74	8	10.86
1643377711	2	29	30	22	262	125	7	0.71	23	5	4.23	10	16.33
1643377738	1	16	15	33	198	122	10	0.76	49	1	3.19	18	19.32
1643377758	0	11	8	36	192	123	10	0.83	65	1	2.80	8	12.92
1643377778	1	21	15	32	216	123	10	0.59	65	1	2.35	15	15.05
1643377798	1	18	15	32	162	124	10	0.84	57	0	3.28	17	53.18
1643377819	2	21	30	27	244	124	10	0.73	46	0	3.40	3	44.28
1643377846	2	31	30	29	250	123	8	0.91	72	2	3.26	22	18.43
1643377866	0	4	8	32	163	122	8	0.66	58	7	2.97	17	4.15
1643377886	1	15	15	29	233	123	8	0.64	49	2	2.48	3	10.98
1643377906	0	9	8	38	147	124	8	0.49	54	3	2.33	18	4.50
1643377926	1	17	15	31	228	125	8	0.86	56	1	3.04	26	16.19
1643377953	1	11	15	27	243	125	6	0.51	49	1	3.66	11	11.61
1643377973	0	10	8	33	158	126	6	0.76	49	1	3.14	10	6.19
1643377993	1	3	15	27	232	126	6	0.66	35	10	2.64	11	10.04
1643378013	0	9	8	28	125	127	6	0.42	21	11	4.14	12	3.93
1643378033	0	19	8	26	134	127	6	0.47	19	48	2.93	4	3.83
1643378060	1	14	15	24	177	127	6	0.83	36	1	3.60	8	15.31
1643378080	2	9	30	22	233	128	6	0.83	42	2	3.33	2	17.84
1643378100	1	11	15	25	212	129	6	0.77	17	4	2.78	5	10.45
1643378120	2	9	30	26	188	129	6	0.78	37	0	4.14	2	27.59
1643378140	1	21	15	25	254	129	6	0.75	20	0	2.96	6	20.74
1643378167	2	14	30	24	235	122	8	0.75	45	14	2.91	15	15.99
1643378187	0	5	8	32	173	123	8	0.81	43	10	3.09	16	4.08
1643378208	1	16	15	24	224	124	8	0.52	29	15	2.87	7	9.92
1643378228	2	28	30	24	217	124	8	0.72	52	12	3.62	16	16.00
1643378248	1	11	15	25	208	127	8	0.78	38	1	4.51	14	13.21
1643378275	0	9	8	32	160	124	6	0.57	38	9	2.86	15	4.02
1643378295	2	24	30	28	234	125	6	0.28	38	25	2.51	14	15.83
1643378315	1	7	15	23	146	126	6	0.90	68	1	2.98	12	13.77
1643378335	1	17	15	27	215	127	6	0.83	53	0	3.30	15	34.39
1643378355	2	34	30	29	267	127	6	0.79	66	0	2.91	11	53.42
1643378382	1	16	15	32	250	129	1	0.80	82	44	3.27	20	9.86
1643378402	1	56	15	31	258	134	1	0.90	58	1	3.47	14	16.05
1643378422	2	20	30	28	202	125	1	0.85	71	0	3.21	4	33.68
1643378442	0	7	8	39	204	126	1	0.84	46	3	2.96	16	5.12
1643378462	0	6	8	40	184	126	1	0.71	61	0	2.44	14	24.47
1643378489	1	15	15	33	177	122	2	0.85	91	4	3.18	22	10.61
1643378509	2	11	30	21	230	124	2	0.74	51	0	3.19	25	29.26
1643378529	2	29	30	28	244	127	2	0.69	46	4	3.48	19	16.47
1643378549	1	9	15	28	208	130	2	0.80	47	0	3.71	8	28.93
1643378569	1	13	15	27	208	130	2	0.91	69	0	3.41	1	42.86
1643378597	0	3	8	32	192	125	2	0.80	35	2	2.96	10	6.03
1643378617	2	13	30	24	219	127	2	0.45	20	9	3.91	9	15.98
1643378637	1	11	15	26	234	127	2	0.56	22	21	4.03	4	9.89
1643378657	1	9	15	21	185	127	2	0.83	41	1	3.57	1	13.25
1643378677	0	6	8	21	170	128	2	0.75	31	1	3.58	13	7.13
1643378704	0	10	8	30	165	125	9	0.68	30	0	2.97	11	12.76
1643378724	1	10	15	23	198	126	9	0.72	51	5	2.75	10	10.39
1643378744	2	13	30	25	150	126	9	0.79	28	0	3.30	11	28.10
1643378764	0	10	8	30	179	126	9	0.60	19	1	2.79	7	6.31
1643378784	0	7	8	29	178	127	9	0.41	24	37	2.67	7	3.83
1643378811	2	14	30	26	208	130	7	0.66	32	1	3.76	12	23.60
1643378831	2	14	30	26	222	131	7	0.78	47	1	3.61	8	18.75
1643378851	2	13	30	24	226	132	7	0.63	32	2	4.93	12	17.12
1643378871	1	16	15	28	209	132	7	0.77	53	4	4.14	24	10.52
1643378891	2	29	30	28	259	133	7	0.74	41	6	4.39	16	16.26
1643378918	2	39	30	26	265	121	6	0.90	76	2	2.83	9	17.50
1643378938	1	15	15	34	235	124	6	0.88	57	0	3.52	20	24.24
1643378959	1	17	15	32	253	122	6	0.81	69	1	3.28	16	14.48
1643378979	1	138	15	20	0	92	6	0.81	69	1	3.28	16	14.48
1643378999	2	19	30	25	251	122	6	0.89	51	5	3.64	9	16.50
1643379026	2	28	30	25	248	128	9	0.78	55	1	3.50	9	18.36
1643379046	2	29	30	30	233	123	9	0.79	33	1	3.44	10	19.67
1643379066	0	11	8	26	249	126	9	0.86	44	1	3.56	9	12.08
1643379086	0	8	8	35	229	123	9	0.85	76	8	3.06	11	4.21
1643379106	0	3	8	32	227	124	9	0.74	55	1	2.65	10	8.99
1643379133	2	20	30	20	249	122	7	0.68	53	31	2.88	19	15.87
1643379153	0	6	8	33	233	123	7	0.73	68	10	2.67	25	4.05
1643379173	0	7	8	31	210	125	7	0.75	43	0	2.72	2	42.42
1643379193	0	8	8	32	230	125	7	0.80	53	0	3.03	3	18.63
1643379213	2	7	30	23	248	125	7	0.34	20	16	3.38	14	15.87
1643379240	1	8	15	21	182	122	10	0.76	37	0	4.62	0	36.75
1643379260	1	11	15	24	221	123	10	0.87	38	1	3.68	11	15.33
1643379280	1	8	15	15	286	121	10	0.86	36	0	3.48	9	28.97
1643379300	0	6	8	29	152	121	10	0.86	36	0	3.48	9	22.97
1643379320	0	7	8	35	143	123	10	0.70	30	0	3.04	11	14.66
1643379348	1	18	15	27	247	129	3	0.86	35	1	3.91	13	16.64
1643379368	1	16	15	28	227	130	3	0.70	28	10	3.25	3	10.04
1643379388	1	10	15	26	170	131	3	0.78	26	0	3.53	1	21.86
1643379408	1	17	15	28	190	131	3	0.75	47	1	3.97	11	13.01
1643379428	2	14	30	25	212	131	3	0.78	40	1	3.98	9	18.35
1643379455	0	5	8	28	185	122	1	0.52	28	1	3.62	13	5.95
1643379475	0	15	8	37	204	123	1	0.51	40	13	3.00	16	3.93
1643379495	1	9	15	37	196	124	1	0.40	29	4	2.54	0	10.18
1643379515	2	10	30	32	208	124	1	0.42	33	36	2.54	15	15.83
1643379535	0	9	8	37	142	125	1	0.83	48	1	2.76	0	7.79
1643379562	1	18	15	31	208	129	7	0.85	71	1	3.26	17	14.82
1643379582	2	25	30	28	259	130	7	0.85	61	1	3.17	7	19.45
1643379602	1	9	15	33	214	131	7	0.72	65	6	2.91	20	10.24
1643379622	2	15	30	25	271	132	7	0.85	80	0	3.18	11	62.00
1643379642	0	9	8	36	176	132	7	0.85	45	0	3.38	4	36.07
1643379669	1	15	15	29	200	122	10	0.89	51	0	3.67	18	50.66
1643379689	1	17	15	32	206	123	10	0.87	79	5	3.19	22	10.50
1643379709	0	10	8	32	185	124	10	0.85	55	0	3.09	14	49.64
1643379729	1	18	15	31	220	125	10	0.75	36	7	3.06	12	10.19
1643379750	2	12	30	26	256	125	10	0.85	64	0	3.04	7	62.00
1643379777	0	8	8	31	180	121	2	0.72	33	0	2.97	9	16.94
1643379797	1	12	15	36	196	123	2	0.60	30	32	2.80	5	9.86
1643379817	0	9	8	36	190	124	2	0.47	21	6	3.94	7	4.10
1643379837	1	4	15	30	171	125	2	0.51	21	31	2.58	5	9.85
1643379857	0	6	8	29	126	125	2	0.60	23	1	2.91	4	7.24
1643379884	2	13	30	17	235	122	7	0.87	23	0	3.59	7	45.26
1643379904	1	17	15	26	215	127	7	0.63	32	1	3.53	8	13.01
1643379924	0	7	8	32	186	127	7	0.74	49	23	3.38	8	3.91
1643379944	1	20	15	25	245	128	7	0.66	21	3	2.77	6	10.56
1643379964	2	31	30	27	180	128	7	0.75	42	5	3.28	14	16.38
1643379991	1	10	15	23	231	121	1	0.38	28	2	3.59	7	10.75
1643380011	1	19	15	28	212	123	1	0.85	35	0	3.93	3	25.23
1643380031	2	18	30	27	184	124	1	0.73	40	1	3.59	12	24.54
1643380051	0	8	8	29	176	124	1	0.73	34	3	4.38	14	4.76
1643380071	0	3	8	30	179	124	1	0.67	46	15	2.92	9	3.95
1643380098	0	8	8	34	186	122	3	0.62	39	1	2.48	15	6.41
1643380119	0	11	8	27	165	123	3	0.73	32	3	3.70	1	4.59
1643380139	1	6	15	36	182	124	3	0.74	53	0	2.90	7	42.11
1643380159	2	7	30	34	123	125	3	0.67	66	0	2.46	19	49.85
1643380179	2	7	30	36	132	125	3	0.72	60	1	2.40	7	18.37
1643380206	2	36	30	28	251	129	7	0.81	71	3	3.01	25	16.93
1643380226	1	11	15	22	209	129	7	0.84	54	0	3.05	11	48.21
1643380246	2	22	30	25	224	130	7	0.90	73	0	2.84	17	38.38
1643380266	0	6	8	30	183	123	7	0.68	39	1	3.58	17	5.81
1643380286	2	32	30	29	255	124	7	0.66	45	0	2.76	9	26.45
1643380313	0	6	8	38	174	121	7	0.72	55	0	2.43	19	15.54
1643380333	2	4	30	29	158	123	7	0.55	41	8	2.31	4	16.03
1643380353	0	9	8	38	188	124	7	0.56	55	1	2.32	17	5.99
1643380373	1	3	15	30	151	124	7	0.64	50	1	2.39	8	13.08
1643380393	0	8	8	32	123	124	7	0.83	52	1	2.64	2	6.81
1643380420	1	16	15	26	210	127	7	0.46	24	2	4.61	14	10.88
1643380440	0	6	8	29	196	127	7	0.83	46	0	3.46	17	45.45
1643380460	0	8	8	25	123	128	7	0.71	24	1	3.23	9	7.29
1643380480	0	7	8	28	161	129	7	0.70	37	0	3.72	0	33.54
1643380500	1	10	15	23	176	129	7	0.69	45	16	2.90	10	9.95
1643380528	0	9	8	28	183	125	2	0.75	40	0	2.93	15	22.94
1643380548	1	11	15	24	247	126	2	0.53	24	25	2.23	11	9.87
1643380568	0	4	8	30	188	126	2	0.68	19	0	2.81	1	15.43
1643380588	0	6	8	28	138	127	2	0.74	26	0	3.47	1	37.40
1643380608	0	8	8	28	160	128	2	0.54	45	3	3.26	14	4.39
1643380635	2	11	30	24	162	127	2	0.41	19	30	3.47	7	15.84
1643380655	1	10	15	24	204	129	2	0.72	34	2	4.73	12	11.17
1643380675	0	8	8	34	139	129	2	0.69	44	0	3.53	18	13.25
1643380695	0	10	8	33	154	130	2	0.46	37	5	2.47	12	4.13
1643380715	2	22	30	27	238	130	2	0.83	41	3	4.76	10	17.08
1643380742	2	34	30	29	255	123	2	0.86	64	0	3.11	21	33.27
1643380762	1	16	15	34	243	123	2	0.89	71	1	3.36	17	15.20
1643380782	1	19	15	30	226	124	2	0.84	61	1	3.17	7	12.68
1643380802	2	29	30	29	249	125	2	0.90	62	0	3.41	6	58.59
1643380822	2	24	30	25	260	125	2	0.92	73	0	3.13	1	58.63
1643380849	0	8	8	36	184	127	5	0.65	58	1	2.52	20	8.03
1643380869	2	17	30	26	267	128	5	0.71	48	4	2.54	8	16.42
1643380890	1	14	15	31	196	129	5	0.61	58	0	3.20	24	25.67
1643380910	2	33	30	27	221	129	5	0.81	58	3	3.23	18	16.71
1643380930	0	9	8	25	196	122	5	0.92	27	0	3.13	4	33.77
1643380957	1	13	15	34	183	124	3	0.84	73	0	3.06	2	55.39
1643380977	0	9	8	29	188	125	3	0.68	34	2	3.50	8	5.38
1643380997	0	7	8	34	186	125	3	0.61	38	0	3.13	6	11.19
1643381017	0	13	8	32	148	126	3	0.38	24	68	2.94	2	3.81
1643381037	1	13	15	25	203	127	3	0.55	25	3	2.88	10	10.46
1643381064	0	5	8	27	176	130	7	0.82	46	10	3.18	16	4.10
1643381084	0	11	8	24	165	131	7	0.70	33	5	2.95	7	4.31
1643381104	0	8	8	32	233	132	7	0.67	28	17	2.66	11	3.93
1643381124	0	6	8	32	223	132	7	0.34	39	46	3.05	5	3.82
1643381144	1	16	15	26	246	132	7	0.70	40	1	2.95	9	15.26
