1643189893	1	14	15	32	172.000	121	0.86	51	0	3.62	14	27.58
1643189913	2	13	30	30	184.000	123	0.86	50	1	3.67	16	22.14
1643189933	0	7	8	36	135.000	132	0.72	57	1	2.57	17	7.37
1643189953	2	27	30	28	228.000	132	0.67	59	1	2.38	26	19.41
1643189974	2	21	30	28	224.000	133	0.64	53	4	3.26	24	16.43
1643190001	2	15	30	25	176.000	122	0.80	45	1	3.35	13	24.40
1643190021	2	23	30	26	219.000	127	0.65	30	12	2.98	1	15.99
1643190041	2	23	30	26	175.000	128	0.51	31	27	3.91	13	15.86
1643190061	0	8	8	32	140.000	129	0.43	14	10	2.72	7	3.94
1643190081	2	14	30	26	188.000	129	0.78	37	1	3.73	14	22.18
1643190108	1	16	15	21	156.000	121	0.88	41	0	3.49	3	33.59
1643190128	1	16	15	25	177.000	123	0.90	35	0	3.63	4	25.15
1643190148	2	15	30	24	179.000	124	0.73	37	4	3.35	12	16.44
1643190168	2	12	30	25	164.000	125	0.88	41	4	3.48	7	16.76
1643190188	0	6	8	25	132.000	125	0.66	16	16	2.67	1	3.94
1643190215	2	27	30	23	210.000	122	0.87	36	5	3.54	15	16.44
1643190235	0	9	8	27	138.000	124	0.74	30	12	2.63	7	4.02
1643190255	2	35	30	20	187.000	125	0.83	45	8	3.70	5	16.18
1643190275	0	6	8	32	132.000	125	0.70	33	18	3.69	12	3.93
1643190295	2	34	30	19	200.000	125	0.82	50	5	3.21	16	16.48
1643190322	2	26	30	26	154.000	122	0.77	50	4	3.04	15	16.57
1643190342	0	3	8	34	149.000	123	0.82	45	4	3.34	15	4.53
1643190362	2	33	30	26	222.000	124	0.87	104	19	2.57	20	15.95
1643190382	2	27	30	29	231.000	125	0.94	71	1	2.65	3	24.98
1643190403	2	18	30	28	229.000	125	0.93	59	0	3.55	4	51.98
1643190430	0	7	8	35	141.000	127	0.67	61	2	2.55	22	4.94
1643190450	2	21	30	26	184.000	128	0.90	85	0	3.40	4	51.62
1643190470	0	9	8	31	140.000	128	0.66	42	1	2.60	11	6.66
1643190490	0	9	8	34	138.000	128	0.53	38	23	2.73	9	3.87
1643190510	0	8	8	33	152.000	129	0.67	54	4	2.52	17	4.51
1643190537	2	18	30	27	177.000	122	0.82	56	0	3.25	21	53.26
1643190557	1	10	15	29	173.000	123	0.80	41	1	3.09	13	12.83
1643190577	0	16	8	37	131.000	124	0.66	52	1	2.17	1	9.35
1643190597	0	8	8	35	124.000	125	0.56	31	6	2.79	12	4.12
1643190617	2	31	30	24	232.000	125	0.85	35	2	3.18	6	17.72
1643190644	0	9	8	23	138.000	130	0.51	21	7	4.32	8	4.08
1643190664	1	18	15	26	159.000	131	0.85	55	3	2.89	15	11.13
1643190684	0	6	8	30	133.000	132	0.78	45	1	3.65	4	11.02
1643190704	0	3	8	28	175.000	132	0.71	24	6	2.95	9	4.20
1643190724	0	4	8	21	134.000	133	0.80	38	0	3.42	4	28.83
1643190751	1	19	15	27	188.000	128	0.72	51	0	3.37	12	32.13
1643190771	1	22	15	26	248.000	129	0.83	29	1	3.65	11	15.14
1643190791	0	6	8	28	140.000	130	0.71	39	1	2.96	14	5.83
1643190811	0	8	8	30	192.000	130	0.74	36	1	2.91	13	12.71
1643190832	2	12	30	23	198.000	131	0.51	33	1	2.98	10	17.43
1643190859	0	4	8	31	204.000	126	0.53	55	2	2.53	21	5.22
1643190879	0	10	8	30	168.000	128	0.66	39	4	3.30	15	4.43
1643190899	2	16	30	25	166.000	128	0.68	44	26	3.65	3	15.88
1643190919	0	9	8	36	185.000	129	0.59	41	3	3.61	19	4.50
1643190939	2	18	30	27	149.000	129	0.72	37	5	3.86	18	16.30
1643190966	0	4	8	33	140.000	122	0.73	52	2	2.92	22	5.04
1643190986	2	31	30	27	185.000	123	0.81	79	10	2.89	22	16.09
1643191006	0	6	8	36	135.000	124	0.91	70	1	2.70	9	7.55
1643191026	0	8	8	41	231.000	124	0.74	52	0	2.58	4	36.02
1643191046	2	30	30	27	239.000	125	0.81	54	0	3.00	1	55.89
1643191073	0	6	8	31	229.000	129	0.83	43	2	3.37	3	5.48
1643191093	1	21	15	31	218.000	124	0.89	61	0	3.57	20	36.44
1643191113	2	20	15	26	267.000	126	0.84	42	1	3.48	12	20.87
1643191133	0	27	30	28	252.000	124	0.88	94	14	3.07	24	4.03
1643191153	1	28	8	29	249.000	124	0.79	49	1	3.40	12	18.33
1643191180	1	25	15	34	240.000	127	0.67	58	1	2.77	23	15.79
1643191200	2	12	30	26	236.000	129	0.71	46	7	3.16	13	16.18
1643191221	2	18	30	26	236.000	130	0.79	31	3	3.70	3	16.78
1643191241	1	13	15	25	198.000	123	0.87	41	0	3.59	13	22.32
1643191261	1	1	15	17	180.000	124	0.42	21	11	4.14	15	9.93
1643191288	1	5	15	24	210.000	122	0.86	41	0	3.75	3	36.31
1643191308	2	9	30	21	200.000	123	0.90	42	0	3.43	3	31.21
1643191328	0	8	8	29	198.000	123	0.58	27	29	2.24	1	3.86
1643191348	0	7	8	32	198.000	123	0.45	29	4	2.94	9	4.22
1643191368	1	15	15	26	249.000	124	0.74	36	1	2.92	3	18.22
1643191395	2	9	30	23	239.000	122	0.66	40	17	2.90	10	15.93
1643191415	2	19	30	25	261.000	123	0.86	39	2	3.60	12	18.18
1643191435	2	13	30	24	257.000	124	0.80	42	4	2.75	8	16.50
1643191455	1	15	15	34	231.000	124	0.70	28	3	3.41	2	10.67
1643191475	0	7	8	32	204.000	124	0.60	39	10	3.62	5	4.00
1643191502	0	6	8	33	216.000	122	0.56	36	2	2.93	15	4.80
1643191522	2	2	30	33	198.000	123	0.55	42	2	2.69	16	16.81
1643191542	0	6	8	33	204.000	124	0.68	41	4	3.46	13	4.40
1643191562	2	8	30	36	194.000	125	0.72	55	0	3.19	3	58.56
1643191582	2	5	30	37	216.000	125	0.68	71	0	2.16	1	28.32
1643191610	0	4	8	33	226.000	122	0.76	65	1	2.44	18	8.11
1643191630	0	7	8	37	198.000	123	0.78	57	1	2.88	20	6.71
1643191650	1	14	15	30	231.000	124	0.34	26	4	2.63	1	10.09
1643191670	2	30	30	29	264.000	124	0.79	41	0	3.22	10	55.91
1643191690	1	22	15	37	244.000	123	0.90	57	1	3.18	19	18.77
1643191717	0	8	8	38	210.000	121	0.79	91	4	2.92	22	4.51
1643191737	0	5	8	35	200.000	123	0.67	58	0	2.30	23	49.30
1643191757	1	4	15	32	196.000	124	0.70	49	1	2.36	23	11.88
1643191777	0	6	8	41	184.000	124	0.54	46	2	2.78	17	4.78
1643191797	2	5	30	33	168.000	125	0.63	44	1	2.60	12	18.92
1643191824	2	21	30	27	248.000	128	0.78	37	0	3.36	6	56.84
1643191844	2	25	30	29	253.000	128	0.60	21	7	5.11	9	16.12
1643191864	1	17	15	29	218.000	129	0.55	19	20	3.46	11	9.89
1643191884	2	20	30	24	235.000	130	0.84	42	0	3.62	11	40.45
1643191904	0	7	8	29	194.000	130	0.79	24	0	3.46	9	36.15
1643191931	0	4	8	26	216.000	121	0.70	30	0	3.04	11	14.66
1643191951	2	7	30	33	218.000	123	0.53	35	3	2.85	8	16.58
1643191971	0	6	8	30	206.000	123	0.59	38	30	2.55	7	3.86
1643191991	2	5	30	29	208.000	123	0.78	50	0	2.94	15	37.38
1643192012	2	8	30	31	206.000	124	0.74	36	1	3.01	6	24.48
1643192039	2	13	30	23	217.000	122	0.50	31	29	2.43	11	15.85
1643192059	2	14	30	26	186.000	127	0.82	37	2	4.02	10	17.89
1643192079	0	10	8	33	215.000	122	0.81	30	3	4.28	5	5.00
1643192099	2	19	30	27	246.000	124	0.61	26	15	3.09	7	15.94
1643192119	1	14	15	31	256.000	125	0.66	45	7	4.32	19	10.13
1643192146	0	8	8	32	231.000	122	0.80	43	2	4.26	12	5.29
1643192166	1	18	15	30	259.000	123	0.73	54	3	3.05	22	10.95
1643192186	1	18	15	33	249.000	124	0.86	73	1	3.19	8	14.83
1643192206	1	7	15	31	244.000	124	0.83	59	0	3.05	6	39.06
1643192226	1	14	15	33	244.000	124	0.94	56	0	3.59	3	39.75
1643192253	1	16	15	28	239.000	122	0.87	75	10	2.85	10	10.11
1643192273	2	14	30	34	242.000	123	0.74	67	15	2.79	23	15.97
1643192293	2	15	30	26	242.000	123	0.67	41	4	3.40	17	16.46
1643192313	2	23	30	27	243.000	123	0.92	76	5	3.36	8	16.57
1643192333	2	24	30	26	249.000	127	0.83	54	1	3.62	24	19.29
1643192360	0	8	8	28	149.000	129	0.88	57	0	3.35	19	30.99
1643192381	1	15	15	30	229.000	130	0.66	48	1	3.23	18	14.40
1643192401	0	7	8	32	208.000	131	0.60	29	4	2.88	6	4.42
1643192421	2	27	30	28	234.000	131	0.79	54	0	3.12	0	61.34
1643192441	0	3	8	25	220.000	128	0.46	26	41	4.70	13	3.83
1643192468	2	14	30	25	256.000	124	0.51	25	38	2.89	11	15.84
1643192488	1	13	15	27	200.000	125	0.77	36	4	4.34	0	10.50
1643192508	2	13	30	25	242.000	127	0.85	34	1	3.73	6	20.79
1643192528	0	7	8	22	131.000	127	0.84	35	0	3.77	9	19.41
1643192548	2	15	30	25	187.000	128	0.70	34	1	3.02	12	18.89
1643192575	1	18	15	27	235.000	126	0.84	26	0	3.50	9	21.53
1643192595	0	8	8	33	222.000	127	0.57	25	17	2.95	6	3.91
1643192615	2	29	30	27	232.000	128	0.71	40	22	2.74	12	15.91
1643192635	0	12	8	33	192.000	128	0.73	45	9	3.03	12	4.09
1643192655	2	18	30	26	208.000	128	0.63	32	30	3.21	7	15.87
1643192682	0	9	8	31	156.000	132	0.81	30	3	4.28	5	5.00
1643192702	0	8	8	35	130.000	133	0.46	29	31	2.25	2	3.85
1643192722	0	9	8	34	148.000	133	0.46	46	6	2.82	14	4.07
1643192742	1	17	15	24	154.000	134	0.20	28	70	2.22	15	9.80
1643192763	0	9	8	39	151.000	135	0.90	60	0	3.57	9	18.61
1643192790	0	7	8	33	236.000	122	0.79	72	1	2.95	17	9.46
1643192810	0	8	8	35	218.000	124	0.24	50	98	2.26	8	3.80
1643192830	2	33	30	28	256.000	124	0.70	51	1	3.98	9	23.72
1643192850	1	16	15	28	238.000	121	0.75	78	6	3.15	15	10.28
1643192870	2	23	30	27	258.000	123	0.77	41	0	3.21	10	52.26
1643192897	1	9	15	28	252.000	126	0.81	48	4	2.98	13	10.68
1643192917	2	31	30	28	269.000	127	0.87	86	9	3.06	26	16.15
1643192937	2	7	30	22	231.000	122	0.82	58	0	3.00	22	60.86
1643192957	1	19	15	32	243.000	124	0.85	59	4	2.73	18	10.57
1643192977	0	5	8	35	204.000	125	0.65	54	1	3.14	21	6.21
1643193004	0	7	8	32	130.000	122	0.75	65	1	2.43	24	6.55
1643193024	0	9	8	33	133.000	123	0.55	36	23	2.76	8	3.88
1643193044	2	16	30	25	188.000	124	0.82	51	1	2.70	15	25.77
1643193064	0	4	8	32	142.000	125	0.64	41	1	2.87	15	9.93
1643193084	0	7	8	26	128.000	125	0.71	41	0	3.38	1	12.99
1643193111	2	15	30	26	234.000	122	0.81	39	5	3.17	7	16.45
1643193132	0	6	8	32	224.000	123	0.84	34	0	3.36	11	28.97
1643193152	1	23	15	27	220.000	123	0.56	37	1	2.76	12	14.95
1643193172	0	6	8	28	208.000	123	0.79	36	2	3.46	8	5.21
1643193192	0	4	8	30	206.000	123	0.84	50	0	2.86	0	49.73
1643193219	2	11	30	26	162.000	122	0.78	36	1	3.11	4	23.89
1643193239	0	7	8	30	132.000	124	0.72	28	1	3.66	9	7.79
1643193259	1	10	15	24	248.000	124	0.64	34	10	3.50	2	10.01
1643193279	1	13	15	25	231.000	125	0.71	38	24	3.77	5	9.90
1643193299	2	9	30	26	239.000	125	0.74	40	1	5.02	14	20.34
1643193326	0	8	8	33	232.000	122	0.38	34	17	2.53	18	3.87
1643193346	0	5	8	31	172.000	123	0.80	60	2	3.06	11	5.14
1643193366	0	10	8	37	192.000	124	0.64	57	2	2.37	12	5.25
1643193386	0	9	8	33	148.000	125	0.67	69	1	2.77	18	6.58
1643193406	2	40	30	28	240.000	125	0.74	55	0	2.60	12	61.02
1643193433	2	35	30	28	202.000	131	0.80	66	3	3.02	22	16.69
1643193453	2	17	30	26	179.000	132	0.83	42	0	3.40	0	60.15
1643193473	2	29	30	25	210.000	133	0.90	58	0	3.37	19	46.46
1643193493	2	22	30	26	212.000	133	0.84	48	1	3.46	16	25.35
1643193513	0	9	8	38	141.000	134	0.74	84	6	2.61	21	4.22
1643193540	1	17	15	33	176.000	122	0.90	57	0	3.49	17	48.94
1643193561	2	10	30	25	143.000	123	0.73	43	2	3.82	7	17.20
1643193581	2	30	30	29	184.000	124	0.84	85	4	2.72	27	16.58
1643193601	0	7	8	35	128.000	124	0.73	42	1	2.97	11	7.41
1643193621	0	10	8	32	138.000	124	0.82	53	1	2.91	5	6.23
1643193648	1	10	15	25	165.000	125	0.49	27	1	4.43	13	11.37
1643193668	0	7	8	20	138.000	126	0.74	38	1	3.41	12	8.45
1643193688	2	11	30	25	171.000	127	0.84	41	1	3.74	2	24.14
1643193708	2	8	30	23	148.000	127	0.82	37	0	3.67	8	44.77
1643193728	0	8	8	29	140.000	127	0.61	35	54	3.17	0	3.83
1643193755	1	16	15	27	160.000	126	0.84	43	0	3.80	16	43.09
1643193775	0	8	8	33	134.000	127	0.41	16	48	2.42	1	3.82
1643193795	0	7	8	32	172.000	128	0.77	41	9	2.60	5	4.11
1643193815	0	10	8	32	133.000	128	0.73	37	1	3.05	2	10.22
1643193835	1	18	15	27	156.000	129	0.66	34	3	3.47	14	10.79
1643193862	1	10	15	25	143.000	122	0.52	40	40	3.27	14	9.84
1643193882	1	12	15	23	131.000	123	0.61	30	5	4.42	13	10.24
1643193902	0	8	8	37	133.000	124	0.72	39	1	3.25	0	6.96
1643193922	2	23	30	26	202.000	124	0.65	46	30	3.35	19	15.87
1643193942	1	8	15	28	147.000	125	0.91	61	0	3.56	9	36.74
1643193969	1	14	15	32	163.000	122	0.80	61	0	3.08	20	55.93
1643193990	1	6	15	31	149.000	122	0.78	81	1	3.02	10	17.94
1643194010	2	12	30	30	162.000	123	0.88	55	0	3.59	14	50.37
1643194030	0	5	8	35	156.000	124	0.26	53	24	2.40	1	3.83
1643194050	0	8	8	29	126.000	124	0.71	43	0	3.14	7	38.40
1643194077	2	33	30	29	192.000	122	0.87	61	1	3.47	21	24.78
1643194097	0	3	8	33	137.000	124	0.70	57	2	2.59	25	5.40
1643194117	2	33	30	27	222.000	125	0.84	92	8	3.20	21	16.17
1643194137	1	16	15	29	163.000	125	0.79	59	2	2.91	17	11.10
1643194157	1	9	15	27	164.000	125	0.81	45	2	3.79	9	11.99
1643194184	2	32	30	28	229.000	131	0.80	43	2	3.30	13	17.66
1643194204	2	18	30	26	170.000	132	0.69	35	7	2.84	14	16.16
1643194224	2	27	30	30	198.000	133	0.92	53	0	3.78	6	38.84
1643194244	2	9	30	26	164.000	133	0.59	20	15	3.43	8	15.93
1643194264	1	11	15	25	148.000	134	0.70	33	0	3.34	14	23.90
1643194291	1	17	15	26	166.000	131	0.76	20	0	3.27	7	21.49
1643194311	2	11	30	24	133.000	132	0.79	18	1	2.88	5	22.09
1643194331	0	7	8	31	121.000	132	0.50	29	37	3.01	9	3.84
1643194351	2	20	30	27	174.000	132	0.44	32	71	3.07	9	15.81
1643194371	2	14	30	26	146.000	132	0.77	37	1	3.35	6	18.19
1643194398	2	25	30	17	160.000	122	0.85	31	2	3.52	5	17.95
1643194419	2	22	30	16	222.000	123	0.80	50	8	2.73	13	16.16
1643194439	0	6	8	35	128.000	124	0.71	42	6	2.94	12	4.24
1643194459	2	28	30	23	186.000	125	0.79	28	8	3.95	6	16.15
1643194479	2	29	30	19	236.000	125	0.81	39	7	3.47	4	16.21
1643194506	1	15	15	26	141.000	122	0.63	40	1	3.87	19	11.80
1643194526	1	11	15	24	140.000	123	0.73	48	8	2.75	15	10.13
1643194546	0	9	8	32	136.000	124	0.60	75	2	3.23	21	4.85
1643194566	2	30	30	28	235.000	125	0.87	63	1	3.31	18	19.56
1643194586	0	4	8	31	146.000	125	0.69	72	1	2.85	17	6.29
1643194613	1	19	15	27	164.000	123	0.80	59	0	3.10	21	50.64
1643194633	2	33	30	28	192.000	124	0.86	54	1	3.39	7	18.71
1643194653	2	10	30	23	163.000	124	0.89	55	0	3.39	9	62.00
1643194673	0	5	8	27	131.000	124	0.91	67	0	2.99	13	16.88
1643194693	2	8	30	22	149.000	125	0.78	42	4	3.34	9	16.48
1643194720	1	7	15	31	175.000	122	0.82	59	0	3.29	23	35.42
1643194740	0	4	8	32	141.000	123	0.76	59	1	2.62	20	8.92
1643194760	1	5	15	24	180.000	125	0.92	29	0	3.26	3	55.13
1643194780	2	40	30	27	208.000	125	0.87	69	3	2.99	16	16.89
1643194800	0	8	8	29	131.000	125	0.59	29	37	2.38	0	3.85
1643194827	0	6	8	33	131.000	122	0.80	52	0	2.54	18	29.78
1643194847	1	6	15	32	124.000	124	0.44	21	48	2.32	2	9.83
1643194868	0	9	8	30	138.000	124	0.74	33	1	4.03	2	9.43
1643194888	0	8	8	25	126.000	125	0.67	30	1	2.91	10	10.36
1643194908	0	5	8	29	126.000	125	0.74	37	0	3.65	3	39.48
1643194935	0	5	8	29	133.000	127	0.45	32	1	3.16	9	6.67
1643194955	2	4	30	24	146.000	129	0.79	34	0	3.42	14	32.73
1643194975	0	8	8	29	149.000	129	0.68	46	13	3.04	11	3.98
1643194995	0	7	8	32	145.000	129	0.69	42	3	2.65	17	4.65
1643195015	0	6	8	26	129.000	129	0.72	37	0	2.96	13	14.97
1643195042	2	10	30	24	155.000	122	0.77	22	1	3.38	8	19.12
1643195062	2	10	30	24	127.000	123	0.69	29	26	3.81	6	15.89
1643195082	0	9	8	33	133.000	124	0.72	33	1	4.92	14	5.90
1643195102	2	32	30	28	183.000	125	0.74	44	5	4.41	9	16.35
1643195122	1	16	15	29	143.000	125	0.66	38	1	3.81	12	12.74
1643195149	2	46	30	31	178.000	122	0.82	45	0	3.91	5	37.43
1643195169	0	9	8	36	132.000	123	0.62	65	0	2.36	18	26.06
1643195189	1	15	15	36	162.000	123	0.78	72	1	2.91	12	14.44
1643195209	0	8	8	32	133.000	124	0.76	52	0	2.75	6	32.50
1643195229	2	35	30	29	214.000	125	0.58	45	2	2.63	6	16.89
1643195256	2	19	30	26	192.000	129	0.87	59	2	2.89	15	18.30
1643195276	2	27	30	28	223.000	130	0.91	57	1	3.17	18	26.05
1643195296	2	31	30	28	231.000	131	0.79	58	4	2.89	21	16.51
1643195317	2	12	30	26	179.000	132	0.87	87	10	3.22	18	16.10
1643195337	2	25	30	27	190.000	132	0.90	57	1	3.51	13	19.01
1643195364	2	28	30	28	206.000	123	0.64	44	11	3.37	21	16.01
1643195384	1	16	15	35	200.000	125	0.71	46	9	3.14	14	10.09
1643195404	0	10	8	29	142.000	125	0.71	34	2	3.27	10	5.02
1643195424	0	5	8	32	144.000	125	0.76	46	0	2.68	12	14.11
1643195444	2	27	30	27	164.000	125	0.30	29	68	2.85	11	15.81
1643195471	0	9	8	34	126.000	121	0.67	44	0	3.11	12	13.89
1643195491	0	7	8	31	134.000	123	0.76	43	13	2.75	7	4.00
1643195511	2	9	30	26	139.000	123	0.82	28	5	2.90	0	16.38
1643195531	1	9	15	30	138.000	124	0.38	39	50	3.00	8	9.82
1643195551	2	7	30	32	137.000	124	0.53	38	1	3.08	16	18.81
1643195578	2	16	30	18	190.000	122	0.87	29	3	3.02	7	17.06
1643195598	2	34	30	19	186.000	123	0.88	43	4	2.77	12	16.73
1643195618	2	38	30	20	239.000	124	0.61	36	30	3.17	13	15.86
1643195638	1	19	15	25	160.000	125	0.77	32	1	3.44	13	12.73
1643195658	1	20	15	27	158.000	125	0.44	21	54	3.36	9	9.82
1643195685	1	15	15	22	136.000	121	0.59	26	9	4.11	10	10.04
1643195705	0	9	8	32	132.000	123	0.62	47	2	2.81	11	5.09
1643195725	0	4	8	28	133.000	124	0.41	36	12	2.55	18	3.91
1643195746	2	18	30	17	168.000	125	0.94	50	9	3.38	3	16.17
1643195766	0	9	8	38	144.000	126	0.70	63	0	2.20	12	40.97
1643195793	2	34	30	28	249.000	131	0.86	82	1	3.26	16	22.22
1643195813	1	14	15	29	155.000	133	0.87	57	1	3.48	15	15.09
1643195833	1	19	15	30	172.000	134	0.68	34	1	3.28	10	14.39
1643195853	2	36	30	29	234.000	134	0.78	41	0	3.50	9	40.37
1643195873	1	22	15	33	158.000	134	0.84	62	0	3.10	21	55.46
1643195900	1	11	15	29	162.000	122	0.79	51	0	3.08	21	51.23
1643195920	2	11	30	29	140.000	123	0.76	51	0	3.26	26	37.46
1643195940	2	10	30	30	160.000	124	0.84	47	0	3.07	24	59.73
1643195960	2	18	30	29	185.000	125	0.79	48	0	3.54	16	36.71
1643195980	0	8	8	37	142.000	125	0.77	72	0	2.54	25	25.41
1643196007	2	29	30	25	223.000	122	0.90	45	3	2.66	13	16.92
1643196027	1	16	15	27	141.000	123	0.42	23	13	4.31	13	9.91
1643196047	0	7	8	30	131.000	125	0.37	15	12	2.55	2	3.90
1643196067	2	31	30	22	210.000	125	0.77	42	7	3.76	4	16.19
1643196087	0	7	8	28	149.000	126	0.70	34	3	3.07	9	4.55
1643196114	0	9	8	24	113.000	121	0.67	24	1	3.41	3	8.27
1643196134	2	7	30	29	152.000	123	0.65	50	0	3.13	13	29.71
1643196155	2	5	30	30	131.000	123	0.48	28	1	2.85	5	17.24
1643196175	0	3	8	26	109.000	124	0.78	51	2	2.89	15	5.78
1643196195	0	5	8	28	129.000	124	0.76	43	9	2.70	12	4.08
1643196222	2	18	30	27	177.000	125	0.74	24	1	3.28	8	18.87
1643196242	2	16	30	25	152.000	126	0.70	44	9	3.45	7	16.08
1643196262	1	9	15	22	146.000	127	0.78	28	1	4.35	5	12.96
1643196282	2	11	30	24	152.000	128	0.55	23	30	3.06	8	15.86
1643196302	0	9	8	33	149.000	128	0.61	41	5	3.08	16	4.24
1643196329	1	6	15	25	151.000	126	0.63	39	12	4.39	13	9.98
1643196349	0	5	8	37	137.000	128	0.63	84	2	2.99	24	5.20
1643196369	2	29	30	30	226.000	128	0.75	60	0	2.76	11	55.79
1643196389	1	13	15	32	164.000	129	0.78	74	0	3.01	18	20.39
1643196409	1	16	15	28	154.000	129	0.89	56	0	3.56	14	45.95
1643196436	1	15	15	28	166.000	122	0.64	40	0	3.33	16	40.01
1643196456	2	22	30	27	171.000	123	0.71	33	8	3.05	11	16.10
1643196476	0	4	8	32	143.000	124	0.90	65	0	2.68	14	25.63
1643196496	2	24	30	25	173.000	124	0.84	56	3	3.53	12	17.02
1643196516	2	38	30	28	214.000	125	0.92	58	0	3.28	8	62.00
1643196543	0	11	8	37	146.000	127	0.84	63	1	2.66	16	10.32
1643196563	2	19	30	27	188.000	128	0.78	53	9	3.03	5	16.12
1643196584	0	8	8	37	151.000	130	0.89	61	1	3.44	20	10.26
1643196604	1	17	15	26	157.000	130	0.86	32	0	3.69	6	38.50
1643196624	1	12	15	29	151.000	130	0.47	25	6	4.83	15	10.08
1643196651	0	10	8	28	139.000	122	0.55	22	3	4.48	13	4.39
1643196671	0	6	8	33	204.000	123	0.69	45	20	2.68	15	3.92
1643196691	2	9	30	30	143.000	123	0.70	30	0	3.17	8	28.10
1643196711	2	13	30	29	141.000	124	0.77	37	0	3.45	5	43.25
1643196731	1	12	15	30	142.000	124	0.74	38	7	2.52	7	10.16
1643196758	0	8	8	28	135.000	122	0.66	26	2	3.16	8	5.50
1643196778	0	4	8	33	146.000	123	0.80	36	2	2.77	2	5.51
1643196798	0	8	8	30	154.000	124	0.77	37	1	3.05	5	9.64
1643196818	2	8	30	27	140.000	124	0.64	28	4	2.64	9	16.34
1643196838	0	6	8	28	133.000	125	0.57	38	63	2.68	5	3.82
1643196865	1	11	15	25	170.000	126	0.52	23	7	4.13	9	10.08
1643196885	0	7	8	32	136.000	127	0.76	56	4	2.43	3	4.50
1643196905	0	4	8	34	126.000	128	0.50	47	4	2.96	3	4.24
1643196925	2	12	30	25	138.000	128	0.61	26	9	3.78	9	16.04
1643196945	0	6	8	23	181.000	129	0.90	63	1	3.59	10	7.40
1643196972	0	8	8	38	137.000	121	0.73	70	1	2.71	17	8.32
1643196992	0	8	8	37	132.000	122	0.72	74	1	2.89	18	6.42
1643197013	2	6	30	32	130.000	123	0.80	58	4	3.06	15	16.65
1643197033	2	6	30	35	138.000	124	0.75	61	0	2.54	19	26.81
1643197053	0	4	8	33	130.000	124	0.69	43	1	2.57	8	7.12
1643197080	2	33	30	28	226.000	122	0.82	57	0	2.77	11	57.76
1643197100	2	27	30	26	216.000	124	0.92	74	2	2.63	17	18.25
1643197120	1	22	15	28	180.000	125	0.69	55	0	2.80	16	56.00
1643197140	1	10	15	31	169.000	125	0.83	56	0	3.10	17	41.89
1643197160	2	24	30	29	192.000	126	0.81	73	5	2.53	28	16.35
1643197187	1	8	15	26	148.000	121	0.86	41	0	3.07	14	53.06
1643197207	2	20	30	27	171.000	123	0.77	32	0	3.36	2	58.20
1643197227	0	10	8	31	142.000	123	0.77	36	1	3.18	10	12.71
1643197247	0	7	8	25	142.000	124	0.44	14	6	2.96	7	4.06
1643197267	2	31	30	24	251.000	125	0.89	37	1	4.80	14	23.58
1643197294	0	11	8	25	138.000	127	0.65	34	1	2.87	13	7.05
1643197314	2	9	30	23	148.000	128	0.74	39	9	3.41	15	16.10
1643197334	2	23	30	25	184.000	129	0.77	52	16	3.20	4	15.97
1643197354	0	8	8	27	137.000	129	0.70	42	5	2.96	2	4.32
1643197374	2	12	30	25	147.000	129	0.88	50	1	3.77	15	19.23
1643197401	0	6	8	31	124.000	121	0.74	37	0	3.02	13	16.44
1643197421	0	8	8	28	130.000	123	0.71	25	2	2.99	7	5.57
1643197441	2	7	30	28	150.000	124	0.71	41	9	3.10	7	16.08
1643197462	0	10	8	31	144.000	124	0.59	42	2	3.01	11	4.94
1643197482	0	6	8	28	136.000	125	0.51	26	2	3.53	10	4.88
1643197509	0	9	8	34	145.000	132	0.40	30	9	2.90	13	3.95
1643197529	2	19	30	27	160.000	132	0.81	46	3	4.51	11	16.77
1643197549	2	22	30	27	206.000	133	0.88	83	16	3.00	6	15.98
1643197569	0	8	8	38	151.000	134	0.73	65	0	2.30	13	37.42
1643197589	1	10	15	32	166.000	134	0.66	74	4	2.85	19	10.34
1643197616	0	10	8	36	146.000	123	0.70	59	1	2.43	23	6.57
1643197636	1	7	15	28	164.000	123	0.77	72	0	3.12	12	56.00
1643197656	0	9	8	31	135.000	124	0.75	45	4	2.73	12	4.60
1643197676	0	7	8	33	129.000	124	0.75	52	0	2.75	14	17.33
1643197696	2	26	30	27	214.000	125	0.88	50	0	3.37	7	61.92
1643197723	1	17	15	33	164.000	131	0.76	55	4	3.15	26	10.58
1643197743	1	13	15	33	160.000	133	0.81	42	0	3.04	23	46.04
1643197763	2	22	30	27	204.000	134	0.62	37	1	4.21	19	20.74
1643197783	0	7	8	32	130.000	135	0.77	72	0	2.56	25	18.98
1643197803	2	18	30	26	171.000	135	0.88	56	0	3.62	5	45.08
1643197830	1	12	15	24	160.000	126	0.85	58	0	3.49	24	38.75
1643197850	1	5	15	18	111.000	128	0.85	24	11	3.19	1	10.07
1643197870	1	15	15	26	171.000	128	0.83	40	6	3.67	7	10.31
1643197891	2	15	30	26	186.000	129	0.89	33	0	3.96	2	49.55
1643197911	1	5	15	22	142.000	129	0.68	32	20	3.40	7	9.92
1643197938	1	12	15	29	162.000	122	0.51	28	1	3.68	13	13.94
1643197958	0	9	8	29	128.000	123	0.59	22	1	2.82	7	5.76
1643197978	2	17	30	26	169.000	123	0.67	38	18	2.97	8	15.93
1643197998	1	17	15	26	169.000	124	0.86	37	0	3.52	7	22.11
1643198018	1	16	15	28	162.000	125	0.70	45	14	2.99	11	9.98
1643198045	1	23	15	28	158.000	122	0.64	58	5	3.03	21	10.23
1643198065	2	11	30	25	137.000	123	0.60	39	27	3.15	2	15.87
1643198085	2	27	30	28	204.000	124	0.58	29	10	3.62	6	16.01
1643198105	1	19	15	33	152.000	125	0.39	38	5	3.48	17	10.09
1643198125	2	16	30	25	134.000	125	0.89	45	0	4.70	16	30.50
1643198152	1	14	15	31	154.000	121	0.58	42	26	3.44	7	9.87
1643198172	0	3	8	34	138.000	123	0.72	74	2	2.57	14	5.53
1643198192	1	19	15	33	172.000	124	0.85	58	0	3.05	9	56.00
1643198212	0	9	8	35	144.000	124	0.65	61	2	2.51	17	4.97
1643198232	0	9	8	35	143.000	125	0.50	46	6	2.52	12	4.08
1643198259	2	28	30	29	228.000	122	0.75	54	1	3.57	22	19.72
1643198279	1	17	15	30	172.000	123	0.79	50	2	3.03	16	11.12
1643198299	0	9	8	33	137.000	124	0.81	51	0	2.99	19	32.63
1643198319	2	31	30	27	196.000	125	0.91	62	4	2.98	19	16.68
1643198340	0	4	8	32	140.000	125	0.89	54	0	3.58	3	40.26
1643198367	2	39	30	29	179.000	123	0.75	67	9	2.78	25	16.11
1643198387	2	9	30	23	140.000	124	0.68	40	1	3.45	1	18.97
1643198407	0	6	8	32	136.000	125	0.81	42	0	3.79	7	35.04
1643198427	2	13	30	25	146.000	125	0.61	21	3	5.20	7	16.66
1643198447	0	8	8	28	135.000	125	0.58	23	3	3.70	1	4.54
1643198474	1	7	15	22	150.000	122	0.87	41	0	3.74	3	34.38
1643198494	2	8	30	19	161.000	123	0.82	37	0	3.80	1	59.06
1643198514	2	20	30	24	194.000	124	0.61	26	22	3.07	1	15.89
1643198534	2	22	30	27	165.000	124	0.81	58	5	2.92	4	16.38
1643198554	2	10	30	25	150.000	125	0.88	46	0	3.65	5	32.45
1643198581	2	32	30	21	222.000	123	0.79	23	3	2.77	8	16.68
1643198601	0	9	8	31	137.000	124	0.70	34	0	2.76	15	27.77
1643198621	2	33	30	19	250.000	125	0.47	35	39	2.49	18	15.83
1643198641	0	11	8	34	136.000	126	0.66	55	1	2.80	15	7.59
1643198661	2	23	30	21	235.000	126	0.32	22	81	2.93	10	15.81
1643198688	1	20	15	27	161.000	126	0.57	40	1	4.11	19	11.88
1643198708	1	21	15	28	152.000	126	0.80	44	3	3.32	10	10.71
1643198728	2	17	30	25	194.000	128	0.85	49	2	4.55	10	17.32
1643198748	1	13	15	31	171.000	128	0.81	89	5	2.77	11	10.45
1643198768	2	32	30	29	196.000	129	0.90	68	1	3.37	14	23.55
1643198796	0	5	8	35	129.000	121	0.65	52	0	2.72	11	35.83
1643198816	0	7	8	38	130.000	123	0.85	56	0	3.09	15	38.41
1643198836	0	6	8	33	144.000	123	0.68	76	8	2.91	11	4.12
1643198856	0	5	8	34	139.000	124	0.77	55	0	2.59	13	50.00
1643198876	1	8	15	36	150.000	124	0.64	60	3	2.86	18	10.53
1643198903	1	15	15	30	165.000	127	0.72	59	9	2.73	18	10.09
1643198923	2	43	30	29	192.000	128	0.81	55	0	3.34	20	62.00
1643198943	0	11	8	34	150.000	129	0.60	44	3	2.73	15	4.54
1643198963	2	31	30	29	233.000	129	0.84	62	0	3.59	23	62.00
1643198983	2	16	30	26	177.000	130	0.88	34	0	3.12	16	32.13
1643199010	1	18	15	25	164.000	123	0.64	30	2	3.88	18	11.54
1643199030	2	14	30	25	147.000	124	0.50	30	36	4.20	19	15.84
1643199050	1	16	15	29	206.000	125	0.85	33	1	4.43	0	17.31
1643199070	2	18	30	26	166.000	125	0.83	47	2	2.78	1	17.53
1643199090	0	7	8	23	140.000	125	0.70	42	1	3.39	4	7.22
1643199117	2	24	30	21	231.000	122	0.91	45	8	2.86	4	16.20
1643199137	2	49	30	26	216.000	124	0.67	45	12	2.71	18	15.99
1643199157	2	43	30	24	238.000	124	0.90	42	2	2.78	6	17.29
1643199177	2	24	30	17	219.000	124	0.86	32	1	3.45	14	18.52
1643199197	0	9	8	31	133.000	124	0.70	36	10	2.74	14	4.06
1643199225	1	19	15	29	173.000	122	0.74	38	0	4.21	9	19.67
1643199245	2	6	30	25	134.000	123	0.86	60	2	2.99	17	18.04
1643199265	1	10	15	24	183.000	123	0.55	38	31	3.62	12	9.86
1643199285	1	17	15	28	152.000	124	0.67	53	12	3.77	7	9.99
1643199305	2	16	30	30	135.000	125	0.66	39	2	3.94	12	17.49
1643199332	1	22	15	25	164.000	122	0.86	44	2	4.62	12	11.20
1643199352	2	22	30	32	158.000	123	0.83	65	1	2.94	19	22.04
1643199372	2	12	30	31	165.000	124	0.83	86	1	2.32	22	18.28
1643199392	1	13	15	30	147.000	124	0.82	60	0	3.16	17	52.98
1643199412	1	21	15	34	177.000	124	0.64	52	0	3.62	14	23.76
1643199439	2	22	30	25	200.000	129	0.85	47	1	3.11	13	19.91
1643199459	0	6	8	33	141.000	130	0.71	69	1	2.38	24	11.94
1643199479	1	27	15	34	188.000	131	0.81	45	0	3.57	4	20.65
1643199499	2	7	30	21	194.000	131	0.93	54	0	3.81	8	46.51
1643199519	0	4	8	33	132.000	132	0.53	50	1	2.19	6	7.76
1643199546	0	6	8	36	146.000	122	0.54	46	13	2.67	11	3.95
1643199566	0	10	8	40	146.000	124	0.44	48	4	2.52	22	4.17
1643199586	2	9	30	32	146.000	124	0.63	43	2	2.57	5	16.83
1643199606	1	7	15	32	131.000	124	0.54	29	16	2.61	6	9.91
1643199626	2	7	30	32	143.000	124	0.38	21	30	2.88	10	15.84
1643199654	0	5	8	32	123.000	122	0.60	33	1	2.65	15	7.22
1643199674	0	10	8	30	147.000	123	0.71	24	3	2.98	6	4.66
1643199694	1	11	15	27	169.000	124	0.76	40	0	3.43	2	55.97
1643199714	2	11	30	29	160.000	125	0.56	25	23	2.65	7	15.88
1643199734	0	7	8	32	138.000	125	0.56	35	4	2.64	4	4.34
1643199761	2	29	30	21	212.000	122	0.89	31	1	3.09	9	19.12
1643199781	2	43	30	20	210.000	123	0.78	50	13	2.75	15	16.02
1643199801	2	29	30	23	256.000	124	1.21	43	0	3.29	0	61.80
1643199821	2	21	30	11	218.000	125	0.82	31	3	3.78	3	16.88
1643199841	1	14	15	32	159.000	125	0.82	58	3	3.01	17	10.92
1643199868	2	15	30	26	158.000	122	0.76	34	2	4.42	13	17.01
1643199888	1	17	15	27	153.000	123	0.69	41	5	3.60	12	10.27
1643199908	2	20	30	26	172.000	124	0.54	33	1	4.68	15	18.41
1643199928	2	13	30	25	167.000	125	0.59	36	15	4.15	15	15.93
1643199948	2	28	30	28	218.000	125	0.88	61	1	3.10	10	19.34
1643199975	2	30	30	28	188.000	123	0.87	74	5	3.00	18	16.50
1643199995	0	8	8	39	138.000	124	0.70	50	0	2.68	14	21.48
1643200015	2	31	30	27	226.000	125	0.78	51	1	3.82	16	20.29
1643200035	1	15	15	32	167.000	125	0.83	78	0	3.26	7	54.91
1643200055	2	31	30	29	237.000	125	0.91	62	0	3.81	16	60.40
1643200083	0	9	8	33	147.000	131	0.54	46	28	2.57	19	3.86
1643200103	0	5	8	33	133.000	132	0.72	81	4	2.73	5	4.43
1643200123	2	21	30	26	208.000	133	0.87	59	0	3.57	4	56.59
1643200143	2	17	30	25	183.000	134	0.78	42	1	3.50	13	19.44
1643200163	2	32	30	29	220.000	134	0.78	47	8	3.40	12	16.13
1643200190	0	7	8	31	126.000	125	0.80	34	1	3.31	13	8.83
1643200210	2	7	30	26	171.000	125	0.93	56	2	3.08	10	17.90
1643200230	2	19	30	26	174.000	126	0.36	24	56	3.71	15	15.82
1643200250	2	20	30	26	192.000	127	0.79	24	9	3.15	1	16.12
1643200270	2	19	30	26	165.000	127	0.87	42	0	3.58	4	32.08
1643200297	1	6	15	24	165.000	121	0.85	37	0	3.42	9	28.88
1643200317	1	11	15	24	152.000	122	0.53	36	7	3.29	11	10.06
1643200337	0	12	8	33	128.000	123	0.64	35	0	3.59	10	13.85
1643200357	2	18	30	22	171.000	123	0.81	29	4	2.79	8	16.52
1643200377	2	18	30	24	169.000	123	0.77	45	3	3.07	13	16.79
1643200404	1	11	15	27	152.000	122	0.70	28	2	3.21	8	10.93
1643200424	2	11	30	25	145.000	124	0.83	39	2	3.63	11	17.73
1643200444	1	20	15	31	192.000	124	0.62	36	3	3.75	15	10.65
1643200464	0	3	8	30	138.000	124	0.57	34	14	3.78	10	3.94
1643200484	1	11	15	30	142.000	124	0.71	42	7	3.58	5	10.18
1643200512	2	34	30	28	202.000	128	0.64	42	5	4.07	17	16.30
1643200532	0	5	8	32	144.000	129	0.78	60	1	2.99	11	9.23
1643200552	2	28	30	28	204.000	130	0.80	55	3	2.81	3	16.77
1643200572	0	8	8	35	138.000	131	0.77	71	2	2.78	2	5.11
1643200592	1	12	15	31	167.000	131	0.80	61	0	2.67	2	56.00
1643200619	0	7	8	39	133.000	123	0.59	61	4	2.40	22	4.30
1643200639	0	7	8	31	136.000	124	0.71	42	0	3.26	5	49.27
1643200659	1	15	15	30	162.000	124	0.83	68	0	3.01	22	42.07
1643200679	1	16	15	31	162.000	125	0.76	42	1	3.24	11	16.15
1643200699	1	14	15	30	171.000	125	0.81	70	4	3.11	8	10.66
1643200726	1	21	15	31	178.000	122	0.89	58	0	3.36	18	50.09
1643200746	1	9	15	26	136.000	123	0.86	29	2	2.95	6	12.36
1643200766	2	9	30	27	147.000	125	0.85	64	1	3.09	24	20.38
1643200786	0	8	8	31	122.000	125	0.71	35	2	2.92	14	5.47
1643200806	0	11	8	26	128.000	125	0.81	51	1	2.62	10	8.57
1643200833	2	19	30	25	167.000	131	0.53	27	25	4.70	16	15.87
1643200853	2	13	30	25	146.000	132	0.83	34	0	4.62	1	54.72
1643200873	0	9	8	29	137.000	133	0.75	31	1	3.31	8	6.79
1643200893	2	5	30	21	158.000	133	0.87	39	0	3.50	12	31.28
1643200913	0	10	8	29	129.000	133	0.59	29	1	3.95	13	7.40
1643200940	1	16	15	28	160.000	129	0.70	33	0	3.76	15	40.11
1643200961	0	7	8	32	136.000	130	0.67	31	1	2.87	10	7.53
1643200981	1	16	15	29	174.000	130	0.57	22	6	2.97	5	10.13
1643201001	2	15	30	26	171.000	131	0.67	28	3	3.28	9	16.72
1643201021	2	25	30	28	171.000	131	0.79	42	5	3.15	10	16.36
1643201048	2	10	30	25	172.000	131	0.82	36	4	3.57	5	16.57
1643201068	1	19	15	27	156.000	132	0.61	36	24	3.64	11	9.88
1643201088	1	15	15	28	146.000	132	0.71	45	1	4.11	11	12.17
1643201108	0	9	8	39	151.000	132	0.69	41	1	3.78	12	6.19
1643201128	1	10	15	24	128.000	133	0.85	42	2	4.73	8	11.58
1643201155	0	10	8	32	133.000	122	0.76	60	0	2.65	19	29.68
1643201175	1	16	15	29	156.000	123	0.72	70	0	3.01	24	26.22
1643201195	2	27	30	28	222.000	123	0.78	56	0	3.32	12	62.00
1643201215	2	29	30	29	214.000	124	0.86	68	2	2.78	18	18.02
1643201235	2	28	30	27	164.000	124	0.91	56	0	3.69	5	55.24
1643201262	0	10	8	33	132.000	128	0.75	40	3	3.23	12	4.79
1643201282	0	7	8	32	145.000	130	0.69	44	9	2.93	5	4.06
1643201302	0	3	8	32	134.000	130	0.85	79	4	3.14	1	4.54
1643201322	2	17	30	26	194.000	131	0.72	62	14	2.89	8	15.98
1643201342	2	26	30	24	212.000	131	0.77	44	0	3.90	7	31.07
1643201369	0	7	8	34	140.000	129	0.60	52	2	2.87	18	5.33
1643201389	1	18	15	27	144.000	130	0.76	35	4	2.96	13	10.54
1643201409	1	18	15	31	175.000	131	0.77	34	1	3.47	13	15.91
1643201430	2	13	30	26	171.000	131	0.48	29	34	4.13	18	15.84
1643201450	2	8	30	26	186.000	132	0.83	34	0	4.49	1	46.01
1643201477	0	21	8	29	164.000	122	0.78	24	0	3.12	8	39.66
1643201497	2	6	30	29	148.000	122	0.76	30	12	2.69	2	16.03
1643201517	2	8	30	28	169.000	123	0.75	34	0	3.36	7	35.90
1643201537	0	5	8	31	138.000	124	0.68	45	8	2.85	15	4.12
1643201557	1	6	15	29	122.000	124	0.79	47	4	3.04	6	10.47
1643201584	0	7	8	32	159.000	122	0.80	41	0	2.80	13	24.38
1643201604	0	14	8	25	131.000	123	0.48	26	57	2.42	5	3.82
1643201624	0	5	8	29	153.000	124	0.62	29	20	2.67	3	3.90
1643201644	2	13	30	25	161.000	124	0.44	21	35	3.41	1	15.84
1643201664	0	3	8	30	131.000	125	0.62	39	14	3.41	3	3.96
1643201691	0	11	8	37	133.000	127	0.49	48	4	2.70	19	4.29
1643201711	1	17	15	29	133.000	128	0.70	42	6	3.59	16	10.20
1643201731	0	6	8	30	133.000	129	0.73	27	4	4.54	6	4.46
1643201751	1	18	15	32	158.000	130	0.81	60	1	3.23	19	13.58
1643201771	0	7	8	39	145.000	130	0.73	73	1	2.79	9	7.25
1643201798	0	4	8	34	129.000	121	0.74	54	0	2.68	15	30.78
1643201818	2	9	30	38	125.000	124	0.50	45	3	2.52	16	16.44
1643201838	2	7	30	34	149.000	124	0.78	57	0	3.22	6	43.48
1643201858	0	5	8	35	160.000	124	0.59	36	2	2.71	13	5.05
1643201879	2	7	30	34	129.000	124	0.56	44	53	2.44	2	15.83
1643201906	0	4	8	32	131.000	125	0.87	56	0	2.88	3	48.26
1643201926	1	20	15	33	158.000	126	0.81	55	0	3.08	12	40.13
1643201946	0	6	8	27	151.000	127	0.58	44	2	3.18	19	5.07
1643201966	2	20	30	26	186.000	128	0.69	54	11	3.77	26	16.02
1643201986	1	5	15	26	159.000	128	0.77	35	9	2.99	7	10.11
1643202013	1	13	15	30	164.000	121	0.86	57	0	3.08	22	46.72
1643202033	1	8	15	24	142.000	124	0.74	27	4	3.49	9	10.57
1643202053	1	14	15	18	174.000	125	0.73	42	1	3.56	14	14.73
1643202073	2	15	30	21	164.000	125	0.78	26	1	3.63	9	18.10
1643202093	2	17	30	24	155.000	125	0.85	34	0	3.75	8	38.98
1643202120	1	16	15	25	162.000	123	0.55	33	1	3.63	8	14.57
1643202140	0	7	8	30	140.000	123	0.51	25	1	2.80	8	5.81
1643202160	2	17	30	25	186.000	124	0.72	24	2	2.87	5	17.06
1643202180	2	20	30	25	163.000	124	0.89	42	2	3.46	5	17.79
1643202200	1	16	15	29	174.000	124	0.78	26	2	3.47	6	11.55
1643202227	1	15	15	24	168.000	121	0.81	23	1	3.02	8	17.95
1643202247	2	12	30	27	145.000	123	0.60	26	37	3.06	9	15.85
1643202267	2	8	30	23	130.000	124	0.61	34	7	4.27	14	16.13
1643202287	2	19	30	29	154.000	125	0.64	47	16	3.86	18	15.94
1643202307	0	9	8	39	145.000	125	0.55	38	2	2.81	11	4.66
1643202335	0	13	8	31	124.000	122	0.66	48	0	3.39	2	12.19
1643202355	2	6	30	36	142.000	123	0.70	66	0	2.39	18	45.06
1643202375	1	4	15	38	137.000	123	0.76	71	1	2.85	16	13.80
1643202395	2	5	30	36	130.000	124	0.83	57	0	2.97	6	55.65
1643202415	0	6	8	40	138.000	125	0.74	60	0	2.58	8	28.26
1643202442	0	9	8	36	135.000	122	0.78	52	0	2.72	15	49.99
1643202462	2	11	30	37	143.000	123	0.66	48	1	2.42	12	18.49
1643202482	0	5	8	32	136.000	123	0.68	45	0	3.04	3	20.18
1643202502	2	8	30	37	136.000	124	0.42	55	2	2.50	1	16.73
1643202522	1	8	15	36	156.000	124	0.77	58	1	2.58	18	14.90
1643202549	2	15	30	25	169.000	122	0.62	48	31	3.03	22	15.86
1643202569	1	18	15	33	176.000	124	0.84	60	0	3.35	22	22.29
1643202589	2	31	30	21	238.000	124	0.65	38	1	3.84	13	19.58
1643202609	0	7	8	39	150.000	124	0.75	53	1	2.73	19	8.98
1643202629	0	10	8	35	134.000	125	0.60	20	2	3.32	4	5.00
1643202656	2	19	30	27	175.000	126	0.80	36	1	4.07	16	22.20
1643202676	2	10	30	24	140.000	126	0.78	31	1	3.74	11	22.97
1643202696	0	6	8	26	133.000	128	0.47	30	47	2.27	10	3.83
1643202716	1	14	15	24	156.000	128	0.56	36	16	3.01	4	9.91
1643202737	2	22	30	27	170.000	128	0.89	36	0	3.61	2	36.85
1643202764	2	9	30	25	133.000	122	0.63	15	1	2.79	3	19.45
1643202784	0	6	8	24	124.000	123	0.73	37	0	3.13	0	13.99
1643202804	0	9	8	26	144.000	124	0.41	35	37	2.61	12	3.83
1643202824	2	23	30	26	179.000	124	0.66	28	27	2.75	9	15.88
1643202844	2	19	30	26	177.000	125	0.48	31	57	2.52	2	15.82
1643202871	0	8	8	27	118.000	127	0.57	27	2	3.82	9	4.77
1643202891	1	20	15	27	160.000	128	0.76	46	1	4.27	6	13.48
1643202911	2	17	30	25	168.000	129	0.46	33	4	3.66	18	16.21
1643202931	1	33	15	30	160.000	130	0.84	58	1	3.78	0	13.64
1643202951	2	28	30	27	194.000	130	0.86	61	0	3.26	18	61.16
1643202978	0	6	8	37	128.000	121	0.70	83	1	2.88	16	7.75
1643202998	2	6	30	33	126.000	123	0.83	58	1	2.94	14	24.20
1643203018	0	8	8	36	128.000	124	0.69	58	0	2.81	13	28.92
1643203038	0	6	8	27	115.000	124	0.52	72	2	2.83	14	4.68
1643203058	2	10	30	32	137.000	124	0.80	58	0	2.62	8	62.00
1643203085	0	7	8	34	144.000	122	0.72	52	0	2.51	21	29.55
1643203105	0	9	8	38	144.000	123	0.79	85	5	2.73	20	4.45
1643203125	2	7	30	37	134.000	123	0.69	59	0	2.46	12	28.24
1643203145	0	10	8	30	126.000	124	0.25	41	17	2.54	2	3.84
1643203166	2	10	30	36	147.000	124	0.78	60	0	2.62	21	34.82
1643203193	1	22	15	24	174.000	125	0.85	34	1	3.28	11	15.79
1643203213	1	15	15	27	158.000	126	0.53	25	3	4.81	13	10.50
1643203233	2	15	30	26	160.000	128	0.58	16	3	3.39	9	16.62
1643203253	2	16	30	26	185.000	128	0.73	35	12	4.08	4	16.00
1643203273	1	21	15	26	144.000	129	0.75	21	2	3.25	6	11.94
1643203300	1	6	15	23	133.000	121	0.77	23	1	3.41	7	13.61
1643203320	1	10	15	24	144.000	123	0.45	39	46	3.03	18	9.83
1643203340	1	15	15	25	158.000	123	0.63	20	1	2.81	6	15.95
1643203360	2	12	30	25	163.000	123	0.80	38	1	3.12	14	18.85
1643203380	0	7	8	33	157.000	124	0.76	37	0	2.95	10	16.18
1643203407	0	4	8	29	156.000	122	0.66	34	1	2.79	4	9.72
1643203427	0	7	8	28	133.000	123	0.62	34	32	3.03	8	3.86
1643203447	2	4	30	28	119.000	123	0.58	39	13	2.72	4	15.96
1643203467	2	13	30	32	156.000	124	0.47	33	7	3.19	14	16.04
1643203487	0	9	8	39	130.000	125	0.49	41	10	3.16	19	3.98
1643203514	1	13	15	21	135.000	121	0.71	21	1	3.92	8	16.17
1643203534	1	17	15	32	186.000	124	0.84	86	1	3.11	17	14.01
1643203554	0	8	8	40	130.000	125	0.83	60	0	3.23	19	38.76
1643203574	1	15	15	34	145.000	125	0.77	69	0	2.83	0	56.00
1643203595	2	14	30	26	200.000	125	0.90	57	1	3.38	14	23.30
1643203622	2	28	30	27	194.000	123	0.84	54	0	3.41	11	60.21
1643203642	2	21	30	27	216.000	124	0.90	51	0	3.26	5	61.93
1643203662	1	17	15	32	174.000	124	0.82	54	2	3.37	14	12.00
1643203682	0	4	8	32	136.000	124	0.79	47	7	2.85	9	4.20
1643203702	1	22	15	30	150.000	125	0.73	62	0	3.12	12	34.73
1643203729	2	32	30	27	186.000	122	0.87	64	3	2.81	16	16.77
1643203749	0	6	8	38	136.000	124	0.62	55	1	2.19	25	8.03
1643203769	2	31	30	28	235.000	125	0.88	60	1	3.42	18	20.26
1643203789	2	31	30	21	215.000	125	0.86	52	12	3.51	0	16.06
1643203809	0	8	8	35	128.000	125	0.79	56	0	2.75	7	17.96
1643203836	0	5	8	29	133.000	127	0.60	20	2	3.49	8	4.88
1643203856	0	10	8	34	131.000	128	0.70	44	2	2.61	15	4.98
1643203876	2	22	30	22	158.000	129	0.87	36	1	3.76	5	22.88
1643203896	2	10	30	24	142.000	130	0.55	18	38	2.77	1	15.84
1643203916	1	15	15	25	169.000	130	0.73	41	7	3.32	11	10.18
1643203943	2	8	30	23	156.000	122	0.83	44	1	3.47	18	18.63
1643203963	2	20	30	24	160.000	123	0.83	43	0	3.69	8	27.23
1643203983	2	18	30	25	161.000	124	0.81	36	1	3.58	13	25.10
1643204003	1	7	15	23	162.000	124	0.85	37	2	3.88	2	11.70
1643204023	2	13	30	26	168.000	125	0.74	31	2	4.08	4	17.23
1643204051	0	9	8	32	128.000	127	0.77	30	3	3.89	5	5.00
1643204071	1	14	15	24	143.000	129	0.56	39	1	3.98	18	12.16
1643204091	1	19	15	27	162.000	129	0.67	43	6	3.83	18	10.19
1643204111	1	14	15	27	146.000	129	0.84	45	3	3.03	5	10.94
1643204131	1	7	15	22	167.000	130	0.85	85	2	3.09	2	11.50
1643204158	0	6	8	35	144.000	126	0.78	85	3	2.31	20	4.76
1643204178	0	7	8	37	145.000	126	0.71	55	1	2.50	18	8.77
1643204198	0	5	8	30	119.000	128	0.71	55	2	2.62	15	4.99
1643204218	2	35	30	30	192.000	128	0.68	41	0	3.70	13	42.06
1643204238	1	15	15	32	171.000	128	0.73	32	3	3.04	7	10.73
1643204265	1	15	15	31	164.000	122	0.83	55	1	2.78	17	12.25
1643204285	1	10	15	29	159.000	124	0.84	42	0	3.44	1	46.48
1643204305	1	11	15	30	164.000	124	0.84	57	1	3.11	15	15.02
1643204325	2	28	30	27	210.000	125	0.99	74	4	2.98	15	16.91
1643204345	2	25	30	27	162.000	125	0.59	54	35	3.02	19	15.85
1643204372	0	8	8	32	131.000	128	0.79	61	1	2.89	23	10.59
1643204392	2	20	30	26	186.000	129	0.89	55	0	3.61	7	49.77
1643204412	1	19	15	27	157.000	130	0.53	22	5	5.34	8	10.16
1643204432	2	12	30	25	142.000	131	0.67	22	1	4.04	7	21.55
1643204452	1	18	15	27	166.000	131	0.81	43	0	3.76	7	36.38
1643204480	2	26	30	22	206.000	122	0.81	34	1	3.67	13	23.58
1643204500	0	9	8	23	137.000	123	0.53	44	49	2.61	16	3.83
1643204520	0	7	8	29	157.000	123	0.46	28	36	2.48	11	3.84
1643204540	2	36	30	23	240.000	123	0.75	19	0	2.88	3	31.50
1643204560	2	22	30	17	224.000	123	0.84	38	1	3.11	12	19.47
1643204587	0	8	8	33	147.000	122	0.73	37	1	2.74	11	12.06
1643204607	0	10	8	33	131.000	123	0.78	34	1	3.74	1	11.46
1643204627	1	15	15	25	148.000	124	0.78	33	5	3.43	1	10.34
1643204647	2	12	30	23	136.000	124	0.76	56	12	3.33	20	16.03
1643204667	2	16	30	26	157.000	124	0.72	68	15	2.84	29	15.96
1643204694	1	26	15	33	154.000	121	0.71	45	1	4.16	16	16.58
1643204714	0	4	8	25	138.000	123	0.74	45	9	3.29	10	4.11
1643204734	0	7	8	32	136.000	124	0.64	50	27	3.58	1	3.88
1643204754	2	30	30	30	188.000	124	0.91	76	0	3.19	21	62.00
1643204774	1	15	15	32	173.000	124	0.82	63	0	3.24	15	54.69
1643204801	1	17	15	32	194.000	122	0.84	56	0	3.47	20	46.27
1643204821	2	12	30	30	142.000	123	0.76	77	5	2.93	9	16.39
1643204841	1	16	15	29	166.000	124	0.88	69	0	3.09	13	55.96
1643204861	2	15	30	31	158.000	125	0.83	53	0	3.19	9	59.68
1643204881	2	13	30	29	144.000	125	0.75	50	0	3.24	2	51.57
1643204909	0	8	8	36	132.000	128	0.75	54	1	2.48	12	11.82
1643204929	1	14	15	31	182.000	129	0.47	32	10	3.36	10	9.96
1643204949	1	20	15	32	169.000	131	0.50	44	21	2.97	12	9.88
1643204969	0	9	8	34	143.000	131	0.70	56	1	2.81	11	6.57
1643204989	2	16	30	26	178.000	132	0.76	39	0	3.43	6	48.27
1643205016	2	13	30	24	140.000	122	0.53	23	3	5.62	11	16.39
1643205036	2	15	30	24	154.000	124	0.82	24	9	3.17	1	16.12
1643205056	2	21	30	27	200.000	125	0.86	41	1	3.63	8	21.31
1643205076	2	14	30	24	158.000	125	0.78	31	1	3.75	11	23.55
1643205096	0	9	8	29	148.000	125	0.47	23	54	2.38	5	3.82
1643205123	2	25	30	26	183.000	122	0.74	77	18	2.47	17	15.94
1643205143	1	14	15	25	153.000	123	0.84	45	1	3.47	13	14.48
1643205163	1	16	15	29	161.000	123	0.69	37	18	2.97	5	9.93
1643205183	1	16	15	27	188.000	124	0.87	38	0	3.59	3	27.70
1643205203	0	8	8	26	143.000	124	0.68	43	10	2.61	5	4.04
1643205230	0	13	8	37	136.000	122	0.72	44	1	3.45	10	6.20
1643205250	1	6	15	31	142.000	123	0.61	31	1	3.61	7	11.57
1643205270	0	8	8	35	143.000	124	0.49	36	19	3.08	16	3.88
1643205290	2	11	30	36	156.000	124	0.45	35	4	2.87	14	16.16
1643205311	0	5	8	31	114.000	125	0.63	40	3	2.72	11	4.54
1643205338	1	15	15	31	170.000	121	0.79	53	0	3.33	21	29.41
1643205358	2	14	30	33	190.000	123	0.82	72	1	3.09	19	20.15
1643205378	2	16	30	32	170.000	123	0.67	56	4	3.17	24	16.41
1643205398	1	10	15	29	156.000	124	0.84	58	0	3.14	22	53.69
1643205418	1	16	15	31	169.000	125	0.82	55	0	3.33	11	54.19
1643205445	2	37	30	27	261.000	126	0.79	33	1	3.42	10	18.76
1643205465	2	17	30	26	222.000	127	0.60	44	1	3.59	2	19.12
1643205485	2	11	30	26	206.000	128	0.79	53	1	3.14	22	21.83
1643205505	1	12	15	29	170.000	129	0.89	58	0	3.14	20	56.00
1643205525	1	9	15	28	165.000	129	0.83	53	0	3.10	3	28.15
1643205552	2	19	30	28	185.000	122	0.74	63	11	3.02	24	16.04
1643205572	0	5	8	29	129.000	124	0.85	79	1	2.75	22	6.41
1643205592	1	17	15	28	175.000	125	0.86	54	0	3.78	3	49.66
1643205612	2	9	30	18	204.000	125	0.63	20	22	3.39	8	15.90
1643205632	2	28	30	18	227.000	126	0.84	31	7	3.20	4	16.27
1643205659	0	6	8	31	143.000	124	0.73	42	0	2.71	14	14.06
1643205679	1	12	15	25	153.000	124	0.85	37	0	3.86	3	37.55
1643205699	2	14	30	25	169.000	125	0.59	23	15	3.04	6	15.94
1643205719	0	8	8	32	143.000	126	0.77	50	1	3.02	8	7.41
1643205739	1	7	15	23	146.000	126	0.71	29	2	3.32	13	11.45
1643205767	2	24	30	17	204.000	121	0.85	33	4	3.29	7	16.72
1643205787	2	10	30	20	229.000	123	0.73	34	6	3.26	11	16.25
1643205807	1	12	15	24	168.000	124	0.63	31	14	2.94	14	9.95
1643205827	2	20	30	19	220.000	124	0.80	46	9	3.60	9	16.12
1643205847	1	17	15	29	166.000	125	0.77	26	1	4.31	7	12.26
1643205874	0	7	8	37	130.000	122	0.61	32	9	3.21	8	4.05
1643205894	2	9	30	37	133.000	123	0.55	41	2	2.73	17	16.85
1643205914	2	8	30	33	135.000	123	0.59	44	11	2.34	16	15.98
1643205934	0	6	8	36	131.000	124	0.68	52	1	2.75	21	10.67
1643205954	0	6	8	40	140.000	125	0.66	60	0	2.43	22	26.00
1643205981	1	11	15	31	165.000	127	0.83	63	0	3.24	15	55.99
1643206001	0	8	8	36	145.000	128	0.69	52	0	2.71	14	31.69
1643206021	1	4	15	31	154.000	129	0.56	46	0	2.71	13	16.66
1643206041	2	17	30	26	164.000	129	0.74	31	2	3.25	9	17.40
1643206061	2	26	30	27	204.000	130	0.79	47	0	3.53	14	29.37
1643206088	0	4	8	32	131.000	122	0.88	56	0	2.77	13	47.89
1643206108	2	7	30	38	121.000	123	0.63	50	1	2.29	19	21.87
1643206128	1	7	15	37	136.000	124	0.74	56	1	2.51	18	13.19
1643206148	0	7	8	37	128.000	125	0.46	45	7	2.52	21	4.05
1643206169	2	6	30	34	126.000	125	0.73	59	1	2.85	22	19.35
1643206196	0	10	8	33	132.000	123	0.53	31	10	3.20	18	3.99
1643206216	0	6	8	30	122.000	124	0.37	29	52	3.30	19	3.82
1643206236	0	12	8	25	135.000	124	0.48	22	11	3.13	1	3.95
1643206256	1	8	15	31	137.000	125	0.64	41	1	3.35	1	13.28
1643206276	2	9	30	30	136.000	126	0.80	33	0	3.50	0	55.28
1643206303	0	4	8	23	125.000	122	0.79	39	0	3.33	12	28.26
1643206323	2	20	30	27	192.000	123	0.60	28	10	3.39	13	16.02
1643206343	2	18	30	25	174.000	124	0.74	20	1	2.97	6	20.75
1643206363	2	15	30	24	154.000	124	0.86	41	1	3.65	14	20.24
1643206383	2	18	30	25	141.000	124	0.85	37	0	3.74	6	35.95
1643206410	2	12	30	24	173.000	128	0.87	34	0	3.94	1	39.30
1643206430	1	14	15	25	132.000	129	0.67	46	17	3.13	14	9.93
1643206450	0	8	8	28	147.000	130	0.70	22	6	3.98	6	4.22
1643206470	2	30	30	27	204.000	130	0.74	59	20	3.42	24	15.92
1643206490	1	18	15	32	162.000	131	0.66	42	5	3.74	15	10.25
1643206517	1	11	15	24	140.000	126	0.76	38	3	3.58	17	10.96
1643206537	0	5	8	30	134.000	128	0.60	61	3	2.49	22	4.51
1643206557	1	15	15	34	165.000	128	0.66	63	0	2.16	20	37.25
1643206577	2	25	30	27	219.000	129	0.84	74	1	3.02	9	20.33
1643206597	0	3	8	33	145.000	129	0.52	52	0	2.84	15	9.51
1643206625	1	16	15	27	155.000	122	0.80	79	0	3.15	12	56.00
1643206645	0	8	8	39	134.000	123	0.68	60	0	2.31	18	31.07
1643206665	0	8	8	44	144.000	124	0.82	53	0	2.78	1	28.55
1643206685	1	14	15	29	196.000	124	0.71	59	4	2.61	21	10.55
1643206705	2	30	30	28	194.000	125	0.83	52	0	3.64	23	28.16
1643206732	0	9	8	35	138.000	122	0.69	36	0	2.79	10	14.18
1643206752	2	6	30	27	185.000	124	0.75	47	3	3.49	16	16.82
1643206772	2	10	30	25	249.000	125	0.82	73	2	3.28	27	17.26
1643206792	2	20	30	26	200.000	125	0.89	55	0	3.74	7	48.86
1643206812	2	13	30	25	169.000	125	0.87	44	3	3.27	14	16.95
1643206839	1	22	15	30	161.000	122	0.70	33	0	3.32	15	22.74
1643206859	2	10	30	22	176.000	123	0.86	42	1	3.08	3	20.19
1643206879	2	10	30	20	129.000	124	0.88	41	1	3.46	9	24.98
1643206899	1	25	15	25	178.000	125	0.69	25	3	3.36	4	10.87
1643206919	2	29	30	26	258.000	125	0.73	58	13	3.03	19	15.99
1643206946	2	35	30	19	237.000	122	0.88	28	3	3.25	9	17.12
1643206966	2	42	30	19	252.000	123	0.89	51	0	3.68	1	36.28
1643206986	0	7	8	31	123.000	124	0.73	32	1	2.59	1	9.90
1643207006	1	15	15	23	194.000	124	0.64	37	3	2.47	6	10.62
1643207026	1	16	15	30	143.000	125	0.61	50	9	3.45	3	10.03
1643207054	2	17	30	26	228.000	131	0.66	35	2	4.70	16	17.31
1643207074	2	24	30	27	149.000	132	0.73	43	6	5.06	12	16.26
1643207094	2	22	30	27	244.000	132	0.52	37	21	4.18	19	15.88
1643207114	1	15	15	26	151.000	133	0.74	35	4	3.61	17	10.49
1643207134	0	7	8	32	137.000	134	0.76	46	2	4.08	4	5.25
1643207161	0	8	8	38	168.000	127	0.74	69	1	2.89	16	7.94
1643207181	1	14	15	27	177.000	128	0.58	57	3	2.26	6	10.61
1643207201	2	16	30	26	171.000	129	0.69	51	1	3.90	1	19.02
1643207221	2	20	30	26	216.000	130	0.71	39	6	3.53	19	16.22
1643207241	2	18	30	27	252.000	130	0.91	93	2	2.47	28	18.21
1643207268	2	14	30	26	227.000	123	0.81	62	3	3.32	18	16.91
1643207288	0	10	8	34	178.000	124	0.76	56	19	2.97	3	3.94
1643207308	2	21	30	27	226.000	125	0.79	61	3	3.33	4	17.04
1643207328	2	7	30	27	236.000	123	0.75	34	4	3.47	13	16.57
1643207348	0	7	8	37	165.000	123	0.74	50	2	2.38	6	5.36
1643207375	1	11	15	26	157.000	121	0.70	34	0	3.55	7	23.66
1643207395	2	13	30	25	206.000	123	0.75	30	0	3.22	11	50.32
1643207415	0	8	8	29	176.000	123	0.48	26	10	4.21	7	3.96
1643207435	1	15	15	23	168.000	125	0.55	33	1	3.11	5	13.32
1643207455	2	20	30	22	192.000	125	0.80	53	13	2.74	17	16.02
1643207483	0	6	8	21	155.000	130	0.77	37	0	2.96	15	24.06
1643207503	2	17	30	26	172.000	132	0.52	28	26	2.92	7	15.86
1643207523	0	8	8	33	134.000	132	0.67	44	0	2.94	14	12.24
1643207543	1	12	15	30	188.000	132	0.64	24	13	2.47	9	9.97
1643207563	1	11	15	24	212.000	132	0.76	26	0	2.89	11	19.84
1643207590	0	10	8	33	142.000	123	0.50	30	2	2.76	11	4.67
1643207610	1	8	15	27	198.000	124	0.69	37	4	3.58	3	10.50
1643207630	2	8	30	23	216.000	124	0.64	34	34	3.09	13	15.86
1643207650	2	5	30	24	154.000	125	0.79	43	4	4.40	3	16.57
1643207670	1	22	15	32	198.000	125	0.81	47	5	4.07	3	10.46
1643207697	2	16	30	26	202.000	122	0.59	49	23	3.16	19	15.88
1643207717	0	10	8	32	172.000	123	0.43	27	46	3.62	17	3.83
1643207737	2	16	30	27	267.000	125	0.86	65	1	2.89	4	21.85
1643207757	1	10	15	35	400.000	126	0.85	72	2	3.33	19	11.19
1643207777	2	37	30	28	235.000	128	0.86	70	2	3.07	16	17.46
1643207804	1	17	15	34	196.000	122	0.75	64	0	3.06	23	27.88
1643207824	0	6	8	29	149.000	124	0.66	74	7	2.89	15	4.15
1643207844	1	15	15	34	200.000	124	0.89	59	0	3.47	14	53.12
1643207864	1	15	15	25	176.000	125	0.52	63	29	2.92	9	9.86
1643207885	0	8	8	30	138.000	125	0.73	87	4	2.74	23	4.41
1643207912	1	16	15	28	154.000	131	0.75	46	0	3.48	7	55.98
1643207932	0	7	8	32	125.000	133	0.82	28	1	2.86	5	6.47
1643207952	1	11	15	32	182.000	134	0.50	43	13	3.46	17	9.93
1643207972	0	8	8	32	139.000	134	0.47	36	2	3.12	14	4.97
1643207992	0	8	8	32	139.000	134	0.67	42	1	3.20	7	10.93
1643208019	0	7	8	32	129.000	127	0.40	26	14	3.32	15	3.89
1643208039	0	7	8	30	136.000	128	0.72	46	0	2.80	16	35.51
1643208059	2	15	30	26	200.000	128	0.84	25	0	3.51	9	60.19
1643208079	0	9	8	29	149.000	129	0.73	41	0	3.48	4	39.01
1643208099	2	16	30	25	194.000	129	0.80	36	0	3.84	8	37.02
1643208126	2	21	30	26	182.000	123	0.49	24	1	3.63	9	19.47
1643208146	1	16	15	26	174.000	123	0.81	28	1	2.96	11	20.01
1643208166	2	16	30	26	200.000	124	0.72	28	3	3.46	6	16.67
1643208186	0	8	8	30	152.000	125	0.49	28	4	2.57	8	4.26
1643208206	1	10	15	22	173.000	125	0.58	35	13	3.33	7	9.95
1643208233	2	34	30	23	180.000	122	0.74	32	3	4.15	7	16.77
1643208253	1	19	15	25	179.000	123	0.67	23	10	3.38	1	10.02
1643208273	0	3	8	33	142.000	124	0.39	41	15	2.75	4	3.89
1643208293	1	17	15	28	139.000	124	0.71	41	3	3.58	1	10.74
1643208313	1	12	15	17	162.000	124	0.56	22	2	4.41	11	11.15
1643208341	2	31	30	31	191.000	122	0.89	64	1	3.21	20	25.42
1643208361	2	51	30	24	264.000	123	0.91	74	1	3.21	3	21.46
1643208381	0	8	8	39	135.000	123	0.68	62	0	2.40	22	25.88
1643208401	0	7	8	37	153.000	124	0.82	59	1	2.92	18	6.53
1643208421	2	16	30	23	182.000	124	0.79	70	47	2.95	13	15.85
1643208448	1	14	15	31	181.000	122	0.90	61	0	3.28	15	54.36
1643208468	2	23	30	27	220.000	123	0.89	50	0	3.83	15	60.12
1643208488	1	20	15	33	169.000	124	0.90	78	6	3.33	16	10.37
1643208508	0	5	8	26	104.000	125	0.66	45	0	3.68	1	19.57
1643208528	1	17	15	29	180.000	125	0.77	40	1	3.20	13	13.50
1643208555	1	15	15	30	217.000	132	0.37	40	15	3.57	4	9.88
1643208575	2	5	30	24	153.000	134	0.77	35	7	3.20	11	16.20
1643208595	0	9	8	33	141.000	134	0.61	31	3	3.50	16	4.48
1643208615	2	18	30	26	171.000	134	0.52	27	6	4.70	15	16.10
1643208635	2	28	30	27	200.000	135	0.51	33	18	3.37	3	15.89
1643208662	0	7	8	28	142.000	127	0.72	27	1	3.26	9	10.45
1643208682	2	15	30	25	177.000	127	0.77	25	12	2.53	3	16.03
1643208702	2	13	30	26	152.000	128	0.81	35	0	3.53	5	46.49
1643208722	2	16	30	25	143.000	129	0.59	25	0	3.61	4	52.53
1643208742	0	8	8	28	165.000	129	0.56	25	26	2.88	4	3.87
1643208769	2	22	30	24	179.000	121	0.87	51	8	2.83	15	16.18
1643208790	0	7	8	29	180.000	123	0.93	44	5	3.12	3	4.50
1643208810	2	38	30	17	186.000	124	0.95	46	1	3.82	6	21.73
1643208830	2	32	30	28	212.000	124	0.78	60	2	3.47	10	17.05
1643208850	2	9	30	19	183.000	125	0.81	38	3	4.64	9	16.85
1643208877	2	26	30	25	194.000	122	0.69	46	12	3.59	19	16.00
1643208897	1	18	15	33	159.000	123	0.74	38	0	3.56	1	56.00
1643208917	2	24	30	21	233.000	124	0.77	25	4	4.94	6	16.55
1643208937	0	7	8	38	112.000	126	0.71	59	1	2.52	3	7.44
1643208957	2	26	30	28	226.000	126	0.68	72	1	2.82	7	19.29
1643208984	0	7	8	36	131.000	128	0.72	54	0	2.52	18	16.11
1643209004	2	32	30	29	237.000	129	0.72	58	9	2.70	19	16.08
1643209024	0	5	8	31	150.000	129	0.70	73	2	3.05	8	5.12
1643209044	1	17	15	30	158.000	130	0.91	55	0	3.51	7	56.00
1643209064	2	25	30	28	216.000	130	0.72	43	1	3.71	14	23.64
1643209091	1	8	15	29	153.000	122	0.84	48	0	3.08	19	51.88
1643209111	0	8	8	34	133.000	123	0.66	54	1	2.41	17	10.16
1643209131	1	16	15	23	196.000	124	0.77	44	4	2.84	14	10.49
1643209151	2	12	30	27	175.000	125	0.74	62	14	3.42	27	15.98
1643209171	2	14	30	28	176.000	125	0.83	30	0	2.96	14	45.90
1643209198	2	16	30	26	274.000	122	0.85	58	2	3.05	19	17.63
1643209219	2	12	30	26	184.000	124	0.58	21	20	3.61	9	15.90
1643209239	1	11	15	23	160.000	124	0.69	32	3	3.06	16	10.85
1643209259	2	14	30	23	150.000	124	0.77	24	0	3.40	8	40.61
1643209279	2	7	30	21	192.000	125	0.91	43	1	3.25	1	24.31
1643209306	2	13	30	26	184.000	122	0.62	32	1	3.52	8	17.66
1643209326	1	18	15	28	194.000	123	0.71	49	23	3.34	5	9.90
1643209346	1	15	15	26	169.000	123	0.80	36	1	3.41	12	16.72
1643209366	2	9	30	26	258.000	123	0.69	33	4	3.37	8	16.47
1643209386	2	15	30	25	192.000	123	0.77	40	17	3.23	13	15.96
1643209413	2	16	30	25	187.000	124	0.91	45	1	3.89	11	27.12
1643209433	1	14	15	28	144.000	125	0.51	23	35	2.99	8	9.84
1643209453	2	13	30	26	192.000	126	0.66	35	3	4.18	14	16.55
1643209473	0	8	8	31	144.000	126	0.62	47	2	2.80	8	5.23
1643209493	0	9	8	34	124.000	126	0.71	45	2	2.67	11	5.45
1643209520	0	6	8	27	129.000	127	0.81	61	0	3.14	6	33.01
1643209540	0	7	8	33	200.000	128	0.67	52	1	2.75	19	8.45
1643209560	2	23	30	27	180.000	129	0.88	76	1	2.99	6	20.10
1643209580	1	16	15	32	168.000	129	0.86	60	1	3.24	17	15.21
1643209600	0	8	8	36	132.000	130	0.78	57	1	2.54	4	10.78
1643209627	0	15	8	33	186.000	121	0.30	36	3	2.97	5	4.17
1643209647	0	9	8	36	131.000	123	0.70	53	0	2.47	17	22.56
1643209668	1	8	15	34	146.000	123	0.70	42	1	2.63	11	14.69
1643209688	1	10	15	37	150.000	124	0.73	59	1	2.75	9	16.49
1643209708	2	5	30	35	145.000	125	0.57	49	3	2.52	6	16.54
1643209735	0	9	8	35	129.000	126	0.47	41	17	2.44	20	3.89
1643209755	2	25	30	27	216.000	128	0.60	43	1	3.81	19	18.43
1643209775	0	8	8	30	124.000	129	0.62	31	4	2.79	8	4.32
1643209795	1	17	15	29	215.000	129	0.55	28	9	2.95	12	10.02
1643209815	1	9	15	24	146.000	129	0.46	20	12	4.05	12	9.93
1643209842	0	9	8	31	174.000	122	0.60	35	3	3.53	2	4.45
1643209862	2	9	30	27	157.000	123	0.69	36	7	3.15	2	16.15
1643209882	0	9	8	28	160.000	124	0.79	34	0	3.34	8	24.58
1643209902	0	6	8	29	137.000	124	0.73	41	10	2.90	11	4.04
1643209922	0	5	8	28	145.000	125	0.68	44	7	2.85	13	4.16
1643209949	1	7	15	24	162.000	126	0.78	36	1	3.40	13	19.96
1643209969	2	14	30	24	157.000	127	0.80	29	1	3.69	5	21.13
1643209989	2	7	30	23	165.000	128	0.73	30	1	3.51	4	22.87
1643210009	1	28	15	27	178.000	128	0.75	34	5	3.20	9	10.40
1643210029	0	4	8	28	130.000	129	0.46	37	16	3.01	15	3.90
1643210056	2	25	30	22	196.000	122	0.77	18	1	4.66	5	19.07
1643210076	0	8	8	37	146.000	123	0.58	42	16	2.90	14	3.92
1643210096	2	25	30	24	187.000	123	0.59	36	2	4.08	19	16.85
1643210117	1	11	15	27	147.000	124	0.82	48	1	3.76	2	16.16
1643210137	1	16	15	30	174.000	126	0.67	47	5	3.49	16	10.26
1643210164	2	24	30	28	221.000	122	0.77	75	16	2.92	21	15.97
1643210184	2	23	30	26	220.000	123	0.90	60	1	3.19	15	21.18
1643210204	1	17	15	34	173.000	124	0.71	62	0	2.98	16	41.83
1643210224	0	7	8	33	136.000	124	0.79	80	1	3.13	4	10.71
1643210244	0	9	8	32	134.000	124	0.65	53	0	2.45	13	48.77
1643210271	0	8	8	34	188.000	126	0.83	51	0	3.22	18	37.51
1643210291	2	44	30	29	235.000	128	0.76	83	12	2.41	9	16.01
1643210311	2	30	30	29	204.000	122	0.87	60	2	2.93	17	17.28
1643210331	1	10	15	24	232.000	124	0.85	39	1	3.10	7	20.84
1643210351	2	24	30	27	232.000	124	0.83	53	0	2.83	7	62.00
1643210378	0	8	8	30	210.000	122	0.66	25	2	3.03	8	5.06
1643210398	0	7	8	35	129.000	123	0.76	53	1	2.86	19	7.28
1643210418	2	5	30	31	142.000	124	0.37	27	79	2.56	12	15.81
1643210438	0	4	8	24	120.000	125	0.74	34	1	4.30	1	6.24
1643210458	0	8	8	29	145.000	125	0.75	40	3	2.92	14	4.84
1643210485	0	6	8	28	150.000	126	0.74	21	1	2.85	7	12.48
1643210505	2	11	30	24	163.000	127	0.52	35	30	3.13	15	15.85
1643210525	2	7	30	25	174.000	127	0.65	43	8	3.47	1	16.10
1643210545	1	13	15	27	159.000	127	0.79	32	1	3.23	10	19.99
1643210566	2	16	30	26	185.000	127	0.79	29	1	3.70	3	22.04
1643210593	2	13	30	14	198.000	122	0.83	27	1	3.94	7	18.27
1643210613	2	41	30	16	206.000	123	0.70	40	34	2.57	10	15.87
1643210633	0	6	8	27	127.000	124	0.88	71	3	2.76	19	5.04
1643210653	0	6	8	24	135.000	125	0.48	30	31	2.31	7	3.85
1643210673	0	7	8	37	138.000	125	0.48	43	23	2.85	13	3.87
1643210700	0	10	8	32	138.000	126	0.59	37	1	2.84	16	6.05
1643210720	2	15	30	24	182.000	128	0.87	85	4	3.23	3	16.57
1643210740	0	7	8	38	144.000	129	0.70	61	1	2.57	19	7.38
1643210760	0	7	8	39	131.000	129	0.61	65	1	2.49	15	8.88
1643210780	0	6	8	32	136.000	129	0.63	58	4	2.33	19	4.39
1643210807	1	12	15	29	158.000	122	0.72	46	0	3.20	14	50.80
1643210827	2	22	30	30	214.000	124	0.87	54	0	3.66	1	61.81
1643210847	0	7	8	38	169.000	124	0.85	75	0	2.88	22	16.32
1643210867	2	23	30	25	223.000	124	0.80	49	2	3.12	19	17.42
1643210887	2	11	30	29	200.000	124	0.87	79	5	3.30	23	16.52
1643210914	2	42	30	28	255.000	122	0.88	63	2	2.84	20	18.23
1643210934	0	7	8	35	169.000	123	0.73	40	8	3.13	4	4.12
1643210954	0	8	8	38	144.000	124	0.76	66	1	2.82	25	9.22
1643210974	1	13	15	28	212.000	124	0.66	32	6	3.12	11	10.18
1643210995	2	25	30	30	200.000	124	0.88	45	1	3.21	14	20.51
1643211022	2	21	30	26	149.000	126	0.55	23	1	4.03	11	18.03
1643211042	0	6	8	31	135.000	127	0.74	40	0	2.95	11	23.94
1643211062	0	7	8	30	148.000	128	0.78	35	0	3.37	8	16.14
1643211082	0	5	8	25	133.000	128	0.74	19	6	2.67	6	4.28
1643211102	0	7	8	28	133.000	129	0.65	28	3	2.92	9	4.71
1643211129	1	13	15	25	160.000	121	0.85	40	0	3.77	15	34.32
1643211149	0	9	8	26	133.000	123	0.83	51	0	2.96	10	34.27
1643211169	2	12	30	23	135.000	123	0.86	42	3	3.44	14	17.00
1643211189	2	10	30	22	208.000	123	0.58	33	36	2.70	13	15.85
1643211209	0	10	8	32	155.000	124	0.53	26	2	3.03	10	4.78
1643211236	0	10	8	28	134.000	122	0.77	30	3	3.96	5	4.95
1643211256	0	5	8	27	131.000	123	0.41	39	64	3.06	15	3.82
1643211276	2	7	30	36	133.000	124	0.42	42	2	2.88	5	16.44
1643211296	2	6	30	35	123.000	124	0.28	30	23	2.52	16	15.84
1643211316	2	8	30	33	144.000	125	0.70	43	1	3.31	6	21.41
