1643874931	0	4	8	31	216	133	15	0.72	59	4	3.21	24	4.51
1643874951	2	20	25	26	259	134	15	0.70	65	0	3.39	8	24.66
1643874971	1	15	15	31	196	135	15	0.95	75	2	3.00	21	11.47
1643874991	2	23	25	26	214	135	15	0.87	58	8	2.96	16	16.18
1643875011	1	20	15	33	172	135	15	0.76	73	14	2.73	26	9.99
1643875038	2	35	25	28	274	139	7	0.86	57	1	3.33	16	23.88
1643875058	1	13	15	33	238	140	7	0.72	44	0	3.89	8	19.70
1643875078	2	27	25	29	273	141	7	0.67	43	1	3.71	15	21.41
1643875098	1	15	15	26	271	134	7	0.64	34	0	3.75	9	20.75
1643875118	0	16	15	30	249	135	7	0.59	29	2	3.91	17	5.16
1643875145	2	19	25	18	274	132	1	0.62	28	1	4.87	15	18.26
1643875165	1	21	15	27	240	135	1	0.75	48	0	3.74	12	26.63
1643875185	1	10	15	25	258	139	1	0.81	42	0	3.84	14	30.35
1643875205	1	10	15	24	168	136	1	0.73	40	0	3.53	3	26.25
1643875225	0	6	8	31	215	136	1	0.63	23	1	3.53	4	6.86
1643875253	2	30	25	20	240	131	7	0.76	26	2	3.64	8	17.96
1643875273	2	25	25	26	271	134	7	0.81	20	2	3.46	5	17.69
1643875293	1	9	15	26	170	132	7	0.80	37	0	3.29	11	20.75
1643875313	2	15	25	24	229	134	7	0.69	28	1	3.64	8	18.17
1643875333	0	9	8	26	240	136	7	0.75	32	3	3.43	9	4.95
1643875360	1	7	15	26	241	129	5	0.71	47	1	2.89	15	13.85
1643875380	1	15	15	28	278	134	5	0.67	34	3	4.53	15	10.83
1643875400	1	16	15	33	194	134	5	0.54	32	2	3.86	14	11.17
1643875420	2	11	25	26	260	135	5	0.77	39	1	3.98	14	23.46
1643875440	0	10	8	25	177	135	5	0.57	47	1	3.40	3	9.30
1643875467	1	16	15	34	235	131	1	0.77	67	0	3.03	18	20.95
1643875487	1	12	15	31	276	134	1	0.66	83	1	3.25	22	13.00
1643875507	0	7	8	31	189	134	1	0.85	53	0	3.51	11	30.50
1643875527	0	9	8	36	196	135	1	0.53	57	5	2.51	21	4.15
1643875547	0	8	8	33	225	135	1	0.62	69	1	2.98	9	10.05
1643875574	1	29	15	35	206	132	5	0.75	49	0	3.23	14	38.66
1643875594	2	16	25	30	249	134	5	0.71	44	0	3.37	18	33.27
1643875615	2	14	25	32	261	135	5	0.78	58	0	3.31	19	26.61
1643875635	2	21	25	29	271	133	5	0.85	55	0	3.49	19	44.33
1643875655	0	9	8	39	274	134	5	0.85	55	0	3.49	19	32.33
1643875682	2	19	25	26	259	131	15	0.57	47	2	2.75	15	17.13
1643875702	2	21	25	26	261	130	15	0.85	40	0	3.21	14	54.91
1643875722	1	20	15	30	250	133	15	0.80	55	0	3.88	6	31.29
1643875742	1	21	15	26	242	139	15	0.54	24	2	4.04	11	10.83
1643875762	1	14	15	25	257	143	15	0.79	47	0	3.64	17	52.05
1643875789	1	9	15	21	274	130	1	0.81	42	0	3.84	14	30.35
1643875809	2	25	25	22	286	128	1	0.74	40	0	3.53	3	36.30
1643875829	1	19	15	25	244	141	1	0.84	39	2	4.10	12	12.28
1643875849	2	10	25	25	265	134	1	0.45	24	24	3.56	9	15.86
1643875869	0	23	8	18	269	124	1	0.72	33	2	3.64	15	5.14
1643875896	1	18	15	27	254	131	0	0.78	37	0	3.67	13	26.42
1643875916	0	12	8	25	277	133	0	0.78	37	0	3.67	13	20.42
1643875937	0	13	8	25	288	127	0	0.72	57	3	3.59	21	4.60
1643875957	0	9	8	31	210	136	0	0.70	26	5	3.98	5	4.31
1643875977	0	9	8	24	178	139	0	0.46	31	40	2.89	11	3.83
1643876004	2	15	25	26	212	133	10	0.84	41	1	4.99	9	20.06
1643876024	2	21	25	24	276	134	10	0.53	29	73	3.78	17	15.82
1643876044	1	8	15	27	233	134	10	0.65	75	32	3.11	27	9.86
1643876064	2	23	25	30	286	135	10	0.76	59	0	3.08	18	60.59
1643876084	1	17	15	35	281	133	10	0.80	74	1	3.45	19	13.93
1643876111	0	9	8	33	219	136	0	0.75	57	0	3.17	19	29.55
1643876131	1	25	15	27	264	127	0	0.83	62	1	3.40	13	13.45
1643876151	0	11	8	33	200	134	0	0.83	62	1	3.40	13	7.45
1643876171	1	17	15	26	241	127	0	0.76	57	0	3.72	17	31.96
1643876191	0	30	8	26	284	136	0	0.76	57	0	3.72	17	25.96
1643876218	2	21	25	28	258	133	2	0.90	59	0	3.25	14	58.02
1643876238	1	15	15	32	292	133	2	0.85	53	0	3.52	14	22.38
1643876258	2	29	25	28	276	134	2	0.72	48	1	3.41	16	18.90
1643876278	1	17	15	29	263	132	2	0.81	61	1	3.38	22	18.63
1643876298	1	11	15	29	238	141	2	0.77	30	1	2.80	11	18.45
1643876326	1	7	15	23	258	134	2	0.86	51	1	3.38	14	18.20
1643876346	2	11	25	24	235	134	2	0.54	17	3	4.35	7	16.41
1643876366	1	14	15	29	220	133	2	0.78	42	0	3.50	14	28.15
1643876386	2	13	25	25	260	135	2	0.81	34	0	4.00	12	35.06
1643876406	2	16	25	22	216	135	2	0.77	24	0	3.58	6	36.22
1643876433	1	15	15	29	238	138	15	0.67	50	0	3.44	12	27.04
1643876454	0	16	8	38	219	155	15	0.71	34	1	3.57	13	11.28
1643876474	2	3	25	23	150	156	15	0.67	32	1	2.86	10	21.19
1643876494	1	13	15	26	255	156	15	0.77	37	0	3.65	14	29.42
1643876514	1	17	15	28	218	156	15	0.67	26	2	3.36	10	11.14
1643876541	2	36	25	18	194	131	1	0.81	43	1	3.74	16	18.87
1643876561	0	8	8	32	194	134	1	0.64	35	1	3.26	11	7.06
1643876581	2	25	25	27	208	134	1	0.56	28	3	3.52	8	16.64
1643876601	0	9	8	36	142	135	1	0.68	38	1	5.56	18	7.22
1643876621	1	22	15	28	274	146	1	0.56	42	1	2.75	14	11.64
1643876648	2	37	25	29	300	143	5	0.80	55	2	3.39	21	18.10
1643876669	1	8	15	29	250	133	5	0.78	71	1	3.18	17	15.57
1643876689	0	9	8	37	182	134	5	0.77	57	0	3.18	18	39.29
1643876709	0	10	8	37	188	135	5	0.65	49	1	2.79	14	11.24
1643876729	2	25	25	27	189	135	5	0.83	79	0	3.20	10	62.00
1643876756	1	16	15	35	252	133	0	0.77	65	0	3.10	18	43.43
1643876776	1	22	15	26	231	134	0	0.77	50	0	3.09	16	52.41
1643876796	0	10	8	32	133	134	0	0.74	78	5	3.21	11	4.38
1643876816	2	31	25	29	278	134	0	0.80	55	3	3.19	25	16.99
1643876836	1	18	15	34	221	134	0	0.80	59	0	3.35	28	21.86
1643876863	2	37	25	30	236	137	15	0.60	37	1	4.15	19	20.36
1643876883	2	19	25	25	260	138	15	0.85	50	3	2.93	14	16.78
1643876903	1	14	15	28	231	138	15	0.87	35	5	3.40	11	10.50
1643876923	1	20	15	27	229	138	15	0.88	60	9	2.77	21	10.16
1643876943	2	2	25	18	77	138	15	0.52	25	6	4.78	14	16.09
1643876970	1	18	15	26	208	139	2	0.74	40	0	3.75	3	30.53
1643876990	1	16	15	27	248	139	2	0.80	35	0	3.90	11	36.74
1643877010	0	7	8	31	124	140	2	0.69	38	1	3.30	11	12.17
1643877030	1	19	15	26	200	140	2	0.65	35	1	3.29	11	11.93
1643877050	1	16	15	26	237	140	2	0.56	28	1	3.73	8	14.59
1643877078	2	13	25	24	216	139	15	0.76	31	1	3.54	7	19.27
1643877098	2	16	25	26	244	140	15	0.84	38	2	3.15	11	17.45
1643877118	2	14	25	24	174	149	15	0.71	27	4	3.36	8	16.50
1643877138	1	15	15	33	163	149	15	0.69	38	19	3.15	15	9.92
1643877158	1	12	15	24	170	149	15	0.76	41	3	3.78	12	10.90
1643877185	0	10	8	33	145	136	1	0.43	39	4	3.30	18	4.22
1643877205	1	18	15	28	206	137	1	0.74	43	1	3.81	12	14.70
1643877225	0	6	8	26	185	138	1	0.57	22	1	4.52	9	7.24
1643877245	2	25	25	27	280	138	1	0.53	41	1	2.74	14	17.24
1643877265	1	16	15	34	206	138	1	0.76	74	1	3.09	18	14.86
1643877292	1	17	15	34	171	138	0	0.76	57	0	3.18	18	33.08
1643877312	0	8	8	34	192	139	0	0.67	58	0	2.95	18	24.03
1643877332	0	7	8	32	186	139	0	0.52	45	1	2.80	14	7.45
1643877352	2	27	25	32	218	140	0	0.50	41	0	3.57	1	42.91
1643877372	2	25	25	27	192	140	0	0.87	63	0	3.58	17	60.82
1643877399	2	17	25	29	242	133	15	0.94	90	6	2.90	26	16.37
1643877419	0	5	8	31	159	135	15	0.65	61	4	2.41	24	4.48
1643877440	0	7	8	35	192	136	15	0.69	55	1	2.62	19	7.23
1643877460	1	8	15	28	216	136	15	0.55	44	1	2.70	17	11.50
1643877480	0	4	8	31	131	136	15	0.66	29	1	2.67	13	10.72
1643877507	2	28	25	27	272	136	7	0.61	29	11	3.53	8	15.99
1643877527	1	14	15	28	220	137	7	0.47	20	2	4.75	13	10.53
1643877547	2	21	25	26	235	137	7	0.83	49	0	3.89	17	45.38
1643877567	0	9	8	28	174	137	7	0.80	39	0	3.50	15	18.71
1643877587	2	7	25	22	200	151	7	0.61	37	0	3.89	1	44.41
1643877614	2	10	25	25	214	137	15	0.77	32	0	3.45	12	30.32
1643877634	1	26	15	27	214	138	15	0.84	50	1	3.75	12	16.67
1643877654	0	5	8	27	139	138	15	0.70	24	2	2.96	7	5.30
1643877674	1	11	15	25	206	139	15	0.70	26	1	3.25	12	18.04
1643877694	0	7	8	31	183	139	15	0.55	23	4	3.24	5	4.25
1643877721	2	15	25	24	208	133	2	0.64	32	1	3.77	12	23.21
1643877741	1	12	15	33	229	134	2	0.80	48	1	3.63	16	14.72
1643877761	0	9	8	32	128	135	2	0.51	33	2	3.68	14	4.77
1643877781	2	20	25	27	250	136	2	0.61	48	9	3.59	20	16.04
1643877801	1	16	15	28	215	137	2	0.82	45	11	3.38	14	10.07
1643877829	2	17	25	25	206	131	1	0.76	60	0	3.76	3	27.46
1643877849	0	7	8	40	185	137	1	0.60	51	3	3.01	18	4.54
1643877869	2	27	25	28	269	137	1	0.59	61	0	2.15	20	34.74
1643877889	2	19	25	27	236	137	1	0.80	56	0	3.55	21	41.86
1643877909	2	28	25	29	283	138	1	0.81	63	2	3.21	23	17.16
1643877936	2	22	25	26	276	133	7	0.72	77	9	3.14	19	16.07
1643877956	2	21	25	31	265	135	7	0.79	42	0	3.36	17	58.96
1643877976	0	9	8	34	227	138	7	0.86	42	0	3.59	13	36.19
1643877996	2	37	25	29	258	138	7	0.68	52	1	2.78	22	22.25
1643878016	1	18	15	35	208	138	7	0.60	54	0	2.99	18	31.71
1643878043	0	6	8	30	118	130	15	0.72	27	1	2.96	4	12.75
1643878063	0	15	8	40	173	134	15	0.36	42	9	2.71	21	3.93
1643878083	1	8	15	32	188	135	15	0.63	43	0	2.71	12	17.49
1643878103	2	7	25	32	185	135	15	0.64	31	1	3.14	10	18.14
1643878123	2	5	25	32	135	135	15	0.39	28	4	3.10	13	16.14
1643878150	1	8	15	20	210	127	1	0.72	29	1	3.64	9	15.36
1643878170	0	6	8	25	192	134	1	0.80	41	0	3.46	13	26.18
1643878191	0	7	8	20	115	134	1	0.69	32	0	3.44	8	14.07
1643878211	1	16	15	26	228	135	1	0.74	35	0	3.59	2	21.23
1643878231	1	12	15	27	206	135	1	0.75	36	1	3.70	11	12.84
1643878258	2	17	25	26	231	135	7	0.82	35	1	3.94	13	21.55
1643878278	2	28	25	28	288	136	7	0.65	20	1	3.06	6	18.62
1643878298	1	26	15	27	221	136	7	0.81	37	0	3.37	9	22.37
1643878318	1	15	15	29	206	137	7	0.56	31	1	3.55	11	13.29
1643878338	2	13	25	25	210	137	7	0.67	47	2	4.09	14	17.46
1643878365	1	12	15	24	208	132	5	0.62	28	1	4.91	13	13.74
1643878385	2	12	25	27	269	134	5	0.63	37	1	4.33	16	18.78
1643878405	1	21	15	32	243	134	5	0.49	36	2	3.68	19	10.76
1643878425	2	22	25	26	251	134	5	0.63	21	1	3.86	10	18.02
1643878445	1	16	15	35	240	135	5	0.76	61	0	3.05	22	42.82
1643878472	0	8	8	38	155	138	2	0.62	71	2	2.90	17	5.18
1643878492	0	8	8	34	198	139	2	0.59	55	1	2.49	20	6.77
1643878512	0	3	8	38	214	139	2	0.54	50	1	2.97	15	7.47
1643878532	1	17	15	28	228	139	2	0.64	62	0	3.07	10	51.94
1643878552	1	17	15	34	200	139	2	0.74	40	0	3.22	10	52.15
1643878580	1	18	15	30	238	140	2	0.78	41	1	3.36	12	15.71
1643878600	2	34	25	28	264	141	2	0.85	59	0	3.60	17	31.16
1643878620	1	16	15	28	238	141	2	0.83	55	0	3.37	16	28.29
1643878640	1	15	15	28	221	141	2	0.62	44	1	3.34	17	12.85
1643878660	1	8	15	34	253	142	2	0.58	45	0	3.53	17	20.66
1643878687	1	14	15	28	229	138	5	0.63	34	0	3.68	9	18.54
1643878707	1	10	15	29	265	139	5	0.66	32	0	3.37	8	31.21
1643878727	2	19	25	26	185	139	5	0.46	28	32	5.10	17	15.84
1643878747	0	6	8	31	188	140	5	0.46	18	2	4.15	11	4.55
1643878767	0	6	8	32	137	140	5	0.70	33	1	3.49	7	10.53
1643878794	0	9	8	28	206	132	0	0.69	35	1	3.34	8	11.10
1643878814	0	6	8	32	223	137	0	0.59	34	1	3.56	4	7.58
1643878834	1	8	15	25	269	137	0	0.50	35	1	3.00	10	13.32
1643878854	1	17	15	26	264	138	0	0.77	32	1	3.58	7	14.03
1643878874	2	21	25	26	252	138	0	0.77	42	1	3.66	8	23.56
1643878901	0	5	8	27	225	131	7	0.61	29	1	3.50	8	8.24
1643878922	1	7	15	33	200	135	7	0.43	29	2	3.08	11	10.65
1643878942	2	7	25	34	214	135	7	0.61	41	3	3.40	11	16.57
1643878962	2	8	25	32	174	135	7	0.68	45	1	3.86	14	18.05
1643878982	1	7	15	32	204	135	7	0.46	29	3	3.73	12	10.33
1643879009	1	26	15	29	240	138	5	0.47	33	2	3.48	18	10.65
1643879029	1	21	15	23	274	138	5	0.73	33	2	4.44	16	11.55
1643879049	0	11	8	39	264	138	5	0.79	85	1	3.23	17	7.74
1643879069	2	18	25	26	286	139	5	0.62	63	0	2.37	19	29.44
1643879089	0	31	8	31	282	134	5	0.76	84	1	3.28	19	9.55
1643879116	1	20	15	35	277	133	1	0.69	58	0	3.11	20	32.30
1643879136	2	24	25	27	282	134	1	0.79	70	0	3.07	10	62.00
1643879156	1	17	15	32	254	134	1	0.87	69	0	3.31	22	32.13
1643879176	1	18	15	30	263	134	1	0.77	58	0	3.47	12	28.17
1643879196	0	8	8	38	252	134	1	0.72	46	0	3.30	20	27.37
1643879223	1	18	15	28	236	139	2	0.86	58	0	3.41	17	22.64
1643879243	1	15	15	26	198	134	2	0.81	36	0	3.50	11	24.26
1643879264	0	7	8	34	222	134	2	0.73	57	0	2.81	25	32.47
1643879284	1	17	15	25	250	135	2	0.60	65	1	2.39	25	14.96
1643879304	1	19	15	29	238	135	2	0.79	31	1	3.81	11	13.96
1643879331	0	7	8	32	211	139	15	0.33	20	22	3.38	11	3.85
1643879351	2	15	25	25	267	140	15	0.55	31	1	2.68	16	17.92
1643879371	1	10	15	24	232	140	15	0.77	41	0	3.78	5	35.79
1643879391	2	13	25	25	254	140	15	0.73	33	1	3.47	12	20.61
1643879411	1	8	15	24	288	141	15	0.65	31	0	3.49	8	18.33
1643879438	2	11	25	26	245	142	1	0.82	40	0	3.69	16	37.02
1643879458	1	15	25	25	238	144	1	0.82	40	0	3.69	16	31.02
1643879478	1	16	15	28	176	138	1	0.70	20	2	3.27	5	11.36
1643879498	2	24	25	28	258	140	1	0.68	34	1	3.62	10	21.62
1643879518	1	15	15	25	275	140	1	0.72	41	1	4.24	10	15.76
1643879545	2	9	25	23	273	137	15	0.63	57	1	3.21	20	21.97
1643879565	1	7	15	23	270	134	15	0.60	35	1	4.75	14	11.55
1643879585	0	7	8	41	240	134	15	0.69	51	1	3.62	26	8.65
1643879605	2	13	25	25	296	134	15	0.28	40	35	2.63	20	15.82
1643879625	2	14	25	24	217	134	15	0.59	36	31	3.31	16	15.86
1643879653	0	8	8	40	226	132	0	0.64	58	0	2.58	20	20.97
1643879673	2	10	25	41	204	134	0	0.65	71	1	2.81	19	18.69
1643879693	2	8	25	38	216	134	0	0.57	52	0	2.76	13	30.72
1643879713	1	8	15	36	218	135	0	0.64	52	0	2.86	14	24.52
1643879733	0	7	8	34	248	135	0	0.61	78	0	3.19	10	50.00
1643879760	2	28	25	32	225	144	10	0.43	49	6	2.50	21	16.07
1643879780	1	23	15	30	237	134	10	0.65	39	4	3.63	17	10.38
1643879800	0	3	8	32	237	139	10	0.90	55	0	3.80	13	24.53
1643879820	1	10	15	30	282	140	10	0.61	57	4	2.75	16	10.45
1643879840	0	7	8	28	144	140	10	0.74	54	0	3.07	19	27.01
1643879867	1	14	15	32	224	139	7	0.80	63	0	3.18	22	37.72
1643879887	1	15	15	26	267	140	7	0.54	34	0	3.76	13	16.47
1643879907	1	16	15	32	242	140	7	0.73	27	2	3.40	9	11.38
1643879927	0	6	8	32	238	141	7	0.54	19	3	4.90	10	4.44
1643879947	2	10	25	21	204	141	7	0.54	20	3	3.63	9	16.62
1643879974	0	9	8	31	191	136	5	0.77	36	1	3.43	7	9.26
1643879995	0	9	8	26	145	138	5	0.77	36	1	3.43	7	9.26
1643880015	1	22	15	27	274	138	5	0.70	23	0	3.07	7	21.67
1643880035	1	15	15	28	284	140	5	0.80	43	0	3.63	16	39.08
1643880055	2	17	25	25	284	133	5	0.80	26	1	3.55	9	25.33
1643880082	1	16	15	26	250	131	0	0.66	24	3	3.48	5	10.52
1643880102	2	9	25	25	286	134	0	0.78	37	0	3.61	12	28.02
1643880122	1	12	15	25	254	135	0	0.78	22	1	3.06	8	16.36
1643880142	1	14	15	26	191	136	0	0.78	22	1	3.06	8	16.36
1643880162	0	13	8	33	246	133	0	0.78	30	3	4.30	5	5.01
1643880189	2	13	25	24	200	133	1	0.74	38	1	5.27	13	23.64
1643880209	2	17	25	26	252	134	1	0.51	35	53	3.92	18	15.83
1643880229	0	8	8	26	226	134	1	0.73	27	4	4.73	6	4.45
1643880249	1	26	15	33	243	134	1	0.60	50	1	2.77	23	11.92
1643880269	2	8	25	26	294	134	1	0.80	73	0	2.77	21	62.00
1643880296	2	18	25	25	276	135	1	0.86	52	0	3.70	11	42.94
1643880316	0	5	8	33	271	133	1	0.66	59	0	3.09	13	20.18
1643880337	0	7	8	35	220	134	1	0.66	59	0	3.09	13	20.18
1643880357	1	13	15	31	0	135	1	0.58	43	7	2.99	10	10.08
1643880377	2	19	25	26	261	135	1	0.58	43	7	2.99	10	16.08
1643880404	1	22	15	37	269	133	1	0.76	58	0	3.26	23	25.00
1643880424	1	22	15	25	272	138	1	0.76	58	0	3.26	23	25.00
1643880444	1	16	15	31	194	134	1	0.66	44	1	3.15	17	15.68
1643880464	0	9	8	36	208	135	1	0.54	48	13	3.08	19	3.94
1643880484	1	16	15	25	228	135	1	0.62	32	2	2.89	14	11.37
1643880511	1	18	15	30	272	127	15	0.62	32	2	2.89	14	11.37
1643880531	0	51	8	20	0	111	15	0.72	32	1	3.66	10	8.68
1643880551	0	9	8	33	154	134	15	0.41	12	3	3.59	8	4.28
1643880571	2	6	8	26	200	134	15	0.66	36	1	3.01	12	19.48
1643880591	2	14	25	26	228	137	15	0.66	36	1	3.01	12	19.48
1643880618	2	17	25	26	267	133	0	0.59	37	0	3.88	1	43.02
1643880639	2	14	25	25	250	134	0	0.75	30	0	3.38	12	33.91
1643880659	1	8	15	23	270	135	0	0.74	34	0	3.29	11	21.20
1643880679	1	11	15	23	276	135	0	0.73	40	0	3.29	13	19.67
1643880699	1	12	15	22	253	139	0	0.79	33	0	3.18	11	34.20
1643880726	2	28	25	20	283	127	1	0.78	29	2	3.91	9	17.76
1643880746	1	18	15	22	228	134	1	0.72	39	23	3.27	10	9.91
1643880766	1	15	15	24	278	134	1	0.66	32	1	5.43	12	14.85
1643880786	2	26	25	29	267	135	1	0.68	40	1	5.13	17	18.17
1643880806	2	16	25	26	262	134	1	0.62	40	1	4.54	17	19.88
1643880833	0	7	8	38	216	132	15	0.76	33	1	4.64	13	12.32
1643880853	1	13	15	40	243	135	15	0.67	85	1	3.10	20	11.96
1643880873	2	27	15	28	269	144	15	0.81	68	1	3.40	16	20.49
1643880893	1	31	25	31	258	139	15	0.86	56	0	3.57	16	54.43
1643880913	1	19	15	36	273	135	15	0.82	62	3	3.08	24	10.80
1643880940	2	22	25	27	278	130	15	0.77	41	1	3.27	9	25.20
1643880960	2	19	25	28	292	137	15	0.86	42	0	3.59	13	48.03
1643880980	0	26	8	29	250	130	15	0.81	51	0	3.40	21	42.20
1643881001	1	16	15	34	222	133	15	0.81	51	0	3.40	21	48.20
1643881021	2	12	15	29	241	134	15	0.76	60	20	2.83	24	15.93
1643881048	2	20	25	29	271	133	1	0.64	40	1	3.36	15	22.86
1643881068	2	24	25	28	249	137	1	0.87	61	2	3.43	20	18.00
1643881088	1	18	15	26	278	142	1	0.64	34	0	3.75	9	20.75
1643881108	1	11	15	29	214	133	1	0.77	40	0	3.32	13	19.95
1643881128	2	11	25	26	276	135	1	0.45	25	1	4.46	13	17.01
1643881155	1	15	15	28	280	136	0	0.74	35	2	3.51	13	11.33
1643881175	1	17	15	26	269	140	0	0.79	24	0	3.56	9	54.89
1643881195	1	10	15	24	196	132	0	0.81	34	0	3.84	8	29.91
1643881215	0	7	8	31	271	134	0	0.71	35	1	3.62	3	10.74
1643881235	1	24	15	27	280	136	0	0.72	50	1	2.94	13	17.52
1643881262	1	14	15	30	232	126	2	0.79	38	1	3.59	14	18.11
1643881282	1	15	15	27	258	134	2	0.82	37	0	3.35	11	22.48
1643881302	1	20	15	26	226	136	2	0.66	28	1	3.57	8	11.87
1643881322	1	11	15	25	213	136	2	0.74	29	3	3.34	9	10.92
1643881342	1	9	15	24	202	136	2	0.77	37	1	4.55	13	12.85
1643881370	0	12	8	34	188	131	15	0.79	46	1	3.62	14	6.87
1643881390	1	10	15	38	222	134	15	0.46	42	3	3.01	18	10.41
1643881410	2	3	25	32	167	135	15	0.24	28	25	2.43	15	15.83
1643881430	1	10	15	35	216	135	15	0.61	30	5	3.67	7	10.25
1643881450	0	6	8	38	216	135	15	0.77	54	0	3.03	15	20.70
1643881477	2	27	25	28	270	134	1	0.86	56	0	3.49	16	60.19
1643881497	1	16	15	29	225	134	1	0.88	52	0	3.72	11	35.57
1643881517	0	5	8	32	174	135	1	0.77	57	0	3.07	20	45.76
1643881537	0	9	8	32	267	135	1	0.67	79	0	3.21	10	50.00
1643881557	1	35	15	29	296	132	1	0.86	42	0	3.59	13	42.04
1643881584	0	6	8	35	168	133	15	0.60	43	1	2.89	14	6.26
1643881604	1	8	15	38	186	134	15	0.58	52	2	2.75	21	10.74
1643881624	1	7	15	36	192	134	15	0.65	54	1	2.73	16	13.94
1643881644	1	8	15	36	210	135	15	0.57	36	1	2.66	14	11.72
1643881664	1	8	15	38	158	135	15	0.50	45	1	3.01	15	12.16
1643881691	0	7	8	32	263	130	1	0.74	71	0	2.63	23	17.08
1643881711	0	8	8	24	272	134	1	0.70	52	3	3.32	9	4.69
1643881732	1	11	15	25	259	137	1	0.49	27	2	4.81	18	10.70
1643881752	1	17	15	29	259	133	1	0.79	32	1	4.33	7	17.57
1643881772	1	11	15	26	277	139	1	0.73	27	1	3.81	9	15.72
1643881799	1	15	15	24	181	135	1	0.80	38	0	3.89	11	36.40
1643881819	0	8	8	32	192	138	1	0.52	30	1	3.59	12	6.66
1643881839	1	13	15	24	249	139	1	0.68	35	1	3.39	14	14.77
1643881859	1	14	15	24	262	139	1	0.75	32	1	3.25	11	17.87
1643881879	2	15	25	26	233	139	1	0.72	40	1	3.25	13	24.52
1643881906	1	13	15	25	252	129	5	0.72	40	1	3.25	13	18.52
1643881926	1	14	15	25	200	132	5	0.64	40	0	3.64	10	19.23
1643881946	0	22	8	27	253	124	5	0.76	46	6	3.30	16	4.26
1643881966	0	6	8	31	256	142	5	0.76	46	6	3.30	16	4.26
1643881986	0	19	8	31	257	132	5	0.60	27	2	4.22	9	5.07
1643882013	1	27	15	27	290	131	5	0.70	43	9	4.20	16	10.08
1643882033	2	10	25	22	100	132	5	0.70	43	9	4.20	16	16.08
1643882054	1	12	15	34	271	136	5	0.74	44	0	4.03	5	25.03
1643882074	0	36	8	28	264	134	5	0.82	73	2	3.11	21	5.19
1643882094	1	6	15	29	263	133	5	0.82	55	2	3.44	18	11.65
1643882121	0	8	8	30	227	131	7	0.59	78	0	3.08	14	49.71
1643882141	2	17	25	25	263	134	7	0.67	42	0	2.95	9	28.36
1643882161	2	22	25	28	264	134	7	0.91	71	12	2.84	23	16.06
1643882181	1	15	15	31	286	135	7	0.83	59	21	2.89	25	9.93
1643882201	0	7	8	36	192	135	7	0.79	45	0	3.14	17	42.70
1643882228	2	20	25	28	300	137	10	0.58	51	0	2.48	18	27.39
1643882248	2	31	25	28	250	143	10	0.88	29	0	3.25	4	59.90
1643882268	1	16	15	30	247	133	10	0.81	61	1	3.38	22	18.90
1643882288	1	11	15	29	237	134	10	0.74	24	2	3.04	9	11.59
1643882308	1	7	15	27	272	137	10	0.75	42	2	3.27	12	11.24
1643882335	1	30	15	23	274	131	5	0.68	20	8	3.12	3	10.10
1643882355	2	22	25	27	258	141	5	0.76	45	2	3.80	12	17.33
1643882375	1	16	15	26	269	133	5	0.75	30	1	3.78	11	16.62
1643882396	0	7	8	27	262	133	5	0.74	18	0	3.08	5	17.33
1643882416	0	10	8	32	272	133	5	0.74	18	0	3.08	5	17.33
1643882443	2	11	25	24	294	134	7	0.49	22	1	3.03	9	17.45
1643882463	0	8	8	29	143	133	7	0.68	26	2	3.42	8	5.64
1643882483	1	15	15	26	254	134	7	0.54	20	2	3.01	6	10.77
1643882503	1	19	15	26	256	131	7	0.80	37	0	3.72	13	20.87
1643882523	1	30	15	28	240	133	7	0.76	32	3	3.45	9	10.96
1643882550	1	10	15	25	254	134	10	0.80	48	2	4.84	16	12.06
1643882570	1	25	15	27	268	136	10	0.80	48	2	4.84	16	12.06
1643882590	0	12	15	26	248	136	10	0.60	42	16	4.61	19	3.93
1643882610	1	21	15	26	190	132	10	0.62	40	1	4.49	17	12.10
1643882630	1	10	15	25	230	145	10	0.78	41	1	4.59	23	17.58
1643882657	2	28	25	29	263	131	10	0.80	54	1	3.52	21	21.31
1643882677	2	23	25	28	239	134	10	0.86	54	11	3.07	15	16.08
1643882697	1	17	15	33	207	134	10	0.78	65	16	2.82	25	9.97
1643882718	1	21	15	28	202	134	10	0.56	41	0	3.31	15	19.29
1643882738	1	15	15	30	257	135	10	0.79	44	0	3.28	12	54.52
1643882765	0	5	8	32	250	130	5	0.73	60	5	3.22	22	4.39
1643882785	1	6	15	32	191	134	5	0.61	43	1	2.91	15	12.77
1643882805	1	6	15	36	267	134	5	0.61	43	1	2.91	15	12.77
1643882825	0	7	8	36	139	134	5	0.62	56	1	2.85	13	9.97
1643882845	2	10	25	38	200	135	5	0.69	54	1	2.57	25	23.45
1643882872	1	18	15	26	279	133	1	0.79	37	1	3.44	14	13.66
1643882892	1	20	15	28	268	134	1	0.79	37	1	3.44	14	13.66
1643882912	1	61	15	20	0	117	1	0.86	49	1	3.58	14	17.78
1643882932	2	3	25	19	124	135	1	0.59	20	1	4.00	8	17.89
1643882952	0	7	8	33	255	136	1	0.60	43	1	3.75	7	5.56
1643882979	1	21	15	21	274	125	15	0.84	37	0	3.72	15	40.68
1643882999	0	10	8	32	215	133	15	0.84	37	0	3.72	15	34.68
1643883019	1	27	15	22	243	134	15	0.68	50	0	3.41	12	21.66
1643883039	2	12	15	25	252	135	15	0.68	50	0	3.41	12	27.66
1643883060	1	18	15	30	292	134	15	0.68	19	1	2.89	8	12.39
1643883087	0	9	8	32	194	131	1	0.85	40	0	3.73	13	24.10
1643883107	1	6	15	29	267	134	1	0.46	31	2	2.99	10	10.67
1643883127	1	7	15	33	232	135	1	0.75	43	1	3.28	10	12.86
1643883147	1	5	15	31	232	135	1	0.49	35	1	3.00	14	11.28
1643883167	1	8	15	32	268	135	1	0.54	34	2	3.79	15	10.97
1643883194	1	10	15	26	224	138	0	0.61	34	1	4.08	15	13.86
1643883214	2	16	25	26	246	139	0	0.77	34	1	4.75	16	25.68
1643883234	1	14	25	23	233	140	0	0.77	34	1	4.75	16	19.68
1643883254	2	10	15	31	262	134	0	0.79	49	1	3.63	18	24.75
1643883274	1	12	15	32	246	138	0	0.79	56	0	3.15	16	54.78
1643883301	1	30	15	34	302	140	2	0.85	55	0	3.58	12	44.67
1643883321	0	7	8	35	174	130	2	0.56	74	0	2.95	16	47.62
1643883341	1	11	15	38	245	134	2	0.47	42	2	2.81	19	10.98
1643883361	1	6	15	35	198	135	2	0.69	49	1	2.88	14	18.13
1643883381	2	7	25	36	202	135	2	0.71	50	0	2.87	17	25.74
1643883409	1	8	15	28	148	133	10	0.77	52	0	3.37	19	35.69
1643883429	1	14	15	30	232	134	10	0.71	39	0	3.05	21	42.87
1643883449	2	9	25	33	232	135	10	0.73	53	0	2.98	23	43.17
1643883469	0	8	8	29	222	136	10	0.84	58	0	3.40	16	30.92
1643883489	1	16	15	29	260	136	10	0.64	42	1	3.03	12	11.90
1643883516	1	20	15	31	266	139	15	0.59	20	1	4.00	8	12.13
1643883536	1	16	15	26	269	136	15	0.70	33	0	3.49	15	20.62
1643883556	1	18	15	27	238	139	15	0.81	40	0	3.45	11	41.90
1643883576	1	13	15	24	252	140	15	0.79	34	0	3.93	12	26.17
1643883596	1	15	15	26	184	140	15	0.69	25	1	3.48	10	17.58
1643883623	2	22	25	27	278	136	5	0.76	46	2	3.99	16	17.23
1643883643	1	16	15	25	253	140	5	0.82	44	0	3.64	13	28.35
1643883663	1	14	15	25	224	141	5	0.80	37	1	3.72	15	17.90
1643883683	1	11	15	26	247	133	5	0.81	36	1	3.47	7	20.02
1643883703	1	16	15	25	235	131	5	0.81	36	1	3.47	7	20.02
1643883730	0	8	8	32	217	132	10	0.63	57	5	3.12	21	4.22
1643883750	2	26	25	27	233	133	10	0.64	33	1	4.60	10	17.82
1643883771	1	11	15	28	229	135	10	0.77	32	2	4.54	10	11.62
1643883791	0	6	8	33	190	138	10	0.76	38	0	4.96	11	15.61
1643883811	1	16	15	27	242	138	10	0.18	28	82	2.21	15	9.80
1643883838	2	13	25	28	302	133	10	0.78	49	1	3.58	18	24.63
1643883858	2	31	25	30	306	134	10	0.94	72	4	3.13	21	16.63
1643883878	1	10	15	28	256	142	10	0.78	52	0	3.65	11	32.64
1643883898	1	33	15	28	288	135	10	0.67	53	4	3.82	14	10.49
1643883918	2	28	25	26	248	140	10	0.77	77	9	3.32	16	16.12
1643883945	0	8	8	35	176	132	2	0.74	47	2	3.15	14	4.98
1643883965	1	5	15	35	190	135	2	0.64	48	0	2.79	14	22.22
1643883985	0	7	8	36	209	135	2	0.64	48	0	2.79	14	16.22
1643884005	0	42	8	29	263	129	2	0.79	55	0	2.93	13	19.06
1643884025	0	31	8	29	253	138	2	0.69	47	0	3.69	11	28.27
1643884052	1	12	15	27	280	137	15	0.69	47	0	3.69	11	34.27
1643884072	1	21	15	26	265	132	15	0.58	51	10	3.24	21	9.99
1643884092	0	9	8	34	265	132	15	0.58	51	10	3.24	21	3.99
1643884113	1	24	8	27	200	132	15	0.80	46	1	3.39	9	12.94
1643884133	1	9	15	24	189	132	15	0.80	46	1	3.39	9	12.94
1643884160	0	5	8	28	220	134	15	0.61	20	2	4.38	9	5.31
1643884180	1	11	15	22	230	129	15	0.71	31	1	3.42	10	17.51
1643884200	2	24	25	22	262	130	15	0.83	36	0	3.64	3	31.62
1643884220	1	22	15	32	229	136	15	0.83	36	0	3.64	3	25.62
1643884240	1	19	15	27	264	134	15	0.81	50	1	3.43	15	13.55
1643884267	2	11	25	26	259	133	0	0.72	39	1	3.53	14	22.12
1643884287	0	17	25	26	217	134	0	0.72	39	1	3.53	14	10.12
1643884307	1	17	15	27	251	129	0	0.71	29	1	3.72	8	16.86
1643884327	2	30	25	28	100	135	0	0.71	29	1	3.72	8	22.86
1643884347	0	11	8	32	231	136	0	0.79	37	2	4.05	10	5.60
1643884374	1	14	15	28	267	131	15	0.50	35	2	4.11	14	10.71
1643884395	2	30	25	28	240	137	15	0.62	47	3	4.18	19	16.55
1643884415	0	10	8	28	270	126	15	0.62	47	3	4.18	19	4.55
1643884435	1	35	8	29	267	136	15	0.63	37	3	4.05	17	10.59
1643884455	0	4	8	33	226	133	15	0.87	76	0	2.82	23	26.28
1643884482	0	7	8	38	268	132	5	0.87	76	0	2.82	23	26.28
1643884502	1	15	15	32	267	138	5	0.61	53	1	2.62	18	13.06
1643884522	1	24	15	27	269	133	5	0.74	46	0	3.53	14	39.03
1643884542	1	14	15	36	209	132	5	0.75	32	1	3.43	10	12.70
1643884562	0	7	8	33	262	132	5	0.75	32	1	3.43	10	6.70
1643884589	2	26	25	29	255	131	15	0.49	38	3	2.90	17	16.36
1643884609	1	16	15	32	223	138	15	0.86	47	0	3.59	19	49.29
1643884629	1	20	15	30	167	138	15	0.84	58	1	3.23	19	12.53
1643884649	1	126	15	20	0	119	15	0.79	63	2	3.07	24	11.21
1643884669	1	14	15	30	272	137	15	0.88	75	10	2.92	28	10.10
1643884697	1	12	15	29	253	128	15	0.78	31	1	3.85	10	13.76
1643884717	1	14	15	32	269	135	15	0.78	42	1	3.26	13	19.31
1643884737	1	14	15	29	243	134	15	0.58	16	1	3.69	10	11.46
1643884757	1	17	15	26	282	136	15	0.58	16	1	3.69	10	11.46
1643884777	1	15	15	26	214	143	15	0.76	33	0	4.10	7	25.61
1643884804	1	15	15	25	281	131	2	0.78	35	0	3.72	8	25.98
1643884824	2	32	25	29	254	132	2	0.61	32	0	3.60	8	24.28
1643884844	1	21	15	24	232	135	2	0.81	40	0	3.77	15	27.45
1643884864	1	28	15	28	249	127	2	0.81	40	0	3.77	15	27.45
1643884884	1	21	15	27	227	131	2	0.80	38	1	3.70	17	19.38
1643884911	1	24	15	27	298	137	7	0.73	27	2	3.25	8	10.96
1643884931	0	8	8	32	194	134	7	0.68	30	3	3.92	10	4.66
1643884951	0	7	8	31	188	134	7	0.72	46	1	3.06	17	9.72
1643884971	2	16	25	25	196	135	7	0.66	42	1	4.84	19	18.90
1643884991	1	25	15	25	225	135	7	0.68	39	1	4.26	16	12.17
1643885019	1	7	15	30	221	128	7	0.78	60	0	3.60	6	25.74
1643885039	2	24	25	30	265	134	7	0.69	44	1	3.52	15	21.20
1643885059	1	8	15	29	171	134	7	0.78	72	1	3.26	17	15.49
1643885079	1	13	15	35	233	134	7	0.72	52	0	3.35	13	51.06
1643885099	0	8	8	36	180	135	7	0.83	56	0	3.66	11	38.12
1643885126	1	14	15	24	208	136	10	0.79	52	0	3.70	6	45.95
1643885146	1	23	15	27	222	146	10	0.78	68	0	3.11	21	49.70
1643885166	2	20	25	24	224	147	10	0.78	42	1	3.63	9	22.00
1643885186	1	16	15	34	234	147	10	0.94	63	4	3.10	17	10.67
1643885206	1	15	15	32	237	147	10	0.93	67	7	2.69	20	10.29
1643885233	2	9	25	23	190	137	0	0.74	44	0	3.78	16	25.79
1643885253	2	36	25	29	273	141	0	0.72	45	7	3.62	17	16.17
1643885273	1	28	15	27	214	141	0	0.84	40	0	3.18	14	50.58
1643885293	1	17	15	30	210	141	0	0.88	52	1	3.37	15	19.29
1643885313	2	15	25	26	249	141	0	0.57	21	3	5.42	9	16.54
1643885340	1	7	15	24	219	127	7	0.76	36	1	4.16	16	15.20
1643885360	1	8	15	21	211	134	7	0.82	37	0	3.61	11	30.68
1643885380	2	17	25	24	236	135	7	0.75	20	0	3.32	7	36.43
1643885401	1	27	15	26	200	135	7	0.83	34	0	3.59	12	27.13
1643885421	1	13	15	28	204	135	7	0.83	49	1	3.71	12	15.21
1643885448	0	6	8	30	175	131	10	0.61	31	1	2.66	11	6.40
1643885468	1	8	15	33	181	134	10	0.60	33	1	3.15	9	11.72
1643885488	1	5	15	31	169	134	10	0.69	37	1	3.04	12	16.99
1643885508	2	2	25	29	115	135	10	0.77	44	1	3.39	11	21.80
1643885528	0	7	8	33	194	135	10	0.53	34	3	3.22	14	4.38
1643885555	2	64	25	20	252	133	15	0.70	30	4	5.11	13	16.53
1643885575	1	8	15	34	187	134	15	0.66	61	56	2.72	23	9.83
1643885595	1	9	15	30	210	135	15	0.63	48	33	2.84	18	9.86
1643885615	1	11	15	29	215	135	15	0.78	40	20	3.40	18	9.93
1643885635	1	17	15	33	221	136	15	0.82	84	23	3.07	22	9.92
1643885662	1	17	15	35	200	132	5	0.72	75	3	3.25	20	10.64
1643885682	1	12	15	32	240	134	5	0.58	56	4	3.27	23	10.32
1643885702	1	9	15	33	165	135	5	0.74	52	0	3.30	11	43.98
1643885722	1	15	15	28	224	135	5	0.79	74	1	3.24	8	14.88
1643885742	2	12	25	33	210	135	5	0.70	31	1	3.16	9	17.98
1643885770	1	20	15	31	231	132	7	0.85	50	0	3.65	18	45.59
1643885790	1	14	15	31	213	134	7	0.83	79	5	3.14	21	10.46
1643885810	1	12	15	29	178	135	7	0.79	63	0	3.14	25	29.08
1643885830	1	11	15	25	217	135	7	0.62	44	1	3.33	17	12.81
1643885850	1	16	15	34	210	135	7	0.76	49	0	3.23	16	52.94
1643885877	1	14	15	26	224	142	0	0.79	33	0	3.41	9	28.47
1643885897	1	14	15	32	241	143	0	0.81	32	2	3.37	9	11.30
1643885917	1	21	15	26	165	144	0	0.63	22	1	4.24	10	13.81
1643885937	1	11	15	21	186	144	0	0.67	34	0	3.46	13	21.13
1643885957	1	13	15	26	186	144	0	0.72	25	1	3.53	9	14.48
1643885984	1	11	15	25	202	132	1	0.76	24	0	3.49	6	30.21
1643886004	2	15	25	27	225	133	1	0.80	33	0	3.52	12	29.56
1643886024	0	9	8	32	252	134	1	0.84	50	1	3.74	13	14.85
1643886044	1	17	15	30	257	135	1	0.63	20	1	2.95	6	13.62
1643886064	1	9	15	28	280	135	1	0.74	23	2	3.37	5	11.50
1643886091	2	25	25	26	242	136	15	0.71	29	1	3.72	8	22.86
1643886111	1	12	15	26	228	137	15	0.67	44	4	4.23	14	10.37
1643886131	1	18	15	28	155	138	15	0.53	20	2	4.73	9	10.96
1643886151	1	10	15	25	216	138	15	0.72	33	1	4.96	12	15.19
1643886172	1	23	15	33	240	138	15	0.62	42	1	3.58	18	11.67
1643886199	1	13	15	28	233	138	1	0.74	37	1	3.81	15	14.44
1643886219	0	9	8	25	175	139	1	0.82	42	2	4.77	11	5.29
1643886239	2	27	25	32	274	140	1	0.79	65	0	3.36	18	61.76
1643886259	1	13	15	33	214	140	1	0.83	72	1	3.35	15	13.63
1643886279	1	15	15	32	231	141	1	0.72	56	0	3.25	12	55.99
1643886306	1	10	15	32	171	129	2	0.65	46	0	3.25	14	40.77
1643886326	1	13	15	33	218	134	2	0.80	54	0	3.72	5	48.15
1643886346	2	19	25	33	248	135	2	0.78	66	0	3.10	19	55.77
1643886366	0	9	8	34	157	135	2	0.80	44	6	3.03	14	4.29
1643886386	2	31	25	29	238	135	2	0.85	72	2	3.52	26	17.29
1643886413	2	21	25	26	272	132	10	0.74	67	19	2.79	21	15.93
1643886433	1	23	15	34	257	134	10	0.84	40	4	3.21	14	10.72
1643886453	0	9	8	35	144	134	10	0.58	50	1	3.17	23	8.37
1643886473	1	14	15	27	236	135	10	0.74	32	1	3.40	11	19.32
1643886493	1	11	15	32	211	136	10	0.55	30	5	3.66	17	10.21
1643886520	0	6	8	27	187	137	7	0.49	23	3	3.22	10	4.45
1643886541	1	15	15	28	227	141	7	0.63	28	1	3.46	7	12.06
1643886561	1	9	15	24	196	142	7	0.80	35	0	3.90	11	32.14
1643886581	1	8	15	24	218	142	7	0.77	31	0	3.92	8	28.73
1643886601	1	14	15	26	215	142	7	0.84	36	0	3.64	8	29.30
1643886628	0	5	8	32	182	132	10	0.68	40	0	3.12	15	13.47
1643886648	1	5	15	28	171	134	10	0.67	27	1	2.88	11	12.84
1643886668	1	5	15	29	171	134	10	0.65	32	1	3.17	7	12.45
1643886688	1	5	15	29	141	135	10	0.69	37	1	3.07	12	15.92
1643886708	1	11	15	33	176	135	10	0.79	45	1	3.39	12	18.36
1643886735	1	5	15	20	236	128	10	0.58	26	4	4.08	8	10.34
1643886755	1	18	15	26	238	133	10	0.68	33	1	4.81	14	11.89
1643886775	1	13	15	29	161	134	10	0.70	38	1	4.55	13	16.25
1643886795	1	14	15	29	214	134	10	0.55	36	1	3.79	18	11.40
1643886815	1	24	15	27	200	134	10	0.76	43	0	4.26	2	44.60
1643886842	2	19	25	29	263	133	10	0.79	65	2	3.34	19	17.11
1643886862	1	16	15	33	283	135	10	0.74	72	20	3.18	21	9.93
1643886882	2	22	25	25	292	136	10	0.78	51	0	3.18	15	45.38
1643886902	1	11	15	31	267	136	10	0.66	51	0	4.00	15	35.99
1643886923	1	11	15	21	163	136	10	0.75	56	0	2.92	14	56.00
1643886950	0	3	8	32	224	139	1	0.56	56	3	2.48	22	4.46
1643886970	1	16	15	29	223	139	1	0.61	41	1	2.73	11	11.93
1643886990	0	9	8	37	198	139	1	0.84	78	5	3.31	18	4.49
1643887010	2	30	25	31	264	139	1	0.87	58	1	3.43	15	23.83
1643887030	2	10	25	24	219	140	1	0.88	28	0	3.22	4	45.09
1643887057	0	4	8	36	190	131	7	0.70	61	1	2.85	22	7.63
1643887077	1	8	15	32	196	134	7	0.49	26	2	2.76	12	11.06
1643887097	1	7	15	34	173	134	7	0.77	49	1	2.96	14	16.50
1643887117	1	2	15	32	149	135	7	0.45	21	7	4.00	6	10.04
1643887137	1	9	15	32	140	135	7	0.59	36	1	4.46	4	16.41
1643887164	2	14	25	25	231	138	2	0.72	29	3	3.29	10	16.71
1643887184	1	5	15	23	215	138	2	0.70	37	0	3.78	5	38.43
1643887204	1	14	15	26	208	140	2	0.57	21	1	3.44	7	15.35
1643887224	2	12	25	25	218	140	2	0.82	39	0	3.61	14	29.41
1643887244	2	15	25	25	229	140	2	0.68	19	0	3.10	8	25.24
1643887271	1	21	15	27	220	132	2	0.80	37	0	3.29	11	20.75
1643887291	0	3	8	24	206	133	2	0.70	29	1	3.71	8	12.45
1643887311	1	18	15	21	221	134	2	0.47	44	5	3.17	15	10.15
1643887332	1	15	15	20	169	135	2	0.61	19	2	5.11	9	11.26
1643887352	1	12	15	21	223	135	2	0.67	32	1	5.55	12	15.02
1643887379	0	5	8	34	148	132	7	0.43	47	4	2.54	22	4.23
1643887399	1	8	15	23	206	133	7	0.55	39	2	2.74	15	10.86
1643887419	1	9	15	24	184	134	7	0.85	54	1	4.22	13	13.49
1643887439	1	21	15	35	221	134	7	0.73	63	0	2.94	17	52.30
1643887459	1	17	15	35	234	134	7	0.78	73	1	3.21	19	13.99
1643887486	1	14	15	29	229	135	2	0.84	55	0	3.62	14	35.94
1643887506	1	14	15	32	230	136	2	0.79	60	0	3.21	17	53.75
1643887526	1	13	15	30	177	136	2	0.80	42	0	3.25	14	54.47
1643887546	2	19	25	29	292	136	2	0.83	58	1	3.54	21	24.25
1643887566	1	20	15	31	226	136	2	0.83	47	1	3.54	15	15.52
1643887593	0	11	8	38	251	133	2	0.73	57	0	2.61	14	29.80
1643887613	0	8	8	37	198	135	2	0.61	55	1	2.51	22	8.08
1643887633	1	9	15	37	221	135	2	0.75	26	1	3.00	3	16.97
1643887653	1	8	15	39	212	136	2	0.55	43	1	2.99	13	12.65
1643887673	2	6	25	34	250	136	2	0.42	27	7	2.61	12	16.03
1643887701	1	16	15	28	274	133	5	0.63	28	3	2.99	9	10.62
1643887721	1	8	15	24	227	134	5	0.64	19	1	4.04	7	11.70
1643887741	2	15	15	22	256	135	5	0.56	18	6	3.22	5	16.11
1643887761	1	15	15	25	216	137	5	0.77	29	0	3.81	8	21.81
1643887781	1	10	15	25	239	137	5	0.76	36	0	3.70	8	29.03
1643887808	2	10	25	24	238	137	1	0.71	35	0	3.63	3	28.41
1643887828	2	12	25	26	232	134	1	0.62	30	0	3.78	15	33.11
1643887848	1	20	15	25	270	138	1	0.81	26	0	3.52	9	20.96
1643887868	1	21	15	28	245	139	1	0.68	20	0	2.97	8	22.40
1643887888	1	10	15	25	174	149	1	0.63	20	1	3.28	6	16.86
1643887915	1	7	15	26	267	134	7	0.75	29	2	3.77	6	11.51
1643887935	1	15	15	24	228	138	7	0.54	30	2	4.22	12	11.00
1643887955	1	12	15	24	266	138	7	0.76	39	1	4.83	16	12.27
1643887975	1	17	15	28	185	139	7	0.65	46	1	3.67	19	15.62
1643887995	1	17	15	27	263	139	7	0.65	37	1	3.90	16	11.77
1643888022	1	18	15	33	256	136	0	0.73	43	8	3.42	5	10.13
1643888043	2	30	25	32	267	134	0	0.84	61	0	3.43	20	54.31
1643888063	1	25	15	37	240	133	0	0.72	63	0	2.99	22	34.40
1643888083	1	16	15	28	250	134	0	0.78	51	0	3.21	15	49.09
1643888103	1	14	15	35	234	135	0	0.66	51	2	3.58	14	10.91
1643888130	2	21	25	25	252	130	5	0.79	33	2	3.46	10	17.78
1643888150	1	15	15	31	233	138	5	0.78	42	0	3.26	13	35.56
1643888170	2	16	25	31	288	140	5	0.81	53	0	3.39	21	42.12
1643888190	1	9	15	29	244	140	5	0.82	54	0	3.30	26	49.23
1643888210	1	14	15	30	257	141	5	0.64	48	0	3.44	12	30.75
1643888237	1	28	15	32	218	136	5	0.74	54	0	2.85	24	55.35
1643888257	1	15	15	30	242	137	5	0.77	66	0	3.12	24	42.07
1643888277	1	14	15	29	208	137	5	0.80	52	0	3.56	5	21.06
1643888297	0	7	8	32	179	137	5	0.66	42	1	2.86	13	7.89
1643888317	2	10	25	25	214	139	5	0.41	28	34	3.65	18	15.84
1643888344	0	7	8	34	206	132	0	0.65	41	1	2.73	14	10.12
1643888364	1	7	15	29	196	134	0	0.71	34	1	3.30	13	15.65
1643888384	0	3	8	22	212	134	0	0.73	33	0	3.39	8	15.88
1643888405	1	4	15	27	210	134	0	0.57	25	1	3.37	7	14.71
1643888425	1	8	15	33	204	135	0	0.49	39	12	3.19	14	9.94
1643888452	1	11	15	25	238	133	1	0.80	38	1	3.68	14	18.64
1643888472	2	26	25	26	258	134	1	0.71	29	1	3.64	5	23.36
1643888492	0	8	8	34	194	135	1	0.59	26	1	3.49	10	7.66
1643888512	1	15	15	26	172	135	1	0.76	44	1	3.85	9	13.39
1643888532	0	8	8	27	186	135	1	0.58	22	1	3.96	8	6.35
1643888559	0	9	8	35	128	140	2	0.59	33	1	3.57	11	8.42
1643888579	2	18	25	27	208	140	2	0.60	31	8	4.58	13	16.07
1643888599	1	6	15	24	251	141	2	0.81	39	1	4.29	13	17.94
1643888619	1	11	15	32	166	141	2	0.76	82	1	3.37	12	13.29
1643888639	1	8	15	34	219	141	2	0.76	60	0	3.04	18	54.94
1643888666	1	19	15	32	206	132	0	0.75	62	0	3.27	15	48.05
1643888686	1	19	15	32	247	134	0	0.87	55	0	3.52	9	47.68
1643888706	0	9	8	33	186	134	0	0.78	62	0	3.00	21	49.23
1643888726	1	13	15	28	176	135	0	0.72	32	1	3.34	10	12.51
1643888746	1	16	15	30	260	135	0	0.77	56	0	3.14	19	55.80
1643888773	2	11	25	26	233	129	15	0.88	75	4	3.40	7	16.68
1643888794	1	16	15	33	224	134	15	0.93	65	4	2.79	16	10.72
1643888814	1	16	15	33	240	134	15	0.87	62	3	3.04	14	11.00
1643888834	1	18	15	37	277	135	15	0.78	47	0	3.56	16	24.00
1643888854	2	19	25	29	267	135	15	0.63	49	1	3.67	18	21.89
1643888881	2	21	25	26	264	137	0	0.80	55	0	3.85	6	36.95
1643888901	1	14	15	24	276	143	0	0.73	34	1	3.64	13	13.67
1643888921	0	9	8	30	239	144	0	0.46	18	2	4.17	11	4.63
1643888941	1	20	15	27	274	145	0	0.65	50	1	2.98	20	15.02
1643888961	0	7	8	32	129	145	0	0.78	39	0	3.57	14	48.40
1643888988	0	6	8	31	235	131	10	0.72	38	0	3.36	12	15.08
1643889008	1	9	15	32	165	134	10	0.54	35	0	3.77	17	20.72
1643889028	1	6	15	31	161	135	10	0.64	56	11	2.57	19	10.01
1643889048	1	13	15	32	166	136	10	0.58	26	1	2.85	12	12.68
1643889068	2	7	25	32	190	136	10	0.41	23	16	2.86	5	15.88
1643889095	2	25	25	20	212	127	2	0.78	43	1	4.24	10	18.42
1643889115	0	4	8	42	186	146	2	0.54	46	14	3.14	9	3.93
1643889135	1	10	15	25	264	147	2	0.54	25	2	3.81	11	10.71
1643889155	1	19	15	30	239	148	2	0.68	21	1	4.26	5	11.85
1643889175	1	15	15	30	210	148	2	0.52	33	2	3.92	14	10.75
1643889203	2	14	25	26	218	139	5	0.63	34	1	4.98	14	17.87
1643889223	0	10	8	34	183	140	5	0.71	45	1	3.99	5	11.12
1643889243	1	14	15	33	258	140	5	0.66	57	0	2.66	17	19.54
1643889263	0	8	8	38	250	141	5	0.80	72	1	3.24	18	8.57
1643889283	2	12	25	24	271	134	5	0.82	55	2	3.44	18	17.69
1643889310	0	7	8	35	175	130	2	0.56	76	0	2.98	17	47.21
1643889330	1	6	15	36	217	134	2	0.56	76	0	2.98	17	53.21
1643889350	2	7	25	38	166	135	2	0.52	35	1	2.79	15	17.21
1643889370	1	5	15	35	158	135	2	0.69	57	1	2.94	12	17.04
1643889390	1	8	15	37	169	136	2	0.45	38	27	2.88	21	9.85
1643889417	0	7	8	35	150	133	5	0.54	34	11	2.73	13	3.97
1643889437	1	4	15	38	194	135	5	0.64	55	0	2.42	25	24.71
1643889457	2	5	25	35	169	135	5	0.63	66	0	2.47	26	31.92
1643889477	1	8	15	33	182	135	5	0.51	34	1	2.83	8	11.87
1643889497	1	7	15	33	143	135	5	0.42	21	10	4.11	8	9.95
1643889524	1	13	15	28	212	141	1	0.83	24	10	3.17	1	10.09
1643889544	0	7	8	32	188	143	1	0.68	41	1	3.55	13	5.77
1643889564	1	7	15	23	214	144	1	0.68	19	1	3.15	6	15.57
1643889585	1	19	15	26	194	144	1	0.80	36	1	3.71	13	20.00
1643889605	1	21	15	26	251	144	1	0.65	27	0	3.84	8	18.65
1643889632	2	13	25	25	202	137	15	0.84	44	2	3.68	13	17.57
1643889652	1	13	15	23	196	138	15	0.77	29	1	3.44	7	12.38
1643889672	1	21	15	28	169	138	15	0.78	34	0	3.40	16	53.27
1643889692	1	12	15	25	215	139	15	0.79	33	1	3.32	11	16.08
1643889712	0	8	8	31	182	139	15	0.82	45	1	3.79	15	13.35
1643889739	0	15	8	32	211	130	5	0.58	32	3	3.68	11	4.44
1643889759	2	6	25	35	216	134	5	0.66	51	1	3.45	24	18.95
1643889779	1	9	15	37	190	135	5	0.53	45	1	3.27	15	11.37
1643889799	1	7	15	36	185	151	5	0.48	52	6	2.42	22	10.08
1643889819	1	9	15	35	221	151	5	0.62	60	0	3.29	5	20.32
1643889846	2	39	25	29	267	134	10	0.81	69	2	3.35	16	17.54
1643889866	1	9	15	31	194	132	10	0.70	52	0	3.38	11	49.79
1643889886	1	8	15	32	249	133	10	0.85	56	0	3.59	14	31.87
1643889906	1	15	15	28	214	134	10	0.77	53	0	3.27	13	55.12
1643889926	2	10	25	27	253	134	10	0.81	78	0	3.42	8	27.96
1643889953	1	18	15	29	204	133	15	0.59	39	13	3.32	17	9.95
1643889974	2	19	25	27	272	134	15	0.73	43	1	3.46	15	22.34
1643889994	1	12	15	32	235	130	15	0.83	58	0	3.11	19	55.96
1643890014	1	15	15	32	245	134	15	0.78	57	0	3.30	12	38.82
1643890034	1	16	15	32	218	134	15	0.87	28	0	3.23	4	23.28
1643890061	2	23	25	27	263	137	10	0.80	38	1	3.39	15	18.81
1643890081	0	6	8	32	221	138	10	0.87	53	0	3.49	9	17.75
1643890101	2	3	25	23	267	138	10	0.69	48	1	2.77	17	22.26
1643890121	1	11	15	25	230	139	10	0.46	22	39	3.87	12	9.83
1643890141	1	11	15	26	267	139	10	0.78	32	1	4.33	6	17.46
1643890168	1	16	15	24	218	132	1	0.84	37	0	3.72	15	40.68
1643890188	1	15	15	23	210	134	1	0.74	27	0	3.79	7	19.48
1643890208	2	18	25	28	243	135	1	0.75	28	1	3.22	9	21.68
1643890228	1	23	15	26	212	135	1	0.83	43	0	3.60	11	35.69
1643890248	1	11	15	25	191	135	1	0.81	29	1	3.58	8	12.48
1643890275	1	15	15	28	200	131	10	0.59	31	1	3.32	11	11.92
1643890295	1	10	15	26	246	134	10	0.65	33	1	3.85	9	13.68
1643890315	1	18	15	30	190	134	10	0.79	52	0	3.25	16	28.12
1643890335	2	21	25	26	220	135	10	0.71	30	1	4.43	10	20.16
1643890355	2	14	25	27	302	135	10	0.68	28	4	4.35	8	16.39
1643890383	2	24	25	26	240	132	10	0.64	40	1	4.81	17	19.47
1643890403	2	22	25	18	228	134	10	0.86	52	16	3.38	24	15.98
1643890423	1	15	15	36	255	135	10	0.90	67	6	3.18	15	10.38
1643890443	1	14	15	32	260	135	10	0.72	66	0	2.94	19	53.92
1643890463	1	19	15	34	235	136	10	0.59	50	1	3.49	13	12.93
1643890490	1	18	15	35	248	139	1	0.65	50	0	3.56	16	37.26
1643890510	1	16	15	29	202	140	1	0.61	37	0	3.38	18	26.71
1643890530	2	27	25	32	271	140	1	0.89	65	0	3.67	14	61.48
1643890550	0	7	8	33	183	140	1	0.71	55	1	2.88	13	10.59
1643890570	1	14	15	31	231	140	1	0.65	51	1	2.73	23	13.50
1643890597	1	9	15	30	221	133	5	0.63	48	0	3.52	11	35.73
1643890617	1	6	15	31	238	134	5	0.68	49	1	3.32	19	17.84
1643890637	1	19	15	32	166	135	5	0.60	43	1	3.77	17	14.89
1643890657	1	17	15	27	235	136	5	0.80	31	0	3.14	15	41.05
1643890677	1	15	15	29	236	136	5	0.78	31	1	3.89	10	14.10
1643890704	1	21	15	32	242	140	2	0.54	28	1	3.98	13	11.74
1643890724	1	18	15	30	247	143	2	0.86	24	10	3.18	1	10.10
1643890744	1	13	15	24	198	144	2	0.77	38	0	3.36	15	39.53
1643890765	2	7	25	22	184	144	2	0.76	29	1	3.67	9	20.44
1643890785	1	15	15	26	223	144	2	0.82	38	0	3.93	13	28.24
1643890812	2	42	25	25	189	131	2	0.83	47	9	3.68	16	16.12
1643890832	1	16	15	23	229	134	2	0.71	24	1	3.47	9	12.31
1643890852	1	11	15	25	224	134	2	0.84	50	0	3.58	14	33.29
1643890872	1	14	15	29	220	134	2	0.58	29	2	3.26	11	10.71
1643890892	1	13	15	24	220	134	2	0.79	36	1	4.00	2	18.55
1643890919	1	16	15	25	290	139	1	0.61	33	1	3.81	12	14.29
1643890939	1	10	15	26	218	141	1	0.67	33	2	4.51	13	10.96
1643890959	1	15	15	28	272	141	1	0.81	46	1	4.35	16	12.39
1643890979	1	15	15	27	257	141	1	0.70	38	1	4.67	14	14.39
1643890999	2	21	25	26	230	141	1	0.73	37	1	4.04	15	21.76
1643891026	0	9	8	35	241	138	2	0.60	48	2	2.72	17	5.24
1643891046	2	29	25	30	271	138	2	0.83	70	3	3.27	17	17.00
1643891066	1	15	15	35	228	139	2	0.93	64	7	3.03	14	10.28
1643891086	2	34	25	28	252	139	2	0.91	64	2	2.95	9	17.31
1643891107	1	17	15	32	265	139	2	0.76	50	31	2.92	19	9.88
1643891134	0	6	8	35	196	131	15	0.73	40	0	3.21	10	45.44
1643891154	2	7	25	35	192	134	15	0.69	58	0	2.98	12	24.53
1643891174	1	11	15	37	214	134	15	0.60	47	1	2.72	21	16.06
1643891194	2	7	25	37	208	135	15	0.65	57	1	2.85	19	20.66
1643891214	1	4	15	33	236	136	15	0.74	55	1	2.82	15	17.57
1643891241	0	5	8	33	156	142	10	0.61	43	1	3.17	12	9.19
1643891261	2	17	25	27	241	143	10	0.61	28	1	2.88	9	19.94
1643891281	2	26	25	28	271	145	10	0.80	56	0	3.84	6	38.00
1643891301	1	7	15	26	224	137	10	0.83	40	1	3.60	13	19.49
1643891321	1	13	15	28	200	138	10	0.80	50	0	3.67	17	34.68
1643891348	0	7	8	29	202	132	10	0.68	35	7	3.53	8	4.13
1643891368	1	18	15	25	239	134	10	0.69	40	0	2.83	9	32.69
1643891388	1	10	15	25	222	135	10	0.78	25	1	3.25	9	17.65
1643891408	1	16	15	29	235	135	10	0.69	48	0	3.65	18	21.70
1643891428	1	28	15	27	220	136	10	0.64	22	1	3.09	8	12.21
1643891455	1	17	15	29	196	138	5	0.74	39	0	3.31	15	20.37
1643891476	1	9	15	27	235	140	5	0.78	34	0	3.74	14	25.43
1643891496	2	23	25	27	202	140	5	0.84	45	1	4.05	15	27.06
1643891516	1	14	15	27	260	140	5	0.66	46	2	3.92	13	11.54
1643891536	1	21	15	27	224	140	5	0.74	38	1	4.58	15	12.58
1643891563	0	9	8	37	167	132	15	0.49	47	2	2.95	19	4.93
1643891583	2	10	25	37	202	134	15	0.54	42	1	2.65	14	17.31
1643891603	0	7	8	34	271	134	15	0.42	23	3	3.50	8	4.27
1643891623	1	10	15	37	185	134	15	0.60	84	1	2.94	21	11.51
1643891643	1	7	15	37	180	135	15	0.62	62	0	2.53	17	27.51
1643891670	2	15	25	27	228	139	15	0.83	54	0	3.59	18	32.26
1643891690	2	25	25	31	267	140	15	0.82	65	33	3.09	18	15.88
1643891710	2	17	25	26	259	141	15	0.89	66	21	3.41	16	15.95
1643891730	1	15	15	34	228	145	15	0.83	46	16	2.89	19	9.98
1643891750	1	12	15	32	233	145	15	0.82	54	0	3.09	17	31.33
1643891777	1	19	15	33	198	132	5	0.78	47	0	3.14	19	45.39
1643891797	1	18	15	32	218	135	5	0.69	59	0	3.09	16	55.94
1643891817	2	8	25	28	235	135	5	0.79	54	0	3.18	20	28.29
1643891837	1	8	15	30	218	135	5	0.66	46	1	3.33	16	13.65
1643891857	1	18	15	28	229	135	5	0.75	43	0	3.27	12	24.75
1643891885	0	8	8	39	200	131	2	0.70	52	1	2.87	18	8.40
1643891905	0	6	8	34	167	136	2	0.50	20	4	3.13	8	4.25
1643891925	2	2	25	29	179	136	2	0.50	17	3	3.33	10	16.49
1643891945	1	6	15	30	115	136	2	0.63	33	1	3.43	7	15.68
1643891965	0	8	8	29	181	136	2	0.65	38	0	3.30	2	42.48
1643891992	2	12	25	20	210	130	15	0.65	36	9	3.90	9	16.07
1643892012	1	17	15	28	196	134	15	0.68	34	30	2.77	14	9.87
1643892032	1	16	15	27	224	135	15	0.71	50	28	2.82	9	9.88
1643892052	1	20	15	29	225	135	15	0.72	35	17	2.77	14	9.95
1643892072	1	21	15	30	229	135	15	0.83	38	2	3.23	9	12.00
1643892099	1	18	15	29	233	139	2	0.76	32	3	3.45	9	10.98
1643892119	1	16	15	26	224	140	2	0.60	52	0	3.24	20	21.42
1643892139	2	15	25	26	167	141	2	0.61	30	1	5.36	14	18.53
1643892159	1	17	15	30	223	141	2	0.64	40	1	4.96	18	12.86
1643892179	1	14	15	32	228	142	2	0.54	44	1	3.71	23	11.87
1643892206	0	2	8	32	188	135	0	0.66	60	0	3.26	6	13.12
1643892226	1	15	15	30	234	138	0	0.59	61	1	2.46	21	14.11
1643892247	2	28	25	26	277	138	0	0.78	73	1	3.20	16	20.37
1643892267	1	12	15	32	181	139	0	0.79	51	0	3.24	16	34.01
1643892287	1	16	15	33	206	139	0	0.70	51	0	3.44	14	44.27
1643892314	1	9	15	24	192	136	5	0.78	52	0	3.69	6	39.57
1643892334	1	14	15	31	214	140	5	0.78	68	0	3.08	21	52.57
1643892354	1	14	15	29	190	141	5	0.77	42	1	3.45	14	14.94
1643892374	1	12	15	32	237	141	5	0.83	78	4	3.29	13	10.52
1643892394	2	29	25	28	261	141	5	0.88	56	1	3.64	15	28.11
1643892421	0	8	8	37	196	129	0	0.80	25	1	3.03	3	11.93
1643892441	0	9	8	37	202	134	0	0.39	38	29	2.77	20	3.84
1643892461	1	17	15	27	227	134	0	0.68	38	0	2.63	16	37.85
1643892481	2	25	25	28	226	134	0	0.84	55	1	3.57	21	22.95
1643892501	0	7	8	36	189	135	0	0.45	23	3	3.32	10	4.46
1643892528	1	12	15	25	230	129	5	0.73	43	5	3.26	12	10.37
1643892548	1	15	15	24	212	134	5	0.78	34	1	3.91	7	19.12
1643892568	1	15	15	25	244	135	5	0.78	19	1	3.29	6	12.65
1643892588	1	16	15	29	254	135	5	0.71	30	0	4.29	14	31.27
1643892608	1	18	15	26	206	136	5	0.63	35	0	3.74	10	23.62
1643892636	2	7	25	24	154	136	2	0.78	31	0	3.34	11	31.84
1643892656	0	5	8	31	170	137	2	0.67	35	1	3.50	9	9.05
1643892676	1	13	15	25	162	138	2	0.72	24	2	3.51	7	11.75
1643892696	2	18	25	24	216	138	2	0.67	32	1	3.83	13	21.80
1643892716	0	9	8	32	175	138	2	0.76	44	3	3.78	14	4.99
1643892743	2	35	25	22	238	133	0	0.73	26	2	4.76	9	17.47
1643892763	2	28	25	27	271	134	0	0.75	40	1	6.94	17	18.71
1643892783	0	7	8	37	189	134	0	0.61	35	9	4.61	14	4.03
1643892803	1	15	15	30	171	134	0	0.62	55	2	3.78	9	11.20
1643892823	0	7	8	39	190	136	0	0.65	61	1	2.64	22	11.22
1643892850	0	5	8	32	188	135	10	0.52	70	3	2.66	22	4.57
1643892870	2	23	25	27	290	136	10	0.59	55	1	2.48	20	18.60
1643892890	1	18	15	32	223	137	10	0.93	56	2	3.19	16	11.91
1643892910	1	12	15	33	180	137	10	0.67	41	0	3.48	1	49.37
1643892930	2	25	25	27	255	137	10	0.85	66	0	3.34	22	61.21
1643892957	1	14	15	33	223	134	10	0.77	53	1	3.26	24	19.51
1643892977	1	18	15	35	223	136	10	0.81	85	4	3.08	19	10.54
1643892998	1	16	15	34	232	136	10	0.83	57	0	3.14	19	55.05
1643893018	1	12	15	25	235	136	10	0.87	28	0	3.22	4	25.89
1643893038	1	11	15	29	210	139	10	0.75	62	0	2.97	21	49.32
1643893065	2	28	25	21	226	132	0	0.79	25	3	3.51	9	16.87
1643893085	1	15	15	31	228	134	0	0.91	52	1	3.58	14	14.79
1643893105	0	9	8	33	198	135	0	0.51	21	14	5.40	12	3.93
1643893125	1	10	15	16	140	135	0	0.82	37	0	4.67	8	20.87
1643893145	2	43	25	18	292	135	0	0.83	38	0	3.86	9	51.01
1643893172	0	7	8	27	138	132	0	0.89	42	0	3.38	8	19.40
1643893192	0	10	8	29	177	133	0	0.65	19	2	3.09	6	5.32
1643893212	2	9	25	25	233	134	0	0.82	39	0	3.66	15	33.00
1643893232	1	19	15	28	223	134	0	0.67	18	1	2.89	7	13.42
1643893252	2	20	25	26	262	134	0	0.80	37	1	3.72	15	23.60
1643893279	2	20	25	16	220	130	15	0.80	24	1	3.56	8	19.09
1643893299	2	40	25	19	280	134	15	0.98	49	4	3.22	11	16.75
1643893319	2	17	25	25	265	135	15	0.98	49	4	3.22	11	16.75
1643893339	1	8	15	24	259	138	15	0.64	27	1	4.83	12	15.61
1643893359	1	12	15	31	267	139	15	0.67	40	1	5.32	16	12.80
1643893387	2	17	25	26	284	141	15	0.61	39	12	3.76	15	15.98
1643893407	2	31	25	29	204	130	15	0.83	62	1	3.52	6	19.81
1643893427	1	15	15	35	218	134	15	0.89	59	20	2.93	19	9.95
1643893447	1	20	15	37	231	134	15	0.80	74	1	3.19	18	14.48
1643893467	0	12	15	30	244	135	15	0.76	66	1	3.27	21	9.86
1643893494	0	6	8	35	153	133	15	0.51	45	1	2.75	14	7.98
1643893514	2	7	25	34	200	134	15	0.69	52	0	3.39	5	30.08
1643893534	1	10	15	39	244	152	15	0.64	59	0	2.51	18	29.10
1643893554	2	8	25	35	264	152	15	0.62	48	0	2.72	14	26.18
1643893574	1	7	15	37	251	153	15	0.78	54	0	2.82	14	30.45
1643893601	1	20	15	33	194	137	10	0.81	55	0	3.09	26	34.33
1643893621	2	46	25	29	256	138	10	0.77	45	0	3.78	10	27.30
1643893641	1	16	15	34	250	139	10	0.79	53	20	3.02	16	9.94
1643893661	1	17	15	27	250	139	10	0.58	27	1	3.31	10	11.91
1643893681	2	29	25	28	269	139	10	0.84	54	1	3.58	20	22.75
1643893708	2	9	25	24	183	138	1	0.62	20	1	4.28	10	17.58
1643893728	1	17	15	28	225	138	1	0.68	34	0	4.85	1	26.09
1643893748	1	11	15	26	249	139	1	0.63	41	0	3.77	2	17.59
1643893768	1	12	15	24	147	140	1	0.75	17	0	2.97	5	25.12
1643893789	2	12	25	24	224	140	1	0.67	30	0	4.16	14	31.57
1643893816	2	11	25	24	200	141	0	0.67	20	1	3.02	6	19.30
1643893836	2	9	25	24	193	141	0	0.59	14	1	2.99	3	20.39
1643893856	2	11	25	24	194	142	0	0.76	40	1	3.49	13	24.94
1643893876	2	11	25	24	153	142	0	0.63	21	1	3.41	9	19.82
1643893896	1	16	15	30	227	142	0	0.67	25	2	3.32	10	11.19
1643893923	0	11	8	28	179	128	10	0.75	30	3	3.98	5	4.78
1643893943	2	8	25	29	167	133	10	0.43	31	2	4.05	15	16.49
1643893963	2	8	25	35	173	134	10	0.52	36	2	3.20	16	16.64
1643893983	2	4	25	33	128	134	10	0.59	40	1	2.46	13	19.81
1643894003	1	7	15	35	178	135	10	0.75	61	0	3.04	10	29.23
1643894030	1	16	15	35	187	141	0	0.79	73	0	2.73	21	56.00
1643894050	0	8	8	38	188	142	0	0.58	72	1	2.84	22	5.78
1643894070	1	13	15	27	236	143	0	0.56	60	8	2.48	24	10.05
1643894090	1	17	15	33	231	144	0	0.54	42	0	3.32	16	19.31
1643894110	1	21	15	24	231	144	0	0.71	43	0	3.44	10	21.06
1643894137	1	12	15	29	215	136	0	0.80	47	0	3.24	14	55.20
1643894158	1	16	15	32	256	136	0	0.77	42	1	3.46	14	15.20
1643894178	1	19	15	35	186	137	0	0.73	55	0	3.29	18	29.49
1643894198	2	27	25	30	288	137	0	0.85	60	1	3.57	16	25.08
1643894218	1	18	15	32	257	138	0	0.74	44	0	3.61	14	21.44
1643894245	0	7	8	32	192	132	0	0.72	60	1	2.87	22	7.04
1643894265	1	15	15	24	218	134	0	0.56	29	1	2.95	11	11.85
1643894285	1	16	15	29	227	134	0	0.83	51	1	3.32	15	18.86
1643894305	0	6	8	32	142	143	0	0.61	21	3	5.51	8	4.58
1643894325	2	19	25	27	255	144	0	0.77	37	0	4.54	7	27.32
1643894352	2	25	25	22	280	132	7	0.84	33	0	4.15	9	42.40
1643894372	2	24	25	19	290	134	7	0.82	37	0	3.86	7	38.45
1643894392	1	12	15	23	164	134	7	0.65	35	0	4.44	16	30.50
1643894412	2	28	25	23	265	135	7	0.81	43	0	3.83	15	47.68
1643894432	1	13	15	21	202	135	7	0.75	27	1	3.79	11	11.96
1643894459	2	28	25	25	228	132	5	0.86	37	0	3.49	11	32.31
1643894479	1	11	15	27	229	133	5	0.79	28	1	4.05	9	15.38
1643894499	1	11	15	17	206	134	5	0.76	43	1	3.83	9	12.42
1643894519	1	12	15	23	215	135	5	0.60	27	2	4.69	10	11.05
1643894539	1	24	15	25	225	135	5	0.76	38	1	4.91	18	13.00
1643894567	0	8	8	39	176	137	5	0.42	47	4	2.58	22	4.21
1643894587	2	5	25	24	196	138	5	0.52	39	2	2.64	13	16.69
1643894607	2	32	25	28	262	138	5	0.82	43	2	4.76	12	17.38
1643894627	2	25	25	31	227	145	5	1.03	68	10	2.92	17	16.15
1643894647	0	7	8	38	147	145	5	0.99	75	3	2.68	21	5.22
1643894674	1	19	15	28	217	138	15	0.84	55	0	3.63	14	33.59
1643894694	2	27	25	28	252	139	15	0.78	62	0	3.00	21	61.40
1643894714	1	14	15	28	212	140	15	0.93	58	15	3.41	13	10.02
1643894734	1	13	15	33	240	140	15	0.86	76	4	2.76	24	10.62
1643894754	1	16	15	32	171	140	15	0.80	68	21	2.98	19	9.93
1643894781	0	4	8	36	192	132	2	0.73	57	0	2.61	14	29.80
1643894801	1	7	15	37	185	134	2	0.69	61	1	2.86	19	15.34
1643894821	1	9	15	36	194	135	2	0.55	36	2	2.64	12	10.77
1643894841	2	6	25	38	183	136	2	0.42	41	8	2.79	21	15.99
1643894861	2	5	25	33	124	136	2	0.61	30	2	3.00	10	17.30
1643894888	2	13	25	25	234	135	0	0.49	25	2	5.56	15	16.93
1643894908	0	10	8	32	192	136	0	0.47	18	3	4.17	10	4.50
1643894928	1	15	15	30	242	136	0	0.80	41	0	3.51	13	31.05
1643894949	1	23	15	26	196	137	0	0.75	31	1	3.79	11	14.72
1643894969	1	14	15	25	204	137	0	0.67	37	0	3.86	1	28.50
1643894996	1	18	15	28	226	141	7	0.73	36	1	3.59	11	12.47
1643895016	1	17	15	25	200	142	7	0.77	35	1	3.48	12	17.81
1643895036	1	24	15	26	164	143	7	0.80	39	0	3.60	14	23.48
1643895056	1	13	15	25	226	143	7	0.68	31	1	3.86	7	14.02
1643895076	2	8	25	25	196	143	7	0.65	29	2	3.34	9	17.21
1643895103	2	19	25	26	239	136	5	0.79	37	2	4.05	10	17.60
1643895123	1	17	15	29	212	139	5	0.62	27	2	4.77	10	11.10
1643895143	2	18	25	26	157	139	5	0.75	51	4	4.31	24	16.51
1643895163	0	8	8	39	194	139	5	0.46	41	4	2.88	19	4.18
1643895183	2	19	25	26	228	139	5	0.35	42	18	2.57	18	15.86
1643895210	0	9	8	38	200	138	10	0.67	84	1	3.00	16	6.60
1643895230	1	13	15	36	243	139	10	0.56	55	1	2.55	19	12.23
1643895250	1	14	15	35	232	139	10	0.78	59	0	3.16	17	47.11
1643895270	1	14	15	29	226	139	10	0.88	55	0	3.60	12	45.90
1643895290	1	18	15	33	224	140	10	0.68	58	0	3.06	21	28.82
1643895318	1	18	15	29	196	130	15	0.71	32	1	3.24	10	12.18
1643895338	1	15	15	31	173	133	15	0.72	58	0	3.15	22	33.51
1643895358	2	12	25	30	163	134	15	0.67	43	1	3.42	15	20.60
1643895378	2	18	25	33	182	134	15	0.88	68	10	2.71	21	16.12
1643895398	2	17	25	33	248	134	15	0.89	61	4	2.87	18	16.59
1643895425	2	22	25	27	292	135	7	0.82	63	0	3.30	21	33.71
1643895445	2	31	25	29	240	137	7	0.82	63	0	3.30	21	33.71
1643895465	1	16	15	29	220	134	7	0.80	52	0	3.56	5	24.46
1643895485	0	10	8	34	242	135	7	0.80	52	0	3.56	5	18.46
1643895505	2	14	25	25	245	135	7	0.66	39	1	2.97	12	19.97
1643895532	1	19	15	28	274	132	10	0.71	23	1	4.11	8	14.28
1643895552	2	14	25	22	260	133	10	0.78	42	0	3.52	14	34.08
1643895572	1	15	25	24	258	134	10	0.75	39	0	3.43	13	27.83
1643895592	2	56	25	20	0	102	10	0.82	38	0	3.97	12	29.44
1643895612	1	9	15	24	174	137	10	0.75	50	0	3.67	12	27.10
1643895639	2	19	25	25	234	135	5	0.83	38	1	3.82	14	19.54
1643895659	1	13	15	26	269	132	5	0.81	36	1	3.46	4	18.73
1643895680	2	13	25	26	263	134	5	0.70	28	2	3.59	7	17.70
1643895700	1	16	15	26	265	135	5	0.87	45	1	3.96	10	21.72
1643895720	1	17	15	22	261	129	5	0.81	28	4	4.52	5	10.65
1643895747	2	25	25	28	294	132	7	0.77	53	3	4.28	27	17.00
1643895767	1	26	15	28	294	138	7	0.77	53	3	4.28	27	11.00
1643895787	1	17	15	26	281	140	7	0.71	43	8	4.32	16	10.14
1643895807	1	10	15	23	225	130	7	0.82	43	2	4.77	12	11.31
1643895827	1	18	15	35	240	140	7	0.80	53	0	3.62	21	27.45
1643895854	1	16	15	32	254	133	15	0.75	62	0	3.26	15	47.67
1643895874	1	14	15	33	284	133	15	0.84	56	0	3.66	11	41.12
1643895894	2	31	15	28	277	138	15	0.84	56	0	3.66	11	47.12
1643895914	1	14	15	33	210	133	15	0.68	33	1	3.02	12	14.52
1643895934	2	26	25	28	284	142	15	0.87	54	0	3.45	17	56.37
1643895961	1	8	15	27	253	128	2	0.77	52	38	3.09	25	9.86
1643895981	2	18	25	33	278	133	2	0.77	58	0	3.29	19	28.36
1643896001	1	6	15	30	259	134	2	0.83	55	0	3.34	16	28.16
1643896021	2	12	25	33	279	134	2	0.76	40	0	3.28	12	35.40
1643896041	2	15	25	31	227	135	2	0.53	44	1	3.43	20	17.62
1643896069	2	14	25	21	261	126	0	0.74	29	0	2.88	14	33.03
1643896089	1	20	15	29	252	139	0	0.67	31	1	4.05	18	11.81
1643896109	1	15	15	24	253	143	0	0.54	25	4	5.19	15	10.27
1643896129	2	19	25	27	296	144	0	0.68	33	1	3.35	16	22.93
1643896149	2	13	25	24	269	135	0	0.72	19	1	3.22	6	23.38
1643896176	0	7	8	32	202	132	5	0.81	34	0	3.82	9	24.10
1643896196	1	8	15	31	242	134	5	0.68	33	1	3.18	12	16.50
1643896216	1	8	15	31	247	146	5	0.52	34	1	2.89	16	13.36
1643896236	0	4	8	33	241	147	5	0.70	26	1	3.08	8	6.10
1643896256	2	10	25	31	248	147	5	0.61	39	1	2.75	13	18.89
1643896283	1	7	15	23	168	132	7	0.47	32	2	3.04	10	10.99
1643896303	2	31	25	29	244	136	7	0.69	52	2	3.82	20	17.50
1643896323	1	12	15	24	246	137	7	0.73	39	1	4.61	14	12.12
1643896343	2	13	25	26	284	137	7	0.58	26	1	4.64	10	17.87
1643896363	1	17	15	36	274	138	7	0.68	39	1	4.81	19	12.03
