1643382413	1	18	15	24	256	121	10	0.88	26	13	3.42	0	10.03
1643382433	0	9	8	25	206	123	10	0.88	26	13	3.42	0	4.03
1643382453	2	33	30	18	255	124	10	0.88	26	13	3.42	0	16.03
1643382473	0	9	8	37	188	122	10	0.88	26	13	3.42	0	4.03
1643382494	1	16	15	30	231	123	10	0.88	26	13	3.42	0	10.03
1643382521	2	20	30	28	256	124	3	0.88	26	13	3.42	0	16.03
1643382541	0	9	8	39	132	122	3	0.88	26	13	3.42	0	4.03
1643382561	2	7	30	38	182	123	3	0.88	26	13	3.42	0	16.03
1643382581	2	5	30	36	187	124	3	0.88	26	13	3.42	0	16.03
1643382601	1	14	15	32	229	128	3	0.88	26	13	3.42	0	10.03
1643382628	2	28	30	26	240	122	7	0.88	26	13	3.42	0	16.03
1643382648	2	29	30	28	248	123	7	0.88	26	13	3.42	0	16.03
1643382668	1	19	15	26	164	128	7	0.88	26	13	3.42	0	10.03
1643382688	0	12	8	34	160	130	7	0.88	26	13	3.42	0	4.03
1643382708	1	20	15	34	224	129	7	0.88	26	13	3.42	0	10.03
1643382735	0	8	8	37	202	121	8	0.88	26	13	3.42	0	4.03
1643382755	2	7	30	36	171	124	8	0.88	26	13	3.42	0	16.03
1643382775	2	8	30	31	135	124	8	0.88	26	13	3.42	0	16.03
1643382795	1	7	15	34	174	124	8	0.88	26	13	3.42	0	10.03
1643382815	2	4	30	31	161	125	8	0.88	26	13	3.42	0	16.03
1643382842	1	14	15	26	253	125	8	0.88	26	13	3.42	0	10.03
1643382863	0	9	8	31	192	126	8	0.88	26	13	3.42	0	4.03
1643382883	0	8	8	30	142	128	8	0.88	26	13	3.42	0	4.03
1643382903	1	15	15	25	225	128	8	0.88	26	13	3.42	0	10.03
1643382923	2	18	30	26	226	128	8	0.88	26	13	3.42	0	16.03
1643382950	0	7	8	33	178	127	7	0.88	26	13	3.42	0	4.03
1643382970	1	20	15	26	210	128	7	0.88	26	13	3.42	0	10.03
1643382990	2	12	30	25	217	129	7	0.88	26	13	3.42	0	16.03
1643383010	2	10	30	24	187	130	7	0.88	26	13	3.42	0	16.03
1643383030	2	11	30	24	215	130	7	0.88	26	13	3.42	0	16.03
1643383057	1	14	15	24	242	125	8	0.88	26	13	3.42	0	10.03
1643383077	1	8	15	30	226	127	8	0.88	26	13	3.42	0	10.03
1643383097	0	8	8	27	165	127	8	0.88	26	13	3.42	0	4.03
1643383117	0	10	8	23	174	128	8	0.88	26	13	3.42	0	4.03
1643383137	2	20	30	27	247	128	8	0.88	26	13	3.42	0	16.03
1643383164	0	6	8	38	167	123	8	0.88	26	13	3.42	0	4.03
1643383184	2	8	30	34	177	124	8	0.88	26	13	3.42	0	16.03
1643383204	2	5	30	35	166	124	8	0.88	26	13	3.42	0	16.03
1643383225	2	9	30	35	137	125	8	0.88	26	13	3.42	0	16.03
1643383245	1	7	15	35	156	125	8	0.88	26	13	3.42	0	10.03
1643383272	1	17	15	30	244	127	5	0.88	26	13	3.42	0	10.03
1643383292	1	13	15	31	229	128	5	0.88	26	13	3.42	0	10.03
1643383312	1	15	15	29	238	129	5	0.88	26	13	3.42	0	10.03
1643383332	2	39	30	29	251	129	5	0.88	26	13	3.42	0	16.03
1643383352	1	13	15	32	234	130	5	0.88	26	13	3.42	0	10.03
1643383379	2	22	30	26	222	122	8	0.88	26	13	3.42	0	16.03
1643383399	1	16	15	27	164	123	8	0.88	26	13	3.42	0	10.03
1643383419	0	6	8	26	190	124	8	0.88	26	13	3.42	0	4.03
1643383439	0	8	8	33	188	125	8	0.88	26	13	3.42	0	4.03
1643383459	0	8	8	31	140	125	8	0.88	26	13	3.42	0	4.03
1643383486	2	11	30	24	220	122	9	0.88	26	13	3.42	0	16.03
1643383506	1	20	15	26	216	123	9	0.88	26	13	3.42	0	10.03
1643383526	0	7	8	27	128	124	9	0.88	26	13	3.42	0	4.03
1643383546	1	20	15	26	206	124	9	0.88	26	13	3.42	0	10.03
1643383566	1	9	15	25	233	124	9	0.88	26	13	3.42	0	10.03
1643383593	2	17	30	21	224	122	10	0.88	26	13	3.42	0	16.03
1643383614	0	7	8	31	179	123	10	0.88	26	13	3.42	0	4.03
1643383634	0	7	8	34	128	124	10	0.88	26	13	3.42	0	4.03
1643383654	1	9	15	23	196	125	10	0.88	26	13	3.42	0	10.03
1643383674	1	12	15	21	181	125	10	0.88	26	13	3.42	0	10.03
1643383701	2	21	30	22	254	122	9	0.88	26	13	3.42	0	16.03
1643383721	2	38	30	26	258	125	9	0.88	26	13	3.42	0	16.03
1643383741	2	37	30	30	254	124	9	0.88	26	13	3.42	0	16.03
1643383761	1	15	15	34	231	126	9	0.88	26	13	3.42	0	10.03
1643383781	0	8	8	33	177	128	9	0.88	26	13	3.42	0	4.03
1643383808	0	11	8	34	190	121	7	0.88	26	13	3.42	0	4.03
1643383828	2	6	30	33	190	123	7	0.88	26	13	3.42	0	16.03
1643383848	2	7	30	34	174	123	7	0.88	26	13	3.42	0	16.03
1643383868	1	7	15	36	146	124	7	0.88	26	13	3.42	0	10.03
1643383888	1	9	15	34	126	125	7	0.88	26	13	3.42	0	10.03
1643383915	1	14	15	32	231	122	3	0.88	26	13	3.42	0	10.03
1643383935	1	10	15	30	245	124	3	0.88	26	13	3.42	0	10.03
1643383955	0	6	8	30	130	125	3	0.88	26	13	3.42	0	4.03
1643383975	1	12	15	29	232	125	3	0.88	26	13	3.42	0	10.03
1643383996	2	16	30	26	246	125	3	0.88	26	13	3.42	0	16.03
1643384023	1	72	15	17	153	122	8	0.88	26	13	3.42	0	10.03
1643384043	0	9	8	31	176	123	8	0.88	26	13	3.42	0	4.03
1643384063	2	34	30	22	264	124	8	0.88	26	13	3.42	0	16.03
1643384083	0	11	8	22	166	125	8	0.88	26	13	3.42	0	4.03
1643384103	2	30	30	18	251	125	8	0.88	26	13	3.42	0	16.03
1643384130	2	21	30	26	243	127	10	0.88	26	13	3.42	0	16.03
1643384150	1	15	15	27	225	128	10	0.88	26	13	3.42	0	10.03
1643384170	1	12	15	25	226	129	10	0.88	26	13	3.42	0	10.03
1643384190	0	4	8	31	119	130	10	0.88	26	13	3.42	0	4.03
1643384210	2	15	30	25	220	130	10	0.88	26	13	3.42	0	16.03
1643384237	1	27	15	24	217	121	1	0.88	26	13	3.42	0	10.03
1643384257	2	15	30	27	244	123	1	0.88	26	13	3.42	0	16.03
1643384277	0	7	8	36	140	123	1	0.88	26	13	3.42	0	4.03
1643384297	0	7	8	20	178	124	1	0.88	26	13	3.42	0	4.03
1643384317	2	19	30	29	255	126	1	0.88	26	13	3.42	0	16.03
1643384344	1	13	15	30	200	127	2	0.88	26	13	3.42	0	10.03
1643384364	2	33	30	28	258	128	2	0.88	26	13	3.42	0	16.03
1643384385	1	14	15	31	238	123	2	0.88	26	13	3.42	0	10.03
1643384405	1	10	15	26	151	124	2	0.88	26	13	3.42	0	10.03
1643384425	1	11	15	26	232	124	2	0.88	26	13	3.42	0	10.03
1643384452	2	12	30	25	233	122	10	0.88	26	13	3.42	0	16.03
1643384472	2	24	30	28	258	123	10	0.88	26	13	3.42	0	16.03
1643384492	0	5	8	31	143	124	10	0.88	26	13	3.42	0	4.03
1643384512	0	9	8	37	202	125	10	0.88	26	13	3.42	0	4.03
1643384532	1	16	15	33	222	125	10	0.88	26	13	3.42	0	10.03
1643384559	2	30	30	23	223	122	7	0.88	26	13	3.42	0	16.03
1643384579	1	17	15	27	247	123	7	0.88	26	13	3.42	0	10.03
1643384599	1	11	15	22	152	124	7	0.88	26	13	3.42	0	10.03
1643384619	0	8	8	28	169	124	7	0.88	26	13	3.42	0	4.03
1643384639	0	9	8	31	181	125	7	0.88	26	13	3.42	0	4.03
1643384666	0	6	8	21	182	127	8	0.88	26	13	3.42	0	4.03
1643384686	1	21	15	27	220	128	8	0.88	26	13	3.42	0	10.03
1643384706	1	14	15	30	181	129	8	0.88	26	13	3.42	0	10.03
1643384726	1	8	15	23	218	129	8	0.88	26	13	3.42	0	10.03
1643384746	1	13	15	28	227	129	8	0.88	26	13	3.42	0	10.03
1643384774	0	7	8	33	177	122	10	0.88	26	13	3.42	0	4.03
1643384794	1	18	15	23	216	123	10	0.88	26	13	3.42	0	10.03
1643384814	2	13	30	26	236	124	10	0.88	26	13	3.42	0	16.03
1643384834	1	11	15	24	190	124	10	0.88	26	13	3.42	0	10.03
1643384854	2	14	30	26	237	125	10	0.88	26	13	3.42	0	16.03
1643384881	0	6	8	32	190	126	5	0.88	26	13	3.42	0	4.03
1643384901	2	17	30	26	210	128	5	0.88	26	13	3.42	0	16.03
1643384921	2	24	30	28	230	129	5	0.88	26	13	3.42	0	16.03
1643384941	0	23	30	29	242	131	5	0.88	26	13	3.42	0	4.03
1643384961	0	5	8	32	204	123	5	0.88	26	13	3.42	0	4.03
1643384988	1	22	15	32	168	123	5	0.88	26	13	3.42	0	10.03
1643385008	1	14	15	31	230	124	5	0.88	26	13	3.42	0	10.03
1643385028	1	15	15	34	216	124	5	0.88	26	13	3.42	0	10.03
1643385048	1	13	15	31	194	124	5	0.88	26	13	3.42	0	10.03
1643385068	1	17	15	31	220	125	5	0.88	26	13	3.42	0	10.03
1643385095	0	9	8	37	160	122	2	0.88	26	13	3.42	0	4.03
1643385115	0	7	8	32	181	124	2	0.88	26	13	3.42	0	4.03
1643385135	1	9	15	32	224	125	2	0.88	26	13	3.42	0	10.03
1643385156	1	16	15	26	180	125	2	0.88	26	13	3.42	0	10.03
1643385176	2	17	30	25	243	125	2	0.88	26	13	3.42	0	16.03
1643385203	0	6	8	32	188	127	1	0.88	26	13	3.42	0	4.03
1643385223	1	14	15	29	251	128	1	0.88	26	13	3.42	0	10.03
1643385243	2	19	30	27	231	128	1	0.88	26	13	3.42	0	16.03
1643385263	1	14	15	25	164	129	1	0.88	26	13	3.42	0	10.03
1643385283	1	15	15	25	196	129	1	0.88	26	13	3.42	0	10.03
1643385310	0	10	8	34	173	122	5	0.88	26	13	3.42	0	4.03
1643385330	2	9	30	31	164	123	5	0.88	26	13	3.42	0	16.03
1643385350	2	5	30	29	182	123	5	0.88	26	13	3.42	0	16.03
1643385370	2	7	30	31	126	123	5	0.88	26	13	3.42	0	16.03
1643385390	0	5	8	28	156	124	5	0.88	26	13	3.42	0	4.03
1643385417	0	9	8	31	198	122	1	0.88	26	13	3.42	0	4.03
1643385437	2	9	30	32	190	123	1	0.88	26	13	3.42	0	16.03
1643385457	2	10	30	34	191	124	1	0.88	26	13	3.42	0	16.03
1643385477	1	6	15	36	147	125	1	0.88	26	13	3.42	0	10.03
1643385497	1	6	15	34	204	125	1	0.88	26	13	3.42	0	10.03
1643385524	1	19	15	34	196	122	8	0.88	26	13	3.42	0	10.03
1643385545	2	14	30	32	215	123	8	0.88	26	13	3.42	0	16.03
1643385565	2	15	30	32	208	123	8	0.88	26	13	3.42	0	16.03
1643385585	2	13	30	30	260	124	8	0.88	26	13	3.42	0	16.03
1643385605	2	12	30	31	224	125	8	0.88	26	13	3.42	0	16.03
1643385632	1	16	15	33	208	122	9	0.88	26	13	3.42	0	10.03
1643385652	2	29	30	27	246	123	9	0.88	26	13	3.42	0	16.03
1643385672	1	15	15	29	186	125	9	0.88	26	13	3.42	0	10.03
1643385692	1	17	15	32	222	125	9	0.88	26	13	3.42	0	10.03
1643385712	2	9	30	27	254	125	9	0.88	26	13	3.42	0	16.03
1643385739	2	32	30	28	246	126	5	0.88	26	13	3.42	0	16.03
1643385759	1	30	30	28	0	128	5	0.88	26	13	3.42	0	10.03
1643385779	0	7	8	30	177	129	5	0.88	26	13	3.42	0	4.03
1643385799	1	13	15	24	176	129	5	0.88	26	13	3.42	0	10.03
1643385819	2	1	30	16	110	130	5	0.88	26	13	3.42	0	16.03
1643385846	0	6	8	28	178	127	6	0.88	26	13	3.42	0	4.03
1643385866	1	17	15	24	235	128	6	0.88	26	13	3.42	0	10.03
1643385886	2	4	30	21	174	129	6	0.88	26	13	3.42	0	16.03
1643385906	1	11	15	26	212	130	6	0.88	26	13	3.42	0	10.03
1643385927	2	23	30	26	182	130	6	0.88	26	13	3.42	0	16.03
1643385954	0	6	8	31	145	121	10	0.88	26	13	3.42	0	4.03
1643385974	1	6	15	31	165	123	10	0.88	26	13	3.42	0	10.03
1643385994	0	13	8	30	206	123	10	0.88	26	13	3.42	0	4.03
1643386014	1	6	15	34	135	124	10	0.88	26	13	3.42	0	10.03
1643386034	0	6	8	28	179	124	10	0.88	26	13	3.42	0	4.03
1643386061	2	21	30	26	220	124	6	0.88	26	13	3.42	0	16.03
1643386081	2	25	30	28	223	125	6	0.88	26	13	3.42	0	16.03
1643386101	2	14	30	24	202	126	6	0.88	26	13	3.42	0	16.03
1643386121	1	15	15	27	208	127	6	0.88	26	13	3.42	0	10.03
1643386141	1	17	15	29	223	127	6	0.88	26	13	3.42	0	10.03
1643386168	0	8	8	38	145	122	9	0.88	26	13	3.42	0	4.03
1643386188	2	8	30	37	179	123	9	0.88	26	13	3.42	0	16.03
1643386208	0	5	8	32	161	124	9	0.88	26	13	3.42	0	4.03
1643386228	1	10	15	38	159	124	9	0.88	26	13	3.42	0	10.03
1643386248	0	9	8	36	140	124	9	0.88	26	13	3.42	0	4.03
1643386275	2	32	30	27	252	122	6	0.88	26	13	3.42	0	16.03
1643386295	2	20	30	29	234	125	6	0.88	26	13	3.42	0	16.03
1643386316	2	13	30	26	249	123	6	0.88	26	13	3.42	0	16.03
1643386336	2	51	30	30	251	125	6	0.88	26	13	3.42	0	16.03
1643386356	1	23	15	27	226	125	6	0.88	26	13	3.42	0	10.03
1643386383	2	27	30	27	254	125	7	0.88	26	13	3.42	0	16.03
1643386403	1	15	15	26	224	126	7	0.88	26	13	3.42	0	10.03
1643386423	2	15	30	24	226	128	7	0.88	26	13	3.42	0	16.03
1643386443	0	110	8	20	0	97	7	0.88	26	13	3.42	0	4.03
1643386463	1	22	15	19	147	123	7	0.88	26	13	3.42	0	10.03
1643386490	1	17	15	27	144	127	6	0.88	26	13	3.42	0	10.03
1643386510	1	14	15	24	192	129	6	0.88	26	13	3.42	0	10.03
1643386530	2	12	30	25	160	129	6	0.88	26	13	3.42	0	16.03
1643386550	2	8	30	25	222	129	6	0.88	26	13	3.42	0	16.03
1643386570	1	14	15	26	231	130	6	0.88	26	13	3.42	0	10.03
1643386597	2	15	30	25	212	127	10	0.88	26	13	3.42	0	16.03
1643386617	2	28	30	28	210	129	10	0.88	26	13	3.42	0	16.03
1643386637	0	13	8	32	121	129	10	0.88	26	13	3.42	0	4.03
1643386657	0	7	8	32	189	130	10	0.88	26	13	3.42	0	4.03
1643386677	2	22	30	26	251	130	10	0.88	26	13	3.42	0	16.03
1643386705	1	9	15	28	172	121	8	0.88	26	13	3.42	0	10.03
1643386725	1	16	15	33	215	124	8	0.88	26	13	3.42	0	10.03
1643386745	2	15	30	34	169	124	8	0.88	26	13	3.42	0	16.03
1643386765	2	7	30	32	206	125	8	0.88	26	13	3.42	0	16.03
1643386785	1	16	15	31	219	125	8	0.88	26	13	3.42	0	10.03
1643386812	0	7	8	31	188	126	8	0.88	26	13	3.42	0	4.03
1643386832	2	29	30	26	239	127	8	0.88	26	13	3.42	0	16.03
1643386852	1	13	15	28	229	122	8	0.88	26	13	3.42	0	10.03
1643386872	2	36	30	28	243	124	8	0.88	26	13	3.42	0	16.03
1643386892	2	34	30	30	235	125	8	0.88	26	13	3.42	0	16.03
1643386919	1	12	15	24	226	122	4	0.88	26	13	3.42	0	10.03
1643386939	0	5	8	29	169	124	4	0.88	26	13	3.42	0	4.03
1643386959	2	29	30	24	269	125	4	0.88	26	13	3.42	0	16.03
1643386979	0	7	8	32	153	125	4	0.88	26	13	3.42	0	4.03
1643386999	1	22	15	24	247	125	4	0.88	26	13	3.42	0	10.03
1643387026	2	7	30	20	179	123	5	0.88	26	13	3.42	0	16.03
1643387046	1	11	15	24	223	124	5	0.88	26	13	3.42	0	10.03
1643387066	2	13	30	25	145	124	5	0.88	26	13	3.42	0	16.03
1643387087	1	9	15	24	210	125	5	0.88	26	13	3.42	0	10.03
1643387107	2	22	30	26	252	125	5	0.88	26	13	3.42	0	16.03
1643387134	2	12	30	26	244	128	7	0.88	26	13	3.42	0	16.03
1643387154	1	21	15	27	235	128	7	0.88	26	13	3.42	0	10.03
1643387174	2	19	30	27	175	129	7	0.88	26	13	3.42	0	16.03
1643387194	2	19	30	26	222	130	7	0.88	26	13	3.42	0	16.03
1643387214	1	23	15	26	242	130	7	0.88	26	13	3.42	0	10.03
1643387241	2	16	30	16	231	122	9	0.88	26	13	3.42	0	16.03
1643387261	1	19	15	30	240	123	9	0.88	26	13	3.42	0	10.03
1643387281	1	17	15	31	169	123	9	0.88	26	13	3.42	0	10.03
1643387301	2	42	30	21	255	124	9	0.88	26	13	3.42	0	16.03
1643387321	2	31	30	29	271	122	9	0.88	26	13	3.42	0	16.03
1643387348	0	9	8	34	170	127	4	0.88	26	13	3.42	0	4.03
1643387368	2	28	30	27	254	129	4	0.88	26	13	3.42	0	16.03
1643387388	0	9	8	37	139	130	4	0.88	26	13	3.42	0	4.03
1643387408	2	26	30	25	237	130	4	0.88	26	13	3.42	0	16.03
1643387428	2	36	30	30	264	131	4	0.88	26	13	3.42	0	16.03
1643387456	2	26	30	25	258	122	8	0.88	26	13	3.42	0	16.03
1643387476	1	17	15	31	228	123	8	0.88	26	13	3.42	0	10.03
1643387496	2	36	30	25	258	124	8	0.88	26	13	3.42	0	16.03
1643387516	2	26	30	28	240	122	8	0.88	26	13	3.42	0	16.03
1643387536	1	14	15	35	216	124	8	0.88	26	13	3.42	0	10.03
1643387563	1	15	15	26	236	122	10	0.88	26	13	3.42	0	10.03
1643387583	1	16	15	33	226	122	10	0.88	26	13	3.42	0	10.03
1643387603	1	17	15	28	142	124	10	0.88	26	13	3.42	0	10.03
1643387623	2	11	30	24	204	125	10	0.88	26	13	3.42	0	16.03
1643387643	1	13	15	24	225	125	10	0.88	26	13	3.42	0	10.03
1643387670	2	13	30	17	254	122	10	0.88	26	13	3.42	0	16.03
1643387690	2	17	30	26	183	122	10	0.88	26	13	3.42	0	16.03
1643387710	1	17	15	27	227	123	10	0.88	26	13	3.42	0	10.03
1643387730	2	14	30	26	190	124	10	0.88	26	13	3.42	0	16.03
1643387750	1	11	15	25	227	124	10	0.88	26	13	3.42	0	10.03
1643387777	2	22	30	20	240	121	4	0.88	26	13	3.42	0	16.03
1643387797	2	26	30	21	300	124	4	0.88	26	13	3.42	0	16.03
1643387817	1	16	15	27	157	125	4	0.88	26	13	3.42	0	10.03
1643387837	2	15	30	25	210	126	4	0.88	26	13	3.42	0	16.03
1643387858	1	7	15	26	212	126	4	0.88	26	13	3.42	0	10.03
1643387885	1	17	15	28	178	122	2	0.88	26	13	3.42	0	10.03
1643387905	1	10	15	23	202	123	2	0.88	26	13	3.42	0	10.03
1643387925	2	15	30	31	183	125	2	0.88	26	13	3.42	0	16.03
1643387945	0	7	8	34	190	125	2	0.88	26	13	3.42	0	4.03
1643387965	2	24	30	30	246	125	2	0.88	26	13	3.42	0	16.03
1643387992	1	16	15	30	221	129	3	0.88	26	13	3.42	0	10.03
1643388012	2	11	30	22	259	129	3	0.88	26	13	3.42	0	16.03
1643388032	2	28	30	29	250	130	3	0.88	26	13	3.42	0	16.03
1643388052	2	21	30	27	216	124	3	0.88	26	13	3.42	0	16.03
1643388072	2	33	30	30	255	125	3	0.88	26	13	3.42	0	16.03
1643388099	2	16	30	28	255	122	8	0.88	26	13	3.42	0	16.03
1643388119	1	24	15	25	211	123	8	0.88	26	13	3.42	0	10.03
1643388139	2	41	30	28	277	124	8	0.88	26	13	3.42	0	16.03
1643388159	1	20	15	27	204	122	8	0.88	26	13	3.42	0	10.03
1643388179	2	18	30	29	254	123	8	0.88	26	13	3.42	0	16.03
1643388206	2	16	30	26	231	129	1	0.88	26	13	3.42	0	16.03
1643388226	2	18	30	26	230	131	1	0.88	26	13	3.42	0	16.03
1643388247	0	7	8	25	142	131	1	0.88	26	13	3.42	0	4.03
1643388267	1	12	15	25	224	132	1	0.88	26	13	3.42	0	10.03
1643388287	1	7	15	22	146	132	1	0.88	26	13	3.42	0	10.03
1643388314	1	18	15	25	216	126	2	0.88	26	13	3.42	0	10.03
1643388334	2	14	30	25	244	126	2	0.88	26	13	3.42	0	16.03
1643388354	2	17	30	24	261	127	2	0.88	26	13	3.42	0	16.03
1643388374	2	9	30	27	235	127	2	0.88	26	13	3.42	0	16.03
1643388394	2	26	30	27	212	128	2	0.88	26	13	3.42	0	16.03
