1643279942	2	12	30	19	248.000	122	2	0.83	25	32	2.75	8	15.88
1643279962	0	6	8	32	196.000	122	2	0.83	25	32	2.75	8	3.88
1643279982	1	16	15	23	248.000	123	2	0.83	25	32	2.75	8	9.88
1643280002	1	20	15	28	252.000	122	2	0.83	25	32	2.75	8	9.88
1643280022	0	6	8	33	208.000	124	2	0.83	25	32	2.75	8	3.88
1643280049	0	8	8	33	233.000	122	2	0.83	25	32	2.75	8	3.88
1643280069	0	8	8	33	178.000	123	2	0.83	25	32	2.75	8	3.88
1643280089	0	6	8	30	169.000	124	2	0.83	25	32	2.75	8	3.88
1643280109	1	13	15	30	249.000	125	2	0.83	25	32	2.75	8	9.88
1643280129	2	33	30	30	242.000	125	2	0.83	25	32	2.75	8	15.88
1643280156	2	30	30	27	231.000	122	2	0.83	25	32	2.75	8	15.88
1643280176	0	4	8	35	165.000	123	2	0.83	25	32	2.75	8	3.88
1643280196	0	7	8	34	167.000	124	2	0.83	25	32	2.75	8	3.88
1643280216	0	9	8	35	143.000	124	2	0.83	25	32	2.75	8	3.88
1643280236	0	7	8	35	142.000	125	2	0.83	25	32	2.75	8	3.88
1643280264	0	3	8	32	181.000	129	2	0.83	25	32	2.75	8	3.88
1643280284	0	7	8	41	172.000	130	2	0.83	25	32	2.75	8	3.88
1643280304	0	11	8	34	124.000	130	2	0.83	25	32	2.75	8	3.88
1643280324	1	13	15	37	206.000	131	2	0.83	25	32	2.75	8	9.88
1643280344	0	9	8	32	183.000	131	2	0.83	25	32	2.75	8	3.88
1643280371	1	13	15	25	215.000	122	2	0.83	25	32	2.75	8	9.88
1643280391	2	13	30	25	210.000	124	2	0.83	25	32	2.75	8	15.88
1643280411	0	8	8	33	175.000	124	2	0.83	25	32	2.75	8	3.88
1643280431	2	17	30	26	232.000	125	2	0.83	25	32	2.75	8	15.88
1643280451	2	9	30	22	220.000	125	2	0.83	25	32	2.75	8	15.88
1643280478	1	17	15	26	194.000	121	2	0.83	25	32	2.75	8	9.88
1643280498	2	31	30	31	243.000	123	2	0.83	25	32	2.75	8	15.88
1643280518	0	9	8	33	188.000	124	2	0.83	25	32	2.75	8	3.88
1643280538	2	20	30	20	231.000	124	2	0.83	25	32	2.75	8	15.88
1643280558	2	18	30	25	227.000	124	2	0.83	25	32	2.75	8	15.88
1643280585	1	17	15	30	172.000	122	2	0.83	25	32	2.75	8	9.88
1643280605	2	9	30	26	206.000	122	2	0.83	25	32	2.75	8	15.88
1643280626	0	4	8	28	122.000	123	2	0.83	25	32	2.75	8	3.88
1643280646	2	10	30	25	226.000	124	2	0.83	25	32	2.75	8	15.88
1643280666	2	15	30	29	218.000	125	2	0.83	25	32	2.75	8	15.88
1643280693	0	12	8	29	171.000	121	2	0.83	25	32	2.75	8	3.88
1643280713	0	8	8	40	172.000	123	2	0.83	25	32	2.75	8	3.88
1643280733	1	6	15	36	179.000	124	2	0.83	25	32	2.75	8	9.88
1643280753	1	6	15	35	121.000	124	2	0.83	25	32	2.75	8	9.88
1643280773	1	11	15	37	198.000	124	2	0.83	25	32	2.75	8	9.88
1643280800	1	16	15	27	237.000	128	2	0.83	25	32	2.75	8	9.88
1643280820	0	6	8	33	188.000	129	2	0.83	25	32	2.75	8	3.88
1643280840	2	23	30	27	244.000	130	2	0.83	25	32	2.75	8	15.88
1643280860	2	8	30	22	260.000	130	2	0.83	25	32	2.75	8	15.88
1643280880	2	33	30	28	262.000	131	2	0.83	25	32	2.75	8	15.88
1643280907	1	14	15	30	172.000	123	2	0.83	25	32	2.75	8	9.88
1643280927	0	8	8	42	177.000	124	2	0.83	25	32	2.75	8	3.88
1643280947	2	31	30	22	260.000	124	2	0.83	25	32	2.75	8	15.88
1643280967	1	18	15	27	202.000	125	2	0.83	25	32	2.75	8	9.88
1643280987	0	10	8	39	194.000	125	2	0.83	25	32	2.75	8	3.88
1643281014	1	7	15	25	188.000	122	2	0.83	25	32	2.75	8	9.88
1643281035	0	8	8	29	174.000	123	2	0.83	25	32	2.75	8	3.88
1643281055	0	3	8	28	186.000	124	2	0.83	25	32	2.75	8	3.88
1643281075	0	8	8	27	131.000	125	2	0.83	25	32	2.75	8	3.88
1643281095	2	24	30	19	248.000	125	2	0.83	25	32	2.75	8	15.88
1643281122	0	8	8	28	204.000	122	2	0.83	25	32	2.75	8	3.88
1643281142	0	7	8	30	194.000	123	2	0.83	25	32	2.75	8	3.88
1643281162	1	8	15	33	131.000	124	2	0.83	25	32	2.75	8	9.88
1643281182	2	34	30	31	124.000	124	2	0.83	25	32	2.75	8	15.88
1643281202	2	8	30	33	198.000	125	2	0.83	25	32	2.75	8	15.88
1643281229	0	7	8	32	122.000	122	2	0.83	25	32	2.75	8	3.88
1643281249	0	7	8	33	180.000	123	2	0.83	25	32	2.75	8	3.88
1643281269	1	17	15	28	206.000	123	2	0.83	25	32	2.75	8	9.88
1643281289	0	7	8	29	192.000	124	2	0.83	25	32	2.75	8	3.88
1643281309	1	16	15	32	182.000	125	2	0.83	25	32	2.75	8	9.88
1643281336	2	29	30	27	259.000	123	2	0.83	25	32	2.75	8	15.88
1643281356	1	17	15	34	247.000	124	2	0.83	25	32	2.75	8	9.88
1643281376	0	8	8	39	127.000	125	2	0.83	25	32	2.75	8	3.88
1643281396	1	13	15	29	210.000	125	2	0.83	25	32	2.75	8	9.88
1643281417	2	37	30	29	259.000	125	2	0.83	25	32	2.75	8	15.88
1643281444	2	22	30	26	241.000	124	2	0.83	25	32	2.75	8	15.88
1643281464	2	33	30	29	269.000	126	2	0.83	25	32	2.75	8	15.88
1643281484	2	25	30	28	241.000	127	2	0.83	25	32	2.75	8	15.88
1643281504	2	18	30	25	206.000	123	2	0.83	25	32	2.75	8	15.88
1643281524	0	7	8	44	171.000	125	2	0.83	25	32	2.75	8	3.88
1643281551	2	15	30	26	218.000	129	2	0.83	25	32	2.75	8	15.88
1643281571	0	8	8	33	184.000	130	2	0.83	25	32	2.75	8	3.88
1643281591	0	10	8	36	124.000	131	2	0.83	25	32	2.75	8	3.88
1643281611	0	6	8	33	172.000	132	2	0.83	25	32	2.75	8	3.88
1643281631	1	13	15	27	217.000	132	2	0.83	25	32	2.75	8	9.88
1643281658	2	30	30	20	257.000	121	2	0.83	25	32	2.75	8	15.88
1643281678	2	9	30	24	211.000	126	2	0.83	25	32	2.75	8	15.88
1643281698	1	15	15	26	230.000	127	2	0.83	25	32	2.75	8	9.88
1643281718	2	10	30	24	172.000	128	2	0.83	25	32	2.75	8	15.88
1643281738	2	12	30	25	206.000	128	2	0.83	25	32	2.75	8	15.88
1643281765	1	15	15	26	202.000	122	2	0.83	25	32	2.75	8	9.88
1643281786	2	12	30	26	222.000	123	2	0.83	25	32	2.75	8	15.88
1643281806	2	26	30	30	206.000	124	2	0.83	25	32	2.75	8	15.88
1643281826	2	21	30	27	206.000	125	2	0.83	25	32	2.75	8	15.88
1643281846	2	19	30	28	216.000	125	2	0.83	25	32	2.75	8	15.88
1643281873	2	24	30	27	216.000	122	2	0.83	25	32	2.75	8	15.88
1643281893	0	4	8	30	169.000	123	2	0.83	25	32	2.75	8	3.88
1643281913	0	7	8	37	192.000	124	2	0.83	25	32	2.75	8	3.88
1643281933	0	6	8	36	168.000	124	2	0.83	25	32	2.75	8	3.88
1643281953	1	8	15	29	175.000	124	2	0.83	25	32	2.75	8	9.88
1643281980	1	8	15	33	227.000	123	2	0.83	25	32	2.75	8	9.88
1643282000	1	13	15	28	133.000	123	2	0.83	25	32	2.75	8	9.88
1643282020	2	22	30	29	255.000	124	2	0.83	25	32	2.75	8	15.88
1643282040	1	13	15	32	253.000	123	2	0.83	25	32	2.75	8	9.88
1643282060	0	4	8	32	181.000	124	2	0.83	25	32	2.75	8	3.88
1643282087	0	8	8	36	123.000	121	2	0.83	25	32	2.75	8	3.88
1643282107	2	3	30	32	123.000	123	2	0.83	25	32	2.75	8	15.88
1643282127	2	10	30	37	194.000	124	2	0.83	25	32	2.75	8	15.88
1643282147	1	7	15	34	194.000	124	2	0.83	25	32	2.75	8	9.88
1643282168	2	5	30	31	190.000	124	2	0.83	25	32	2.75	8	15.88
1643282195	2	13	30	25	235.000	129	2	0.83	25	32	2.75	8	15.88
1643282215	0	11	8	25	178.000	130	2	0.83	25	32	2.75	8	3.88
1643282235	2	10	30	25	229.000	130	2	0.83	25	32	2.75	8	15.88
1643282255	0	5	8	22	135.000	130	2	0.83	25	32	2.75	8	3.88
1643282275	0	9	8	30	180.000	131	2	0.83	25	32	2.75	8	3.88
1643282302	0	7	8	33	142.000	122	2	0.83	25	32	2.75	8	3.88
1643282322	2	10	30	30	138.000	123	2	0.83	25	32	2.75	8	15.88
1643282342	0	10	8	35	188.000	123	2	0.83	25	32	2.75	8	3.88
1643282362	0	7	8	32	173.000	124	2	0.83	25	32	2.75	8	3.88
1643282382	0	12	8	38	196.000	124	2	0.83	25	32	2.75	8	3.88
1643282409	2	24	30	27	212.000	128	2	0.83	25	32	2.75	8	15.88
1643282429	2	12	30	26	227.000	129	2	0.83	25	32	2.75	8	15.88
1643282449	1	17	15	26	192.000	130	2	0.83	25	32	2.75	8	9.88
1643282469	0	5	8	32	196.000	130	2	0.83	25	32	2.75	8	3.88
1643282489	0	9	8	29	177.000	131	2	0.83	25	32	2.75	8	3.88
1643282516	0	9	8	34	186.000	124	2	0.83	25	32	2.75	8	3.88
1643282536	2	34	30	26	255.000	125	2	0.83	25	32	2.75	8	15.88
1643282557	2	136	30	20	0.000	97	2	0.83	25	32	2.75	8	15.88
1643282577	1	16	15	37	226.000	124	2	0.83	25	32	2.75	8	9.88
1643282597	0	8	8	31	185.000	124	2	0.83	25	32	2.75	8	3.88
1643282624	0	11	8	38	162.000	122	2	0.83	25	32	2.75	8	3.88
1643282644	2	6	30	32	171.000	123	2	0.83	25	32	2.75	8	15.88
1643282664	0	7	8	37	175.000	124	2	0.83	25	32	2.75	8	3.88
1643282684	2	7	30	34	194.000	124	2	0.83	25	32	2.75	8	15.88
1643282704	2	6	30	36	131.000	124	2	0.83	25	32	2.75	8	15.88
1643282731	0	9	8	35	190.000	128	2	0.83	25	32	2.75	8	3.88
1643282751	1	12	15	28	218.000	129	2	0.83	25	32	2.75	8	9.88
1643282771	2	23	30	28	208.000	129	2	0.83	25	32	2.75	8	15.88
1643282791	0	16	8	33	208.000	130	2	0.83	25	32	2.75	8	3.88
1643282811	2	19	30	26	240.000	131	2	0.83	25	32	2.75	8	15.88
1643282838	2	17	30	25	196.000	122	2	0.83	25	32	2.75	8	15.88
1643282858	0	9	8	29	208.000	123	2	0.83	25	32	2.75	8	3.88
1643282878	2	17	30	25	167.000	123	2	0.83	25	32	2.75	8	15.88
1643282898	2	23	30	28	212.000	123	2	0.83	25	32	2.75	8	15.88
1643282919	1	18	15	26	234.000	124	2	0.83	25	32	2.75	8	9.88
1643282946	1	17	15	27	245.000	130	2	0.83	25	32	2.75	8	9.88
1643282966	1	8	15	24	204.000	131	2	0.83	25	32	2.75	8	9.88
1643282986	0	9	8	32	128.000	133	2	0.83	25	32	2.75	8	3.88
1643283006	2	27	30	27	207.000	133	2	0.83	25	32	2.75	8	15.88
1643283026	1	16	15	25	224.000	133	2	0.83	25	32	2.75	8	9.88
1643283053	1	16	15	31	204.000	122	2	0.83	25	32	2.75	8	9.88
1643283073	0	5	8	31	192.000	123	2	0.83	25	32	2.75	8	3.88
1643283093	2	19	30	20	259.000	124	2	0.83	25	32	2.75	8	15.88
1643283113	1	12	15	32	192.000	125	2	0.83	25	32	2.75	8	9.88
1643283133	2	14	30	31	232.000	125	2	0.83	25	32	2.75	8	15.88
1643283160	2	24	30	20	232.000	122	2	0.83	25	32	2.75	8	15.88
1643283180	0	8	8	35	169.000	123	2	0.83	25	32	2.75	8	3.88
1643283200	2	25	30	16	258.000	123	2	0.83	25	32	2.75	8	15.88
1643283220	0	9	8	33	154.000	123	2	0.83	25	32	2.75	8	3.88
1643283240	0	10	8	33	188.000	124	2	0.83	25	32	2.75	8	3.88
1643283267	0	7	8	36	145.000	121	2	0.83	25	32	2.75	8	3.88
1643283288	0	7	8	35	194.000	123	2	0.83	25	32	2.75	8	3.88
1643283308	0	51	8	30	187.000	124	2	0.83	25	32	2.75	8	3.88
1643283328	2	8	30	36	142.000	125	2	0.83	25	32	2.75	8	15.88
1643283348	0	6	8	31	116.000	125	2	0.83	25	32	2.75	8	3.88
1643283375	2	26	30	27	231.000	122	2	0.83	25	32	2.75	8	15.88
1643283395	2	29	30	21	260.000	124	2	0.83	25	32	2.75	8	15.88
1643283415	0	20	30	21	246.000	125	2	0.83	25	32	2.75	8	3.88
1643283435	2	3	30	24	210.000	123	2	0.83	25	32	2.75	8	15.88
1643283455	0	12	8	27	165.000	123	2	0.83	25	32	2.75	8	3.88
1643283482	1	13	15	25	212.000	127	2	0.83	25	32	2.75	8	9.88
1643283502	2	15	30	25	235.000	128	2	0.83	25	32	2.75	8	15.88
1643283522	1	14	15	28	185.000	128	2	0.83	25	32	2.75	8	9.88
1643283542	2	12	30	24	238.000	128	2	0.83	25	32	2.75	8	15.88
1643283562	0	9	8	29	140.000	129	2	0.83	25	32	2.75	8	3.88
1643283589	2	21	30	20	224.000	122	2	0.83	25	32	2.75	8	15.88
1643283609	2	25	30	20	260.000	124	2	0.83	25	32	2.75	8	15.88
1643283629	2	12	30	24	192.000	122	2	0.83	25	32	2.75	8	15.88
1643283649	2	17	30	25	210.000	123	2	0.83	25	32	2.75	8	15.88
1643283670	2	15	30	26	250.000	123	2	0.83	25	32	2.75	8	15.88
1643283697	0	7	8	26	185.000	122	2	0.83	25	32	2.75	8	3.88
1643283717	1	12	15	35	260.000	124	2	0.83	25	32	2.75	8	9.88
1643283737	0	11	8	42	182.000	124	2	0.83	25	32	2.75	8	3.88
1643283757	2	15	30	26	240.000	125	2	0.83	25	32	2.75	8	15.88
1643283777	1	12	15	32	231.000	125	2	0.83	25	32	2.75	8	9.88
1643283804	2	20	30	25	228.000	125	2	0.83	25	32	2.75	8	15.88
1643283824	1	17	15	34	253.000	126	2	0.83	25	32	2.75	8	9.88
1643283844	0	4	8	32	134.000	127	2	0.83	25	32	2.75	8	3.88
1643283864	0	2	8	31	127.000	128	2	0.83	25	32	2.75	8	3.88
1643283884	2	25	30	28	252.000	128	2	0.83	25	32	2.75	8	15.88
1643283911	2	22	30	27	245.000	122	2	0.83	25	32	2.75	8	15.88
1643283931	0	6	8	33	186.000	124	2	0.83	25	32	2.75	8	3.88
1643283951	1	14	15	26	185.000	124	2	0.83	25	32	2.75	8	9.88
1643283971	0	10	8	33	196.000	124	2	0.83	25	32	2.75	8	3.88
1643283991	0	14	8	32	200.000	125	2	0.83	25	32	2.75	8	3.88
1643284018	1	14	15	28	164.000	121	2	0.83	25	32	2.75	8	9.88
1643284039	1	14	15	26	212.000	123	2	0.83	25	32	2.75	8	9.88
1643284059	2	12	30	21	149.000	123	2	0.83	25	32	2.75	8	15.88
1643284079	0	6	8	30	180.000	124	2	0.83	25	32	2.75	8	3.88
1643284099	1	17	15	26	226.000	124	2	0.83	25	32	2.75	8	9.88
1643284126	0	13	8	29	192.000	127	2	0.83	25	32	2.75	8	3.88
1643284146	1	15	15	26	224.000	128	2	0.83	25	32	2.75	8	9.88
1643284166	0	9	8	30	148.000	128	2	0.83	25	32	2.75	8	3.88
1643284186	1	10	15	25	225.000	129	2	0.83	25	32	2.75	8	9.88
1643284206	2	15	30	26	214.000	129	2	0.83	25	32	2.75	8	15.88
1643284233	1	10	15	23	192.000	122	2	0.83	25	32	2.75	8	9.88
1643284253	0	10	8	30	135.000	123	2	0.83	25	32	2.75	8	3.88
1643284273	1	17	15	29	163.000	124	2	0.83	25	32	2.75	8	9.88
1643284293	2	13	30	19	261.000	125	2	0.83	25	32	2.75	8	15.88
1643284313	0	7	8	34	188.000	125	2	0.83	25	32	2.75	8	3.88
1643284340	0	9	8	37	169.000	125	2	0.83	25	32	2.75	8	3.88
1643284360	2	27	30	26	264.000	127	2	0.83	25	32	2.75	8	15.88
1643284380	1	17	15	35	255.000	128	2	0.83	25	32	2.75	8	9.88
1643284400	0	8	8	36	124.000	128	2	0.83	25	32	2.75	8	3.88
1643284421	0	9	8	37	176.000	128	2	0.83	25	32	2.75	8	3.88
1643284448	1	16	15	30	245.000	122	2	0.83	25	32	2.75	8	9.88
1643284468	0	9	8	36	179.000	122	2	0.83	25	32	2.75	8	3.88
1643284488	0	11	8	34	178.000	123	2	0.83	25	32	2.75	8	3.88
1643284508	1	17	15	30	167.000	124	2	0.83	25	32	2.75	8	9.88
1643284528	0	9	8	38	190.000	124	2	0.83	25	32	2.75	8	3.88
1643284555	1	15	15	28	187.000	122	2	0.83	25	32	2.75	8	9.88
1643284575	0	7	8	34	186.000	123	2	0.83	25	32	2.75	8	3.88
1643284595	2	25	30	21	240.000	124	2	0.83	25	32	2.75	8	15.88
1643284615	2	15	30	25	258.000	126	2	0.83	25	32	2.75	8	15.88
1643284635	1	7	15	21	150.000	123	2	0.83	25	32	2.75	8	9.88
1643284662	0	4	8	21	161.000	121	2	0.83	25	32	2.75	8	3.88
1643284682	2	6	30	30	215.000	123	2	0.83	25	32	2.75	8	15.88
1643284702	2	8	30	33	206.000	124	2	0.83	25	32	2.75	8	15.88
1643284722	1	4	15	27	115.000	124	2	0.83	25	32	2.75	8	9.88
1643284742	2	7	30	31	171.000	124	2	0.83	25	32	2.75	8	15.88
1643284769	0	6	8	30	141.000	126	2	0.83	25	32	2.75	8	3.88
1643284790	2	13	30	26	210.000	127	2	0.83	25	32	2.75	8	15.88
1643284810	1	8	15	22	185.000	128	2	0.83	25	32	2.75	8	9.88
1643284830	2	15	30	25	160.000	128	2	0.83	25	32	2.75	8	15.88
1643284850	2	24	30	27	252.000	129	2	0.83	25	32	2.75	8	15.88
1643284877	2	9	30	23	185.000	123	2	0.83	25	32	2.75	8	15.88
1643284897	1	18	15	33	230.000	125	2	0.83	25	32	2.75	8	9.88
1643284917	0	8	8	38	129.000	126	2	0.83	25	32	2.75	8	3.88
1643284937	2	23	30	28	257.000	126	2	0.83	25	32	2.75	8	15.88
1643284957	2	11	30	25	252.000	129	2	0.83	25	32	2.75	8	15.88
1643284984	1	13	15	31	208.000	123	2	0.83	25	32	2.75	8	9.88
1643285004	2	24	30	28	244.000	124	2	0.83	25	32	2.75	8	15.88
1643285024	2	40	30	27	250.000	122	2	0.83	25	32	2.75	8	15.88
1643285044	0	9	8	31	175.000	123	2	0.83	25	32	2.75	8	3.88
1643285064	2	26	30	28	263.000	124	2	0.83	25	32	2.75	8	15.88
1643285091	0	10	8	36	198.000	127	2	0.83	25	32	2.75	8	3.88
1643285111	2	32	30	28	244.000	129	2	0.83	25	32	2.75	8	15.88
1643285131	1	15	15	31	217.000	129	2	0.83	25	32	2.75	8	9.88
1643285151	0	6	8	32	183.000	130	2	0.83	25	32	2.75	8	3.88
1643285171	2	24	30	27	253.000	130	2	0.83	25	32	2.75	8	15.88
1643285199	2	23	30	19	249.000	122	2	0.83	25	32	2.75	8	15.88
1643285219	2	29	30	21	245.000	124	2	0.83	25	32	2.75	8	15.88
1643285239	2	16	30	25	222.000	123	2	0.83	25	32	2.75	8	15.88
1643285259	0	7	8	32	134.000	124	2	0.83	25	32	2.75	8	3.88
1643285279	2	14	30	25	204.000	124	2	0.83	25	32	2.75	8	15.88
1643285306	2	29	30	20	225.000	121	2	0.83	25	32	2.75	8	15.88
1643285326	0	7	8	34	172.000	123	2	0.83	25	32	2.75	8	3.88
1643285346	0	10	8	31	178.000	124	2	0.83	25	32	2.75	8	3.88
1643285366	0	11	8	29	138.000	125	2	0.83	25	32	2.75	8	3.88
1643285386	2	27	30	17	255.000	125	2	0.83	25	32	2.75	8	15.88
1643285413	2	14	30	26	244.000	125	2	0.83	25	32	2.75	8	15.88
1643285433	1	22	15	25	249.000	127	2	0.83	25	32	2.75	8	9.88
1643285453	2	27	30	27	200.000	128	2	0.83	25	32	2.75	8	15.88
1643285473	0	3	8	29	179.000	128	2	0.83	25	32	2.75	8	3.88
1643285493	0	6	8	29	185.000	129	2	0.83	25	32	2.75	8	3.88
1643285520	1	13	15	33	188.000	122	2	0.83	25	32	2.75	8	9.88
1643285540	2	13	30	33	233.000	123	2	0.83	25	32	2.75	8	15.88
1643285561	1	16	15	28	188.000	124	2	0.83	25	32	2.75	8	9.88
1643285581	1	16	15	31	212.000	124	2	0.83	25	32	2.75	8	9.88
1643285601	2	12	30	27	226.000	124	2	0.83	25	32	2.75	8	15.88
1643285628	2	33	30	28	241.000	121	2	0.83	25	32	2.75	8	15.88
1643285648	2	27	30	26	269.000	123	2	0.83	25	32	2.75	8	15.88
1643285668	2	32	30	29	255.000	123	2	0.83	25	32	2.75	8	15.88
1643285688	2	18	30	25	215.000	122	2	0.83	25	32	2.75	8	15.88
1643285708	0	8	8	31	165.000	124	2	0.83	25	32	2.75	8	3.88
1643285735	0	8	8	32	182.000	122	2	0.83	25	32	2.75	8	3.88
1643285755	1	8	15	32	180.000	123	2	0.83	25	32	2.75	8	9.88
1643285775	2	8	30	34	131.000	123	2	0.83	25	32	2.75	8	15.88
1643285795	2	10	30	32	119.000	124	2	0.83	25	32	2.75	8	15.88
1643285815	2	10	30	32	182.000	125	2	0.83	25	32	2.75	8	15.88
1643285842	2	14	30	24	177.000	128	2	0.83	25	32	2.75	8	15.88
1643285862	1	15	15	25	204.000	129	2	0.83	25	32	2.75	8	9.88
1643285882	1	20	15	26	200.000	130	2	0.83	25	32	2.75	8	9.88
1643285902	0	7	8	27	176.000	130	2	0.83	25	32	2.75	8	3.88
1643285922	2	10	30	23	200.000	130	2	0.83	25	32	2.75	8	15.88
1643285950	0	6	8	31	150.000	121	2	0.83	25	32	2.75	8	3.88
1643285970	2	5	30	28	179.000	123	2	0.83	25	32	2.75	8	15.88
1643285990	2	13	30	30	137.000	124	2	0.83	25	32	2.75	8	15.88
1643286010	0	6	8	31	159.000	124	2	0.83	25	32	2.75	8	3.88
1643286030	0	5	8	29	144.000	124	2	0.83	25	32	2.75	8	3.88
1643286057	0	9	8	34	179.000	127	2	0.83	25	32	2.75	8	3.88
1643286077	0	9	8	31	165.000	128	2	0.83	25	32	2.75	8	3.88
1643286097	1	23	15	27	166.000	129	2	0.83	25	32	2.75	8	9.88
1643286117	0	9	8	37	190.000	130	2	0.83	25	32	2.75	8	3.88
1643286137	2	31	30	29	240.000	130	2	0.83	25	32	2.75	8	15.88
1643286164	0	8	8	35	194.000	122	2	0.83	25	32	2.75	8	3.88
1643286184	1	7	15	28	220.000	123	2	0.83	25	32	2.75	8	9.88
1643286204	0	8	8	33	176.000	124	2	0.83	25	32	2.75	8	3.88
1643286224	2	26	30	27	223.000	124	2	0.83	25	32	2.75	8	15.88
1643286244	2	26	30	27	251.000	125	2	0.83	25	32	2.75	8	15.88
1643286271	1	16	15	33	224.000	127	2	0.83	25	32	2.75	8	9.88
1643286291	0	7	8	36	202.000	128	2	0.83	25	32	2.75	8	3.88
1643286311	1	14	15	31	241.000	130	2	0.83	25	32	2.75	8	9.88
1643286331	0	7	8	32	161.000	130	2	0.83	25	32	2.75	8	3.88
1643286352	2	26	30	26	238.000	130	2	0.83	25	32	2.75	8	15.88
1643286379	1	5	15	23	188.000	126	2	0.83	25	32	2.75	8	9.88
1643286399	2	1	30	16	115.000	127	2	0.83	25	32	2.75	8	15.88
1643286419	0	4	8	32	140.000	128	2	0.83	25	32	2.75	8	3.88
1643286439	1	18	15	27	178.000	129	2	0.83	25	32	2.75	8	9.88
1643286459	2	6	30	19	175.000	129	2	0.83	25	32	2.75	8	15.88
1643286486	2	21	30	28	246.000	130	2	0.83	25	32	2.75	8	15.88
1643286506	1	20	15	24	234.000	131	2	0.83	25	32	2.75	8	9.88
1643286526	2	17	30	26	176.000	132	2	0.83	25	32	2.75	8	15.88
1643286546	2	17	30	25	227.000	132	2	0.83	25	32	2.75	8	15.88
1643286566	2	19	30	26	231.000	133	2	0.83	25	32	2.75	8	15.88
1643286593	0	13	8	33	164.000	122	2	0.83	25	32	2.75	8	3.88
1643286613	0	7	8	25	184.000	124	2	0.83	25	32	2.75	8	3.88
1643286633	2	33	30	28	254.000	124	2	0.83	25	32	2.75	8	15.88
1643286653	2	28	30	28	233.000	124	2	0.83	25	32	2.75	8	15.88
1643286673	2	9	30	24	202.000	125	2	0.83	25	32	2.75	8	15.88
1643286700	0	6	8	33	172.000	121	2	0.83	25	32	2.75	8	3.88
1643286721	1	10	15	38	200.000	123	2	0.83	25	32	2.75	8	9.88
1643286741	0	8	8	38	163.000	123	2	0.83	25	32	2.75	8	3.88
1643286761	0	8	8	37	149.000	124	2	0.83	25	32	2.75	8	3.88
1643286781	0	7	8	36	151.000	124	2	0.83	25	32	2.75	8	3.88
1643286808	0	6	8	38	218.000	125	2	0.83	25	32	2.75	8	3.88
1643286828	2	26	30	27	251.000	126	2	0.83	25	32	2.75	8	15.88
1643286848	2	32	30	26	206.000	127	2	0.83	25	32	2.75	8	15.88
1643286868	0	5	8	31	167.000	128	2	0.83	25	32	2.75	8	3.88
1643286888	2	27	30	28	264.000	128	2	0.83	25	32	2.75	8	15.88
1643286915	2	24	30	29	250.000	123	2	0.83	25	32	2.75	8	15.88
1643286935	2	10	30	24	236.000	124	2	0.83	25	32	2.75	8	15.88
1643286955	2	19	30	26	248.000	124	2	0.83	25	32	2.75	8	15.88
1643286975	2	11	30	25	204.000	124	2	0.83	25	32	2.75	8	15.88
1643286995	2	5	30	24	202.000	125	2	0.83	25	32	2.75	8	15.88
1643287022	0	5	8	25	160.000	122	2	0.83	25	32	2.75	8	3.88
1643287042	2	17	30	22	154.000	123	2	0.83	25	32	2.75	8	15.88
1643287062	2	7	30	27	198.000	124	2	0.83	25	32	2.75	8	15.88
1643287082	0	9	8	35	127.000	124	2	0.83	25	32	2.75	8	3.88
1643287102	0	10	8	29	135.000	124	2	0.83	25	32	2.75	8	3.88
1643287130	2	41	30	22	265.000	122	2	0.83	25	32	2.75	8	15.88
1643287150	2	32	30	21	260.000	124	2	0.83	25	32	2.75	8	15.88
1643287170	2	15	30	23	157.000	123	2	0.83	25	32	2.75	8	15.88
1643287190	0	12	8	32	149.000	123	2	0.83	25	32	2.75	8	3.88
1643287210	2	15	30	24	240.000	124	2	0.83	25	32	2.75	8	15.88
1643287237	0	5	8	32	186.000	127	2	0.83	25	32	2.75	8	3.88
1643287257	2	20	30	26	245.000	128	2	0.83	25	32	2.75	8	15.88
1643287277	0	7	8	32	133.000	129	2	0.83	25	32	2.75	8	3.88
1643287297	2	17	30	25	208.000	129	2	0.83	25	32	2.75	8	15.88
1643287317	1	31	15	31	233.000	127	2	0.83	25	32	2.75	8	9.88
1643287344	0	9	8	36	120.000	122	2	0.83	25	32	2.75	8	3.88
1643287364	2	9	30	37	150.000	123	2	0.83	25	32	2.75	8	15.88
1643287384	0	6	8	35	171.000	124	2	0.83	25	32	2.75	8	3.88
1643287404	2	13	30	37	214.000	124	2	0.83	25	32	2.75	8	15.88
1643287424	0	10	8	37	150.000	125	2	0.83	25	32	2.75	8	3.88
1643287451	0	9	8	34	158.000	121	2	0.83	25	32	2.75	8	3.88
1643287471	1	17	15	33	165.000	123	2	0.83	25	32	2.75	8	9.88
1643287491	0	5	8	35	192.000	124	2	0.83	25	32	2.75	8	3.88
1643287512	2	7	30	35	182.000	124	2	0.83	25	32	2.75	8	15.88
1643287532	2	6	30	35	124.000	124	2	0.83	25	32	2.75	8	15.88
1643287559	1	20	15	27	235.000	128	2	0.83	25	32	2.75	8	9.88
1643287579	2	15	30	25	206.000	129	2	0.83	25	32	2.75	8	15.88
1643287599	1	12	15	26	173.000	130	2	0.83	25	32	2.75	8	9.88
1643287619	2	18	30	27	224.000	131	2	0.83	25	32	2.75	8	15.88
1643287639	2	6	30	19	159.000	131	2	0.83	25	32	2.75	8	15.88
1643287666	2	21	30	22	262.000	122	2	0.83	25	32	2.75	8	15.88
1643287686	1	15	15	30	202.000	124	2	0.83	25	32	2.75	8	9.88
1643287706	2	54	30	26	258.000	124	2	0.83	25	32	2.75	8	15.88
1643287726	0	6	8	27	130.000	121	2	0.83	25	32	2.75	8	3.88
1643287746	2	7	30	31	184.000	123	2	0.83	25	32	2.75	8	15.88
1643287773	1	15	15	28	174.000	121	2	0.83	25	32	2.75	8	9.88
1643287793	0	10	8	32	185.000	123	2	0.83	25	32	2.75	8	3.88
1643287813	1	12	15	26	192.000	123	2	0.83	25	32	2.75	8	9.88
1643287833	2	44	30	27	229.000	124	2	0.83	25	32	2.75	8	15.88
1643287853	2	15	30	29	231.000	125	2	0.83	25	32	2.75	8	15.88
1643287880	1	23	15	27	268.000	122	2	0.83	25	32	2.75	8	9.88
1643287901	2	18	30	32	255.000	123	2	0.83	25	32	2.75	8	15.88
1643287921	1	14	15	32	236.000	124	2	0.83	25	32	2.75	8	9.88
1643287941	2	24	30	29	277.000	124	2	0.83	25	32	2.75	8	15.88
1643287961	0	6	8	29	200.000	123	2	0.83	25	32	2.75	8	3.88
1643287988	1	13	15	28	214.000	122	2	0.83	25	32	2.75	8	9.88
1643288008	0	12	8	37	187.000	123	2	0.83	25	32	2.75	8	3.88
1643288028	2	42	30	26	256.000	124	2	0.83	25	32	2.75	8	15.88
1643288048	2	19	30	28	154.000	125	2	0.83	25	32	2.75	8	15.88
1643288068	0	8	8	37	211.000	125	2	0.83	25	32	2.75	8	3.88
1643288095	0	9	8	36	159.000	122	2	0.83	25	32	2.75	8	3.88
1643288115	2	31	30	29	256.000	124	2	0.83	25	32	2.75	8	15.88
1643288135	0	10	8	33	186.000	122	2	0.83	25	32	2.75	8	3.88
1643288155	2	10	30	31	198.000	123	2	0.83	25	32	2.75	8	15.88
1643288175	0	6	8	30	160.000	124	2	0.83	25	32	2.75	8	3.88
1643288202	0	8	8	27	194.000	122	2	0.83	25	32	2.75	8	3.88
1643288222	0	5	8	28	184.000	123	2	0.83	25	32	2.75	8	3.88
1643288242	2	17	30	25	174.000	124	2	0.83	25	32	2.75	8	15.88
1643288262	2	17	30	27	0.000	122	2	0.83	25	32	2.75	8	15.88
1643288283	2	10	30	24	241.000	128	2	0.83	25	32	2.75	8	15.88
1643288310	1	12	15	26	226.000	123	2	0.83	25	32	2.75	8	9.88
1643288330	0	4	8	32	173.000	122	2	0.83	25	32	2.75	8	3.88
1643288350	2	9	30	26	222.000	123	2	0.83	25	32	2.75	8	15.88
1643288370	2	20	30	25	225.000	124	2	0.83	25	32	2.75	8	15.88
1643288390	2	19	30	27	218.000	131	2	0.83	25	32	2.75	8	15.88
1643288417	2	15	30	25	184.000	122	2	0.83	25	32	2.75	8	15.88
1643288437	2	14	30	24	248.000	124	2	0.83	25	32	2.75	8	15.88
1643288457	2	29	30	27	235.000	124	2	0.83	25	32	2.75	8	15.88
1643288477	2	11	30	25	250.000	122	2	0.83	25	32	2.75	8	15.88
1643288497	1	16	15	30	230.000	124	2	0.83	25	32	2.75	8	9.88
1643288524	1	13	15	32	232.000	123	2	0.83	25	32	2.75	8	9.88
1643288544	1	14	15	34	243.000	124	2	0.83	25	32	2.75	8	9.88
1643288564	1	24	15	31	247.000	123	2	0.83	25	32	2.75	8	9.88
1643288584	2	47	30	28	235.000	131	2	0.83	25	32	2.75	8	15.88
1643288604	2	21	30	22	239.000	123	2	0.83	25	32	2.75	8	15.88
1643288631	1	14	15	29	169.000	123	2	0.83	25	32	2.75	8	9.88
1643288652	2	27	30	29	258.000	125	2	0.83	25	32	2.75	8	15.88
1643288672	0	7	8	32	230.000	122	2	0.83	25	32	2.75	8	3.88
1643288692	2	21	30	27	253.000	124	2	0.83	25	32	2.75	8	15.88
1643288712	2	30	30	29	245.000	127	2	0.83	25	32	2.75	8	15.88
1643288739	0	7	8	32	130.000	122	2	0.83	25	32	2.75	8	3.88
1643288759	2	28	30	25	258.000	130	2	0.83	25	32	2.75	8	15.88
1643288779	2	14	30	26	245.000	122	2	0.83	25	32	2.75	8	15.88
1643288799	2	27	30	24	236.000	122	2	0.83	25	32	2.75	8	15.88
1643288819	2	8	30	21	181.000	122	2	0.83	25	32	2.75	8	15.88
1643288846	2	27	30	21	246.000	121	2	0.83	25	32	2.75	8	15.88
1643288866	2	14	30	26	206.000	122	2	0.83	25	32	2.75	8	15.88
1643288886	0	6	8	32	226.000	123	2	0.83	25	32	2.75	8	3.88
1643288906	2	18	30	25	0.000	124	2	0.83	25	32	2.75	8	15.88
1643288926	0	8	8	32	176.000	123	2	0.83	25	32	2.75	8	3.88
1643288953	0	10	8	30	234.000	122	2	0.83	25	32	2.75	8	3.88
1643288973	0	8	8	31	178.000	123	2	0.83	25	32	2.75	8	3.88
1643288993	2	31	30	28	233.000	124	2	0.83	25	32	2.75	8	15.88
1643289014	0	7	8	31	182.000	123	2	0.83	25	32	2.75	8	3.88
1643289034	2	16	30	27	236.000	125	2	0.83	25	32	2.75	8	15.88
1643289061	2	26	30	27	222.000	122	2	0.83	25	32	2.75	8	15.88
1643289081	0	9	8	33	229.000	123	2	0.83	25	32	2.75	8	3.88
1643289101	2	18	30	26	269.000	124	2	0.83	25	32	2.75	8	15.88
1643289121	0	8	8	33	200.000	123	2	0.83	25	32	2.75	8	3.88
1643289141	2	30	30	27	242.000	122	2	0.83	25	32	2.75	8	15.88
1643289168	1	13	15	36	167.000	127	2	0.83	25	32	2.75	8	9.88
1643289188	2	13	30	25	246.000	121	2	0.83	25	32	2.75	8	15.88
1643289208	2	26	30	28	0.000	124	2	0.83	25	32	2.75	8	15.88
1643289228	2	21	30	28	250.000	123	2	0.83	25	32	2.75	8	15.88
1643289248	2	22	30	27	231.000	123	2	0.83	25	32	2.75	8	15.88
1643289275	1	20	15	27	235.000	122	2	0.83	25	32	2.75	8	9.88
1643289295	2	19	30	20	252.000	122	2	0.83	25	32	2.75	8	15.88
1643289315	0	5	8	33	241.000	123	2	0.83	25	32	2.75	8	3.88
1643289335	2	18	30	26	167.000	122	2	0.83	25	32	2.75	8	15.88
1643289355	0	20	30	27	233.000	123	2	0.83	25	32	2.75	8	3.88
1643289383	2	6	30	25	236.000	129	2	0.83	25	32	2.75	8	15.88
1643289403	0	8	8	22	242.000	123	2	0.83	25	32	2.75	8	3.88
1643289423	2	11	30	22	218.000	124	2	0.83	25	32	2.75	8	15.88
1643289443	0	13	8	21	190.000	121	2	0.83	25	32	2.75	8	3.88
1643289463	0	8	8	29	146.000	123	2	0.83	25	32	2.75	8	3.88
1643289490	1	14	15	25	245.000	122	2	0.83	25	32	2.75	8	9.88
1643289510	2	24	30	27	223.000	123	2	0.83	25	32	2.75	8	15.88
1643289530	1	17	15	28	247.000	127	2	0.83	25	32	2.75	8	9.88
1643289550	2	19	30	27	200.000	122	2	0.83	25	32	2.75	8	15.88
1643289570	2	21	30	26	231.000	127	2	0.83	25	32	2.75	8	15.88
1643289597	0	6	8	31	210.000	122	2	0.83	25	32	2.75	8	3.88
1643289617	2	5	30	30	230.000	123	2	0.83	25	32	2.75	8	15.88
1643289637	2	9	30	35	219.000	124	2	0.83	25	32	2.75	8	15.88
1643289657	0	2	8	39	233.000	124	2	0.83	25	32	2.75	8	3.88
1643289677	2	10	30	31	158.000	125	2	0.83	25	32	2.75	8	15.88
1643289704	0	9	8	38	208.000	121	2	0.83	25	32	2.75	8	3.88
1643289724	2	7	30	36	168.000	123	2	0.83	25	32	2.75	8	15.88
1643289744	0	7	8	37	160.000	123	2	0.83	25	32	2.75	8	3.88
1643289765	2	14	30	39	172.000	124	2	0.83	25	32	2.75	8	15.88
1643289785	2	6	30	34	151.000	124	2	0.83	25	32	2.75	8	15.88
1643289812	2	19	30	28	243.000	122	2	0.83	25	32	2.75	8	15.88
1643289832	2	16	30	25	262.000	122	2	0.83	25	32	2.75	8	15.88
1643289852	2	32	30	29	256.000	123	2	0.83	25	32	2.75	8	15.88
1643289872	2	21	30	25	268.000	127	2	0.83	25	32	2.75	8	15.88
1643289892	2	22	30	26	270.000	128	2	0.83	25	32	2.75	8	15.88
1643289919	0	4	8	32	220.000	122	2	0.83	25	32	2.75	8	3.88
1643289939	2	19	30	26	236.000	123	2	0.83	25	32	2.75	8	15.88
1643289959	0	5	8	37	234.000	122	2	0.83	25	32	2.75	8	3.88
1643289979	2	22	30	27	243.000	123	2	0.83	25	32	2.75	8	15.88
1643289999	2	9	30	23	260.000	122	2	0.83	25	32	2.75	8	15.88
1643290026	0	7	8	29	226.000	128	2	0.83	25	32	2.75	8	3.88
1643290046	2	13	30	25	244.000	122	2	0.83	25	32	2.75	8	15.88
1643290066	2	13	30	25	233.000	124	2	0.83	25	32	2.75	8	15.88
1643290086	1	16	15	30	239.000	123	2	0.83	25	32	2.75	8	9.88
1643290106	2	13	30	24	229.000	129	2	0.83	25	32	2.75	8	15.88
1643290134	0	6	8	24	192.000	122	2	0.83	25	32	2.75	8	3.88
1643290154	2	12	30	26	231.000	123	2	0.83	25	32	2.75	8	15.88
1643290174	1	22	15	28	244.000	122	2	0.83	25	32	2.75	8	9.88
1643290194	2	18	30	26	189.000	122	2	0.83	25	32	2.75	8	15.88
1643290214	2	13	30	25	230.000	123	2	0.83	25	32	2.75	8	15.88
1643290241	1	10	15	29	256.000	122	2	0.83	25	32	2.75	8	9.88
1643290261	1	15	15	29	233.000	124	2	0.83	25	32	2.75	8	9.88
1643290281	1	20	15	29	240.000	123	2	0.83	25	32	2.75	8	9.88
1643290301	1	22	15	27	255.000	123	2	0.83	25	32	2.75	8	9.88
1643290321	1	26	15	27	167.000	130	2	0.83	25	32	2.75	8	9.88
1643290348	2	21	30	27	220.000	129	2	0.83	25	32	2.75	8	15.88
1643290368	2	30	30	29	251.000	124	2	0.83	25	32	2.75	8	15.88
1643290388	2	10	30	21	235.000	127	2	0.83	25	32	2.75	8	15.88
1643290408	2	25	30	27	226.000	122	2	0.83	25	32	2.75	8	15.88
1643290428	2	22	30	28	230.000	123	2	0.83	25	32	2.75	8	15.88
1643290455	1	25	15	28	233.000	128	2	0.83	25	32	2.75	8	9.88
1643290475	2	22	30	27	243.000	122	2	0.83	25	32	2.75	8	15.88
1643290495	2	8	30	19	243.000	130	2	0.83	25	32	2.75	8	15.88
1643290516	2	23	30	28	233.000	127	2	0.83	25	32	2.75	8	15.88
1643290536	2	13	30	26	243.000	122	2	0.83	25	32	2.75	8	15.88
1643290563	1	9	15	29	236.000	122	2	0.83	25	32	2.75	8	9.88
1643290583	2	17	30	27	231.000	124	2	0.83	25	32	2.75	8	15.88
1643290603	1	24	15	26	261.000	122	2	0.83	25	32	2.75	8	9.88
1643290623	2	19	30	16	257.000	122	2	0.83	25	32	2.75	8	15.88
1643290643	2	18	30	26	235.000	131	2	0.83	25	32	2.75	8	15.88
1643290670	0	7	8	31	0.000	128	2	0.83	25	32	2.75	8	3.88
1643290690	2	17	30	27	237.000	128	2	0.83	25	32	2.75	8	15.88
1643290710	2	9	30	25	210.000	122	2	0.83	25	32	2.75	8	15.88
1643290730	2	12	30	24	198.000	120	2	0.83	25	32	2.75	8	15.88
1643290750	1	14	15	26	251.000	127	2	0.83	25	32	2.75	8	9.88
1643290777	1	15	15	25	220.000	121	2	0.83	25	32	2.75	8	9.88
1643290797	0	7	8	27	232.000	123	2	0.83	25	32	2.75	8	3.88
1643290817	1	11	15	25	218.000	124	2	0.83	25	32	2.75	8	9.88
1643290837	2	24	30	28	224.000	122	2	0.83	25	32	2.75	8	15.88
1643290857	2	29	30	28	242.000	124	2	0.83	25	32	2.75	8	15.88
1643290885	0	7	8	26	235.000	125	2	0.83	25	32	2.75	8	3.88
1643290905	2	37	30	29	245.000	123	2	0.83	25	32	2.75	8	15.88
1643290925	1	16	15	29	233.000	123	2	0.83	25	32	2.75	8	9.88
1643290945	2	30	30	29	250.000	122	2	0.83	25	32	2.75	8	15.88
1643290965	2	25	30	29	262.000	128	2	0.83	25	32	2.75	8	15.88
1643290992	1	13	15	33	0.000	123	2	0.83	25	32	2.75	8	9.88
1643291012	2	17	30	28	263.000	122	2	0.83	25	32	2.75	8	15.88
1643291032	2	144	30	20	0.000	93	2	0.83	25	32	2.75	8	15.88
1643291052	2	23	30	28	246.000	124	2	0.83	25	32	2.75	8	15.88
1643291072	1	16	15	31	242.000	121	2	0.83	25	32	2.75	8	9.88
1643291099	1	19	15	31	233.000	124	2	0.83	25	32	2.75	8	9.88
1643291119	0	8	8	35	229.000	126	2	0.83	25	32	2.75	8	3.88
1643291139	1	24	8	26	246.000	123	2	0.83	25	32	2.75	8	9.88
1643291159	2	37	30	28	233.000	127	2	0.83	25	32	2.75	8	15.88
1643291179	2	26	30	26	254.000	126	2	0.83	25	32	2.75	8	15.88
1643291207	2	17	30	23	245.000	122	2	0.83	25	32	2.75	8	15.88
1643291227	2	13	30	23	0.000	124	2	0.83	25	32	2.75	8	15.88
1643291247	2	14	30	24	191.000	123	2	0.83	25	32	2.75	8	15.88
1643291267	0	8	8	33	225.000	122	2	0.83	25	32	2.75	8	3.88
1643291287	2	23	8	27	233.000	123	2	0.83	25	32	2.75	8	15.88
1643291314	2	16	30	26	250.000	122	2	0.83	25	32	2.75	8	15.88
1643291334	2	17	30	26	221.000	123	2	0.83	25	32	2.75	8	15.88
1643291354	0	10	8	25	212.000	123	2	0.83	25	32	2.75	8	3.88
1643291374	2	10	8	33	167.000	124	2	0.83	25	32	2.75	8	15.88
1643291394	1	14	15	25	228.000	127	2	0.83	25	32	2.75	8	9.88
1643291421	0	6	8	28	222.000	121	2	0.83	25	32	2.75	8	3.88
1643291441	0	23	8	28	253.000	127	2	0.83	25	32	2.75	8	3.88
1643291461	0	37	8	29	200.000	123	2	0.83	25	32	2.75	8	3.88
1643291481	0	6	8	26	237.000	121	2	0.83	25	32	2.75	8	3.88
1643291501	1	7	15	37	222.000	124	2	0.83	25	32	2.75	8	9.88
1643291528	1	30	15	36	253.000	122	2	0.83	25	32	2.75	8	9.88
1643291549	2	21	30	24	237.000	123	2	0.83	25	32	2.75	8	15.88
1643291569	2	38	30	29	249.000	126	2	0.83	25	32	2.75	8	15.88
1643291589	0	9	8	35	213.000	122	2	0.83	25	32	2.75	8	3.88
1643291609	0	8	8	39	217.000	123	2	0.83	25	32	2.75	8	3.88
1643291636	0	8	8	35	231.000	123	2	0.83	25	32	2.75	8	3.88
1643291656	0	6	8	36	227.000	124	2	0.83	25	32	2.75	8	3.88
1643291676	2	27	30	27	235.000	122	2	0.83	25	32	2.75	8	15.88
1643291696	2	26	30	28	241.000	119	2	0.83	25	32	2.75	8	15.88
1643291716	2	17	30	25	254.000	131	2	0.83	25	32	2.75	8	15.88
1643291743	1	13	15	29	226.000	122	2	0.83	25	32	2.75	8	9.88
1643291763	0	22	8	27	238.000	125	2	0.83	25	32	2.75	8	3.88
1643291783	0	14	8	25	149.000	120	2	0.83	25	32	2.75	8	3.88
1643291803	1	20	15	27	224.000	123	2	0.83	25	32	2.75	8	9.88
1643291823	1	14	15	25	226.000	124	2	0.83	25	32	2.75	8	9.88
1643291850	2	16	30	11	257.000	122	2	0.83	25	32	2.75	8	15.88
1643291870	1	12	15	24	194.000	124	2	0.83	25	32	2.75	8	9.88
1643291890	1	8	15	23	225.000	125	2	0.83	25	32	2.75	8	9.88
1643291911	1	9	15	24	136.000	126	2	0.83	25	32	2.75	8	9.88
1643291931	2	8	30	22	178.000	126	2	0.83	25	32	2.75	8	15.88
1643291958	2	9	30	26	226.000	121	2	0.83	25	32	2.75	8	15.88
1643291978	1	16	15	24	200.000	122	2	0.83	25	32	2.75	8	9.88
1643291998	2	13	30	25	206.000	123	2	0.83	25	32	2.75	8	15.88
1643292018	2	10	30	24	198.000	124	2	0.83	25	32	2.75	8	15.88
1643292038	2	17	30	26	250.000	124	2	0.83	25	32	2.75	8	15.88
1643292065	2	34	30	21	244.000	122	2	0.83	25	32	2.75	8	15.88
1643292085	0	29	30	26	210.000	123	2	0.83	25	32	2.75	8	3.88
1643292105	2	22	30	29	256.000	125	2	0.83	25	32	2.75	8	15.88
1643292125	2	21	30	29	266.000	127	2	0.83	25	32	2.75	8	15.88
1643292145	1	16	15	28	216.000	128	2	0.83	25	32	2.75	8	9.88
1643292172	2	16	30	28	262.000	132	2	0.83	25	32	2.75	8	15.88
1643292192	2	21	30	27	231.000	126	2	0.83	25	32	2.75	8	15.88
1643292212	2	36	30	27	246.000	122	2	0.83	25	32	2.75	8	15.88
1643292232	2	16	30	27	260.000	122	2	0.83	25	32	2.75	8	15.88
1643292252	2	27	30	28	246.000	122	2	0.83	25	32	2.75	8	15.88
1643292279	1	14	15	32	245.000	121	2	0.83	25	32	2.75	8	9.88
1643292300	2	17	30	32	251.000	124	2	0.83	25	32	2.75	8	15.88
1643292320	0	27	8	27	225.000	128	2	0.83	25	32	2.75	8	3.88
1643292340	2	23	30	23	220.000	122	2	0.83	25	32	2.75	8	15.88
1643292360	2	19	30	27	240.000	123	2	0.83	25	32	2.75	8	15.88
1643292387	2	13	30	23	242.000	122	2	0.83	25	32	2.75	8	15.88
1643292407	2	16	30	26	273.000	124	2	0.83	25	32	2.75	8	15.88
1643292427	2	17	30	25	236.000	126	2	0.83	25	32	2.75	8	15.88
1643292447	2	10	30	24	237.000	134	2	0.83	25	32	2.75	8	15.88
1643292467	2	9	30	24	233.000	134	2	0.83	25	32	2.75	8	15.88
1643292494	2	32	30	19	256.000	122	2	0.83	25	32	2.75	8	15.88
1643292514	2	24	30	27	254.000	126	2	0.83	25	32	2.75	8	15.88
1643292534	2	23	30	26	214.000	124	2	0.83	25	32	2.75	8	15.88
1643292554	1	10	15	25	183.000	127	2	0.83	25	32	2.75	8	9.88
1643292574	2	11	30	21	249.000	123	2	0.83	25	32	2.75	8	15.88
1643292601	2	18	30	19	216.000	122	2	0.83	25	32	2.75	8	15.88
1643292621	0	31	8	27	194.000	122	2	0.83	25	32	2.75	8	3.88
1643292642	2	39	30	28	217.000	123	2	0.83	25	32	2.75	8	15.88
1643292662	2	10	30	24	252.000	123	2	0.83	25	32	2.75	8	15.88
1643292682	2	30	30	30	256.000	125	2	0.83	25	32	2.75	8	15.88
1643292709	0	4	8	32	234.000	125	2	0.83	25	32	2.75	8	3.88
1643292729	2	17	30	26	257.000	125	2	0.83	25	32	2.75	8	15.88
1643292749	2	25	30	26	216.000	123	2	0.83	25	32	2.75	8	15.88
1643292769	2	45	30	31	240.000	125	2	0.83	25	32	2.75	8	15.88
1643292789	2	34	30	28	242.000	123	2	0.83	25	32	2.75	8	15.88
1643292816	0	10	8	33	223.000	126	2	0.83	25	32	2.75	8	3.88
1643292836	1	14	8	26	264.000	124	2	0.83	25	32	2.75	8	9.88
1643292856	2	29	30	28	232.000	124	2	0.83	25	32	2.75	8	15.88
1643292876	2	17	30	24	256.000	126	2	0.83	25	32	2.75	8	15.88
1643292896	2	25	30	28	239.000	123	2	0.83	25	32	2.75	8	15.88
1643292923	0	8	8	30	155.000	122	2	0.83	25	32	2.75	8	3.88
1643292943	2	16	30	27	240.000	124	2	0.83	25	32	2.75	8	15.88
1643292963	2	19	30	26	250.000	123	2	0.83	25	32	2.75	8	15.88
1643292984	2	16	30	25	159.000	127	2	0.83	25	32	2.75	8	15.88
1643293004	2	29	30	27	214.000	128	2	0.83	25	32	2.75	8	15.88
1643293031	1	13	15	25	266.000	122	2	0.83	25	32	2.75	8	9.88
1643293051	2	19	30	25	234.000	122	2	0.83	25	32	2.75	8	15.88
1643293071	2	20	30	26	254.000	125	2	0.83	25	32	2.75	8	15.88
1643293091	2	13	30	25	236.000	122	2	0.83	25	32	2.75	8	15.88
1643293111	2	16	30	24	239.000	126	2	0.83	25	32	2.75	8	15.88
1643293138	2	34	30	22	240.000	121	2	0.83	25	32	2.75	8	15.88
1643293158	0	10	8	27	221.000	123	2	0.83	25	32	2.75	8	3.88
1643293178	2	19	30	26	251.000	123	2	0.83	25	32	2.75	8	15.88
1643293198	2	20	30	26	255.000	128	2	0.83	25	32	2.75	8	15.88
1643293218	2	12	30	24	204.000	128	2	0.83	25	32	2.75	8	15.88
1643293245	1	17	15	28	206.000	122	2	0.83	25	32	2.75	8	9.88
1643293265	2	18	30	27	259.000	123	2	0.83	25	32	2.75	8	15.88
1643293285	2	35	30	27	267.000	125	2	0.83	25	32	2.75	8	15.88
1643293305	2	34	30	31	242.000	125	2	0.83	25	32	2.75	8	15.88
1643293325	2	21	30	26	258.000	126	2	0.83	25	32	2.75	8	15.88
1643293353	1	9	15	30	193.000	122	2	0.83	25	32	2.75	8	9.88
1643293373	2	13	30	29	202.000	123	2	0.83	25	32	2.75	8	15.88
1643293393	2	15	30	29	249.000	124	2	0.83	25	32	2.75	8	15.88
1643293413	2	18	30	31	206.000	124	2	0.83	25	32	2.75	8	15.88
1643293433	1	12	15	28	252.000	125	2	0.83	25	32	2.75	8	9.88
1643293460	0	9	8	40	180.000	122	2	0.83	25	32	2.75	8	3.88
1643293480	2	8	30	36	189.000	123	2	0.83	25	32	2.75	8	15.88
1643293500	2	11	30	37	230.000	125	2	0.83	25	32	2.75	8	15.88
1643293520	2	4	30	33	159.000	125	2	0.83	25	32	2.75	8	15.88
1643293540	2	6	30	33	161.000	125	2	0.83	25	32	2.75	8	15.88
1643293567	1	12	15	25	188.000	126	2	0.83	25	32	2.75	8	9.88
1643293587	2	28	30	27	233.000	127	2	0.83	25	32	2.75	8	15.88
1643293607	2	16	30	26	192.000	128	2	0.83	25	32	2.75	8	15.88
1643293627	0	7	8	28	165.000	128	2	0.83	25	32	2.75	8	3.88
1643293647	2	16	30	24	194.000	128	2	0.83	25	32	2.75	8	15.88
1643293674	2	17	30	23	237.000	122	2	0.83	25	32	2.75	8	15.88
1643293694	2	30	30	22	255.000	123	2	0.83	25	32	2.75	8	15.88
1643293714	2	7	30	23	208.000	122	2	0.83	25	32	2.75	8	15.88
1643293735	2	14	30	25	226.000	123	2	0.83	25	32	2.75	8	15.88
1643293755	2	21	30	27	188.000	124	2	0.83	25	32	2.75	8	15.88
1643293782	1	11	15	27	206.000	132	2	0.83	25	32	2.75	8	9.88
1643293802	2	18	30	25	216.000	133	2	0.83	25	32	2.75	8	15.88
1643293822	0	8	8	32	140.000	134	2	0.83	25	32	2.75	8	3.88
1643293842	2	22	30	27	225.000	134	2	0.83	25	32	2.75	8	15.88
1643293862	0	6	8	32	200.000	135	2	0.83	25	32	2.75	8	3.88
1643293889	2	38	30	27	253.000	126	2	0.83	25	32	2.75	8	15.88
1643293909	2	26	30	30	230.000	128	2	0.83	25	32	2.75	8	15.88
1643293929	0	8	8	36	183.000	123	2	0.83	25	32	2.75	8	3.88
1643293949	1	16	15	34	246.000	125	2	0.83	25	32	2.75	8	9.88
1643293969	2	21	30	27	237.000	123	2	0.83	25	32	2.75	8	15.88
1643293996	0	8	8	38	222.000	122	2	0.83	25	32	2.75	8	3.88
1643294016	2	12	30	25	244.000	123	2	0.83	25	32	2.75	8	15.88
1643294036	2	33	30	28	246.000	123	2	0.83	25	32	2.75	8	15.88
1643294056	2	26	30	28	273.000	124	2	0.83	25	32	2.75	8	15.88
1643294076	2	22	30	27	238.000	122	2	0.83	25	32	2.75	8	15.88
1643294103	2	11	30	28	270.000	130	2	0.83	25	32	2.75	8	15.88
1643294124	2	27	30	22	256.000	122	2	0.83	25	32	2.75	8	15.88
1643294144	0	6	8	33	225.000	123	2	0.83	25	32	2.75	8	3.88
1643294164	1	11	15	25	222.000	122	2	0.83	25	32	2.75	8	9.88
1643294184	2	7	15	24	0.000	123	2	0.83	25	32	2.75	8	15.88
1643294211	0	8	8	29	196.000	122	2	0.83	25	32	2.75	8	3.88
1643294231	2	14	30	27	236.000	125	2	0.83	25	32	2.75	8	15.88
1643294251	2	20	30	24	200.000	127	2	0.83	25	32	2.75	8	15.88
1643294271	2	19	30	27	239.000	119	2	0.83	25	32	2.75	8	15.88
1643294291	2	10	30	25	233.000	124	2	0.83	25	32	2.75	8	15.88
1643294318	2	15	30	26	229.000	126	2	0.83	25	32	2.75	8	15.88
1643294338	2	16	30	27	251.000	127	2	0.83	25	32	2.75	8	15.88
1643294358	0	6	8	26	146.000	128	2	0.83	25	32	2.75	8	3.88
1643294378	1	17	15	32	218.000	128	2	0.83	25	32	2.75	8	9.88
1643294398	0	7	8	30	182.000	129	2	0.83	25	32	2.75	8	3.88
1643294425	1	20	15	28	231.000	122	2	0.83	25	32	2.75	8	9.88
1643294445	2	19	30	25	245.000	123	2	0.83	25	32	2.75	8	15.88
1643294465	2	13	30	25	216.000	124	2	0.83	25	32	2.75	8	15.88
1643294485	2	37	30	29	255.000	125	2	0.83	25	32	2.75	8	15.88
1643294505	0	4	8	35	187.000	122	2	0.83	25	32	2.75	8	3.88
1643294533	2	34	30	29	251.000	123	2	0.83	25	32	2.75	8	15.88
1643294553	2	25	30	27	247.000	124	2	0.83	25	32	2.75	8	15.88
1643294573	2	26	30	27	259.000	122	2	0.83	25	32	2.75	8	15.88
1643294593	2	15	30	26	200.000	125	2	0.83	25	32	2.75	8	15.88
1643294613	2	20	30	26	256.000	128	2	0.83	25	32	2.75	8	15.88
1643294640	2	28	30	30	262.000	122	2	0.83	25	32	2.75	8	15.88
1643294660	2	25	30	25	276.000	126	2	0.83	25	32	2.75	8	15.88
1643294680	2	19	30	22	266.000	123	2	0.83	25	32	2.75	8	15.88
1643294700	0	24	30	28	244.000	127	2	0.83	25	32	2.75	8	3.88
1643294720	2	15	30	25	244.000	126	2	0.83	25	32	2.75	8	15.88
1643294747	2	14	30	26	253.000	122	2	0.83	25	32	2.75	8	15.88
1643294767	0	5	8	32	231.000	133	2	0.83	25	32	2.75	8	3.88
1643294787	2	13	30	25	231.000	134	2	0.83	25	32	2.75	8	15.88
1643294807	2	16	30	26	256.000	131	2	0.83	25	32	2.75	8	15.88
1643294827	2	17	30	27	249.000	124	2	0.83	25	32	2.75	8	15.88
1643294854	1	11	15	23	240.000	122	2	0.83	25	32	2.75	8	9.88
1643294874	2	11	30	27	257.000	122	2	0.83	25	32	2.75	8	15.88
1643294894	2	12	30	24	224.000	128	2	0.83	25	32	2.75	8	15.88
1643294915	2	17	30	25	221.000	129	2	0.83	25	32	2.75	8	15.88
1643294935	2	20	30	26	237.000	129	2	0.83	25	32	2.75	8	15.88
1643294962	1	12	15	27	194.000	122	2	0.83	25	32	2.75	8	9.88
1643294982	2	16	30	27	237.000	123	2	0.83	25	32	2.75	8	15.88
1643295002	2	8	30	25	242.000	123	2	0.83	25	32	2.75	8	15.88
1643295022	2	21	30	28	178.000	124	2	0.83	25	32	2.75	8	15.88
1643295042	1	12	15	29	249.000	124	2	0.83	25	32	2.75	8	9.88
1643295069	1	16	15	29	171.000	125	2	0.83	25	32	2.75	8	9.88
1643295089	2	16	30	26	263.000	127	2	0.83	25	32	2.75	8	15.88
1643295109	2	22	30	30	200.000	129	2	0.83	25	32	2.75	8	15.88
1643295129	2	24	30	28	244.000	124	2	0.83	25	32	2.75	8	15.88
1643295149	0	4	8	30	182.000	123	2	0.83	25	32	2.75	8	3.88
1643295176	1	11	15	28	212.000	122	2	0.83	25	32	2.75	8	9.88
1643295196	2	15	30	29	218.000	123	2	0.83	25	32	2.75	8	15.88
1643295216	2	10	30	29	226.000	124	2	0.83	25	32	2.75	8	15.88
1643295236	2	13	30	28	210.000	125	2	0.83	25	32	2.75	8	15.88
1643295256	2	16	30	32	226.000	125	2	0.83	25	32	2.75	8	15.88
1643295284	0	7	8	27	190.000	126	2	0.83	25	32	2.75	8	3.88
1643295304	2	17	30	25	248.000	127	2	0.83	25	32	2.75	8	15.88
1643295324	2	20	30	26	272.000	128	2	0.83	25	32	2.75	8	15.88
1643295344	2	9	30	24	224.000	128	2	0.83	25	32	2.75	8	15.88
1643295364	0	8	8	28	185.000	128	2	0.83	25	32	2.75	8	3.88
1643295391	0	8	8	27	176.000	127	2	0.83	25	32	2.75	8	3.88
1643295411	2	11	30	25	204.000	128	2	0.83	25	32	2.75	8	15.88
1643295431	1	6	15	21	156.000	128	2	0.83	25	32	2.75	8	9.88
1643295451	0	10	8	29	184.000	129	2	0.83	25	32	2.75	8	3.88
1643295471	0	4	8	31	172.000	130	2	0.83	25	32	2.75	8	3.88
1643295498	0	8	8	31	194.000	127	2	0.83	25	32	2.75	8	3.88
1643295518	2	22	30	26	247.000	128	2	0.83	25	32	2.75	8	15.88
1643295538	2	19	30	26	173.000	129	2	0.83	25	32	2.75	8	15.88
1643295558	2	27	30	27	228.000	129	2	0.83	25	32	2.75	8	15.88
1643295578	2	23	30	27	202.000	129	2	0.83	25	32	2.75	8	15.88
1643295605	0	6	8	31	160.000	122	2	0.83	25	32	2.75	8	3.88
1643295625	2	5	30	34	172.000	123	2	0.83	25	32	2.75	8	15.88
1643295645	2	4	30	36	192.000	124	2	0.83	25	32	2.75	8	15.88
1643295666	2	5	30	31	152.000	124	2	0.83	25	32	2.75	8	15.88
1643295686	2	11	30	37	152.000	125	2	0.83	25	32	2.75	8	15.88
1643295713	2	20	30	25	247.000	123	2	0.83	25	32	2.75	8	15.88
1643295733	2	28	30	28	264.000	125	2	0.83	25	32	2.75	8	15.88
1643295753	0	7	8	39	186.000	123	2	0.83	25	32	2.75	8	3.88
1643295773	2	18	30	26	246.000	124	2	0.83	25	32	2.75	8	15.88
1643295793	2	40	30	29	246.000	124	2	0.83	25	32	2.75	8	15.88
1643295820	1	14	15	28	229.000	126	2	0.83	25	32	2.75	8	9.88
1643295840	2	19	30	26	254.000	128	2	0.83	25	32	2.75	8	15.88
1643295860	1	27	30	29	243.000	129	2	0.83	25	32	2.75	8	9.88
1643295880	2	17	30	25	254.000	124	2	0.83	25	32	2.75	8	15.88
1643295900	2	35	30	29	233.000	125	2	0.83	25	32	2.75	8	15.88
1643295927	2	16	30	26	206.000	123	2	0.83	25	32	2.75	8	15.88
1643295947	2	26	30	27	249.000	123	2	0.83	25	32	2.75	8	15.88
1643295967	1	31	15	27	162.000	124	2	0.83	25	32	2.75	8	9.88
1643295987	2	19	30	28	237.000	125	2	0.83	25	32	2.75	8	15.88
1643296007	2	14	30	26	204.000	126	2	0.83	25	32	2.75	8	15.88
1643296034	1	14	15	25	214.000	125	2	0.83	25	32	2.75	8	9.88
1643296055	2	11	30	25	222.000	126	2	0.83	25	32	2.75	8	15.88
1643296075	2	18	30	27	171.000	127	2	0.83	25	32	2.75	8	15.88
1643296095	2	16	30	26	196.000	127	2	0.83	25	32	2.75	8	15.88
1643296115	2	13	30	25	204.000	127	2	0.83	25	32	2.75	8	15.88
1643296142	2	9	30	22	215.000	127	2	0.83	25	32	2.75	8	15.88
1643296162	0	11	8	32	148.000	128	2	0.83	25	32	2.75	8	3.88
1643296182	2	7	30	23	185.000	128	2	0.83	25	32	2.75	8	15.88
1643296202	2	16	30	25	214.000	129	2	0.83	25	32	2.75	8	15.88
1643296222	2	20	30	26	244.000	129	2	0.83	25	32	2.75	8	15.88
1643296249	0	9	8	35	175.000	127	2	0.83	25	32	2.75	8	3.88
1643296269	0	8	8	28	174.000	128	2	0.83	25	32	2.75	8	3.88
1643296289	2	18	30	26	248.000	129	2	0.83	25	32	2.75	8	15.88
1643296309	2	29	30	27	263.000	122	2	0.83	25	32	2.75	8	15.88
1643296329	0	7	8	40	190.000	123	2	0.83	25	32	2.75	8	3.88
1643296356	2	29	30	28	227.000	122	2	0.83	25	32	2.75	8	15.88
1643296376	0	6	8	32	168.000	123	2	0.83	25	32	2.75	8	3.88
1643296396	2	21	30	26	226.000	124	2	0.83	25	32	2.75	8	15.88
1643296416	2	19	30	27	242.000	123	2	0.83	25	32	2.75	8	15.88
1643296437	1	14	15	33	151.000	124	2	0.83	25	32	2.75	8	9.88
1643296464	1	15	15	34	220.000	122	2	0.83	25	32	2.75	8	9.88
1643296484	2	11	30	24	217.000	124	2	0.83	25	32	2.75	8	15.88
1643296504	1	7	15	33	189.000	124	2	0.83	25	32	2.75	8	9.88
1643296524	2	20	30	27	224.000	124	2	0.83	25	32	2.75	8	15.88
1643296544	2	24	30	26	260.000	124	2	0.83	25	32	2.75	8	15.88
1643296571	1	6	15	25	192.000	123	2	0.83	25	32	2.75	8	9.88
1643296591	2	8	30	21	194.000	124	2	0.83	25	32	2.75	8	15.88
1643296611	2	6	30	24	171.000	125	2	0.83	25	32	2.75	8	15.88
1643296631	0	9	8	30	172.000	125	2	0.83	25	32	2.75	8	3.88
1643296651	2	9	30	25	186.000	126	2	0.83	25	32	2.75	8	15.88
1643296678	0	8	8	29	185.000	128	2	0.83	25	32	2.75	8	3.88
1643296698	2	22	30	27	222.000	129	2	0.83	25	32	2.75	8	15.88
1643296718	2	16	30	24	238.000	129	2	0.83	25	32	2.75	8	15.88
1643296738	2	16	30	27	221.000	130	2	0.83	25	32	2.75	8	15.88
1643296758	2	11	30	26	208.000	131	2	0.83	25	32	2.75	8	15.88
1643296785	2	12	30	24	200.000	122	2	0.83	25	32	2.75	8	15.88
1643296806	2	11	30	24	174.000	123	2	0.83	25	32	2.75	8	15.88
1643296826	2	17	30	26	162.000	123	2	0.83	25	32	2.75	8	15.88
1643296846	2	33	30	28	260.000	124	2	0.83	25	32	2.75	8	15.88
1643296866	2	21	30	27	267.000	124	2	0.83	25	32	2.75	8	15.88
1643296893	0	10	8	38	172.000	122	2	0.83	25	32	2.75	8	3.88
1643296913	2	5	30	37	208.000	123	2	0.83	25	32	2.75	8	15.88
1643296933	2	6	30	35	192.000	124	2	0.83	25	32	2.75	8	15.88
1643296953	2	9	30	38	143.000	124	2	0.83	25	32	2.75	8	15.88
1643296973	2	6	30	33	120.000	124	2	0.83	25	32	2.75	8	15.88
1643297000	1	15	15	35	214.000	123	2	0.83	25	32	2.75	8	9.88
1643297020	2	29	30	28	261.000	123	2	0.83	25	32	2.75	8	15.88
1643297040	2	19	30	26	242.000	125	2	0.83	25	32	2.75	8	15.88
1643297060	2	12	30	22	243.000	125	2	0.83	25	32	2.75	8	15.88
1643297080	2	11	30	25	232.000	123	2	0.83	25	32	2.75	8	15.88
1643297107	2	19	30	27	233.000	122	2	0.83	25	32	2.75	8	15.88
1643297127	2	19	30	26	243.000	128	2	0.83	25	32	2.75	8	15.88
1643297147	2	17	30	26	274.000	129	2	0.83	25	32	2.75	8	15.88
1643297167	1	22	15	30	224.000	130	2	0.83	25	32	2.75	8	9.88
1643297188	2	14	30	25	215.000	130	2	0.83	25	32	2.75	8	15.88
1643297215	0	6	8	31	198.000	122	2	0.83	25	32	2.75	8	3.88
1643297235	2	11	30	22	178.000	124	2	0.83	25	32	2.75	8	15.88
1643297255	2	19	30	28	211.000	124	2	0.83	25	32	2.75	8	15.88
1643297275	2	22	30	26	220.000	124	2	0.83	25	32	2.75	8	15.88
1643297295	2	15	30	26	232.000	124	2	0.83	25	32	2.75	8	15.88
1643297322	2	36	30	20	220.000	121	2	0.83	25	32	2.75	8	15.88
1643297342	2	19	30	19	256.000	123	2	0.83	25	32	2.75	8	15.88
1643297362	2	13	30	25	164.000	123	2	0.83	25	32	2.75	8	15.88
1643297382	2	17	30	22	223.000	123	2	0.83	25	32	2.75	8	15.88
1643297402	2	16	30	25	210.000	124	2	0.83	25	32	2.75	8	15.88
1643297429	1	19	15	25	189.000	126	2	0.83	25	32	2.75	8	9.88
1643297449	2	17	30	26	233.000	128	2	0.83	25	32	2.75	8	15.88
1643297469	2	12	30	24	212.000	128	2	0.83	25	32	2.75	8	15.88
1643297489	2	23	30	26	256.000	129	2	0.83	25	32	2.75	8	15.88
1643297509	2	24	30	27	260.000	123	2	0.83	25	32	2.75	8	15.88
1643297536	0	9	8	32	171.000	129	2	0.83	25	32	2.75	8	3.88
1643297556	2	31	30	28	248.000	130	2	0.83	25	32	2.75	8	15.88
1643297577	2	33	30	28	226.000	130	2	0.83	25	32	2.75	8	15.88
1643297597	2	28	30	29	262.000	131	2	0.83	25	32	2.75	8	15.88
1643297617	2	23	30	26	251.000	123	2	0.83	25	32	2.75	8	15.88
1643297644	2	26	30	32	247.000	122	2	0.83	25	32	2.75	8	15.88
1643297664	2	14	30	26	262.000	123	2	0.83	25	32	2.75	8	15.88
1643297684	2	25	30	26	241.000	123	2	0.83	25	32	2.75	8	15.88
1643297704	1	14	15	31	204.000	124	2	0.83	25	32	2.75	8	9.88
1643297724	2	19	30	26	191.000	125	2	0.83	25	32	2.75	8	15.88
1643297751	2	23	30	28	230.000	122	2	0.83	25	32	2.75	8	15.88
1643297771	2	7	30	23	214.000	124	2	0.83	25	32	2.75	8	15.88
1643297791	2	19	30	26	169.000	125	2	0.83	25	32	2.75	8	15.88
1643297811	2	11	30	24	198.000	125	2	0.83	25	32	2.75	8	15.88
1643297831	2	18	30	26	211.000	125	2	0.83	25	32	2.75	8	15.88
1643297858	2	25	30	19	233.000	122	2	0.83	25	32	2.75	8	15.88
1643297878	2	23	30	19	247.000	124	2	0.83	25	32	2.75	8	15.88
1643297898	2	20	30	13	258.000	124	2	0.83	25	32	2.75	8	15.88
1643297918	0	8	8	31	188.000	122	2	0.83	25	32	2.75	8	3.88
1643297938	2	7	30	24	225.000	123	2	0.83	25	32	2.75	8	15.88
1643297966	0	10	8	27	173.000	130	2	0.83	25	32	2.75	8	3.88
1643297986	2	5	30	23	200.000	132	2	0.83	25	32	2.75	8	15.88
1643298006	0	10	8	27	121.000	133	2	0.83	25	32	2.75	8	3.88
1643298026	2	20	30	27	235.000	133	2	0.83	25	32	2.75	8	15.88
1643298046	1	14	15	28	210.000	133	2	0.83	25	32	2.75	8	9.88
1643298073	2	33	30	30	261.000	128	2	0.83	25	32	2.75	8	15.88
1643298093	2	19	30	28	254.000	130	2	0.83	25	32	2.75	8	15.88
1643298113	1	14	15	33	218.000	123	2	0.83	25	32	2.75	8	9.88
1643298133	2	20	30	26	257.000	124	2	0.83	25	32	2.75	8	15.88
1643298153	2	38	30	28	272.000	124	2	0.83	25	32	2.75	8	15.88
1643298180	0	5	8	32	165.000	122	2	0.83	25	32	2.75	8	3.88
1643298200	2	9	30	37	192.000	124	2	0.83	25	32	2.75	8	15.88
1643298220	2	9	30	36	214.000	125	2	0.83	25	32	2.75	8	15.88
1643298240	0	8	8	37	152.000	125	2	0.83	25	32	2.75	8	3.88
1643298260	2	10	30	36	162.000	126	2	0.83	25	32	2.75	8	15.88
1643298287	1	17	15	33	231.000	121	2	0.83	25	32	2.75	8	9.88
1643298307	0	8	8	36	196.000	124	2	0.83	25	32	2.75	8	3.88
1643298327	0	3	8	25	168.000	124	2	0.83	25	32	2.75	8	3.88
1643298347	2	30	30	25	250.000	125	2	0.83	25	32	2.75	8	15.88
1643298368	2	15	30	24	239.000	125	2	0.83	25	32	2.75	8	15.88
1643298395	2	24	30	28	222.000	121	2	0.83	25	32	2.75	8	15.88
1643298415	2	13	30	26	223.000	123	2	0.83	25	32	2.75	8	15.88
1643298435	2	4	30	23	233.000	123	2	0.83	25	32	2.75	8	15.88
1643298455	2	12	30	23	238.000	124	2	0.83	25	32	2.75	8	15.88
1643298475	2	13	30	26	244.000	124	2	0.83	25	32	2.75	8	15.88
1643298502	2	26	30	26	223.000	127	2	0.83	25	32	2.75	8	15.88
1643298522	2	13	30	21	248.000	121	2	0.83	25	32	2.75	8	15.88
1643298542	2	14	30	25	196.000	122	2	0.83	25	32	2.75	8	15.88
1643298562	2	25	30	27	232.000	124	2	0.83	25	32	2.75	8	15.88
1643298582	2	12	30	24	170.000	123	2	0.83	25	32	2.75	8	15.88
1643298609	0	7	8	32	148.000	130	2	0.83	25	32	2.75	8	3.88
1643298629	2	25	30	27	255.000	131	2	0.83	25	32	2.75	8	15.88
1643298649	2	17	30	25	215.000	132	2	0.83	25	32	2.75	8	15.88
1643298669	2	10	30	21	190.000	133	2	0.83	25	32	2.75	8	15.88
1643298689	2	35	30	30	237.000	133	2	0.83	25	32	2.75	8	15.88
1643298716	0	7	8	38	169.000	123	2	0.83	25	32	2.75	8	3.88
1643298737	2	6	30	34	178.000	124	2	0.83	25	32	2.75	8	15.88
1643298757	1	11	15	37	158.000	125	2	0.83	25	32	2.75	8	9.88
1643298777	2	9	30	35	188.000	125	2	0.83	25	32	2.75	8	15.88
1643298797	2	12	30	35	158.000	125	2	0.83	25	32	2.75	8	15.88
1643298824	2	24	30	27	259.000	123	2	0.83	25	32	2.75	8	15.88
1643298844	2	26	30	25	252.000	123	2	0.83	25	32	2.75	8	15.88
1643298864	2	29	30	27	255.000	122	2	0.83	25	32	2.75	8	15.88
1643298884	2	22	30	27	216.000	122	2	0.83	25	32	2.75	8	15.88
1643298904	2	41	30	27	246.000	124	2	0.83	25	32	2.75	8	15.88
1643298931	0	9	8	31	143.000	122	2	0.83	25	32	2.75	8	3.88
1643298951	2	17	30	25	224.000	123	2	0.83	25	32	2.75	8	15.88
1643298971	0	8	8	30	177.000	124	2	0.83	25	32	2.75	8	3.88
1643298991	2	11	30	26	177.000	125	2	0.83	25	32	2.75	8	15.88
1643299011	2	14	30	26	212.000	125	2	0.83	25	32	2.75	8	15.88
1643299038	0	11	8	26	202.000	122	2	0.83	25	32	2.75	8	3.88
1643299058	2	8	30	29	175.000	123	2	0.83	25	32	2.75	8	15.88
1643299078	2	5	30	30	160.000	124	2	0.83	25	32	2.75	8	15.88
1643299098	2	6	30	28	149.000	124	2	0.83	25	32	2.75	8	15.88
1643299119	2	5	30	27	140.000	124	2	0.83	25	32	2.75	8	15.88
1643299146	1	19	15	27	216.000	131	2	0.83	25	32	2.75	8	9.88
1643299166	2	15	30	26	212.000	131	2	0.83	25	32	2.75	8	15.88
1643299186	2	18	30	26	216.000	132	2	0.83	25	32	2.75	8	15.88
1643299206	1	16	15	26	215.000	132	2	0.83	25	32	2.75	8	9.88
1643299226	2	12	30	25	186.000	133	2	0.83	25	32	2.75	8	15.88
1643299253	2	8	30	21	252.000	122	2	0.83	25	32	2.75	8	15.88
1643299273	2	27	30	27	264.000	125	2	0.83	25	32	2.75	8	15.88
1643299293	2	33	30	29	255.000	123	2	0.83	25	32	2.75	8	15.88
1643299313	2	28	30	28	253.000	123	2	0.83	25	32	2.75	8	15.88
1643299333	2	16	30	23	268.000	123	2	0.83	25	32	2.75	8	15.88
1643299360	2	13	30	25	204.000	128	2	0.83	25	32	2.75	8	15.88
1643299380	2	24	30	28	221.000	129	2	0.83	25	32	2.75	8	15.88
1643299400	2	107	30	20	0.000	115	2	0.83	25	32	2.75	8	15.88
1643299420	2	26	30	28	266.000	127	2	0.83	25	32	2.75	8	15.88
1643299440	2	34	30	29	263.000	128	2	0.83	25	32	2.75	8	15.88
1643299467	1	17	15	33	233.000	128	2	0.83	25	32	2.75	8	9.88
1643299487	2	28	30	27	250.000	129	2	0.83	25	32	2.75	8	15.88
1643299507	2	13	30	25	214.000	130	2	0.83	25	32	2.75	8	15.88
1643299528	2	17	30	27	236.000	124	2	0.83	25	32	2.75	8	15.88
1643299548	2	18	30	26	223.000	124	2	0.83	25	32	2.75	8	15.88
1643299575	1	1	15	16	113.000	127	2	0.83	25	32	2.75	8	9.88
1643299595	2	24	30	27	234.000	128	2	0.83	25	32	2.75	8	15.88
1643299615	2	21	30	27	210.000	129	2	0.83	25	32	2.75	8	15.88
1643299635	2	10	30	24	200.000	130	2	0.83	25	32	2.75	8	15.88
1643299655	1	6	15	24	151.000	130	2	0.83	25	32	2.75	8	9.88
1643299682	1	12	15	25	213.000	122	2	0.83	25	32	2.75	8	9.88
1643299702	2	17	30	26	226.000	123	2	0.83	25	32	2.75	8	15.88
1643299722	2	17	30	26	237.000	124	2	0.83	25	32	2.75	8	15.88
1643299742	2	17	30	24	250.000	124	2	0.83	25	32	2.75	8	15.88
1643299762	2	11	30	24	157.000	125	2	0.83	25	32	2.75	8	15.88
1643299789	0	5	8	29	173.000	122	2	0.83	25	32	2.75	8	3.88
1643299809	2	19	30	34	196.000	123	2	0.83	25	32	2.75	8	15.88
1643299829	1	9	15	36	167.000	124	2	0.83	25	32	2.75	8	9.88
1643299849	2	5	30	33	119.000	124	2	0.83	25	32	2.75	8	15.88
1643299869	2	8	30	34	212.000	125	2	0.83	25	32	2.75	8	15.88
1643299896	0	4	8	33	131.000	123	2	0.83	25	32	2.75	8	3.88
1643299917	2	27	30	25	268.000	124	2	0.83	25	32	2.75	8	15.88
1643299937	2	20	30	24	257.000	127	2	0.83	25	32	2.75	8	15.88
1643299957	2	22	30	28	249.000	128	2	0.83	25	32	2.75	8	15.88
1643299977	2	30	30	27	256.000	128	2	0.83	25	32	2.75	8	15.88
1643300004	0	5	8	32	192.000	122	2	0.83	25	32	2.75	8	3.88
1643300024	2	22	30	25	263.000	124	2	0.83	25	32	2.75	8	15.88
1643300044	2	31	30	29	262.000	125	2	0.83	25	32	2.75	8	15.88
1643300064	2	18	30	26	252.000	122	2	0.83	25	32	2.75	8	15.88
1643300084	2	30	30	28	252.000	124	2	0.83	25	32	2.75	8	15.88
1643300111	2	18	30	27	206.000	125	2	0.83	25	32	2.75	8	15.88
1643300131	2	23	30	26	226.000	126	2	0.83	25	32	2.75	8	15.88
1643300151	2	22	30	27	200.000	126	2	0.83	25	32	2.75	8	15.88
1643300171	0	10	8	31	188.000	127	2	0.83	25	32	2.75	8	3.88
1643300191	2	21	30	28	257.000	128	2	0.83	25	32	2.75	8	15.88
1643300218	2	7	30	21	204.000	122	2	0.83	25	32	2.75	8	15.88
1643300238	0	7	8	31	168.000	123	2	0.83	25	32	2.75	8	3.88
1643300258	2	22	30	26	233.000	124	2	0.83	25	32	2.75	8	15.88
1643300278	2	8	30	23	200.000	124	2	0.83	25	32	2.75	8	15.88
1643300298	2	17	30	25	239.000	124	2	0.83	25	32	2.75	8	15.88
1643300326	2	23	30	23	240.000	122	2	0.83	25	32	2.75	8	15.88
1643300346	0	9	8	27	165.000	121	2	0.83	25	32	2.75	8	3.88
1643300366	2	11	30	32	198.000	123	2	0.83	25	32	2.75	8	15.88
1643300386	0	5	8	35	196.000	124	2	0.83	25	32	2.75	8	3.88
1643300406	2	15	30	32	200.000	124	2	0.83	25	32	2.75	8	15.88
1643300433	2	28	30	28	236.000	122	2	0.83	25	32	2.75	8	15.88
1643300453	2	14	30	26	243.000	124	2	0.83	25	32	2.75	8	15.88
1643300473	1	13	15	31	171.000	125	2	0.83	25	32	2.75	8	9.88
1643300493	2	27	30	32	231.000	125	2	0.83	25	32	2.75	8	15.88
1643300513	2	57	30	31	265.000	126	2	0.83	25	32	2.75	8	15.88
1643300540	0	9	8	38	167.000	122	2	0.83	25	32	2.75	8	3.88
1643300560	2	10	30	36	164.000	123	2	0.83	25	32	2.75	8	15.88
1643300580	0	9	8	34	184.000	124	2	0.83	25	32	2.75	8	3.88
1643300600	0	8	8	35	131.000	125	2	0.83	25	32	2.75	8	3.88
1643300620	2	7	30	35	128.000	125	2	0.83	25	32	2.75	8	15.88
1643300647	0	8	8	41	178.000	122	2	0.83	25	32	2.75	8	3.88
1643300667	2	13	30	26	247.000	123	2	0.83	25	32	2.75	8	15.88
1643300687	1	16	15	34	176.000	125	2	0.83	25	32	2.75	8	9.88
1643300708	2	17	30	26	252.000	125	2	0.83	25	32	2.75	8	15.88
1643300728	2	24	30	26	233.000	125	2	0.83	25	32	2.75	8	15.88
1643300755	2	13	30	25	198.000	123	2	0.83	25	32	2.75	8	15.88
1643300775	2	22	30	27	248.000	124	2	0.83	25	32	2.75	8	15.88
1643300795	2	17	30	26	175.000	124	2	0.83	25	32	2.75	8	15.88
1643300815	2	9	30	22	214.000	125	2	0.83	25	32	2.75	8	15.88
1643300835	1	7	15	23	212.000	125	2	0.83	25	32	2.75	8	9.88
1643300862	2	24	30	28	246.000	122	2	0.83	25	32	2.75	8	15.88
1643300882	2	27	30	20	253.000	123	2	0.83	25	32	2.75	8	15.88
1643300902	2	3	30	23	198.000	122	2	0.83	25	32	2.75	8	15.88
1643300922	0	9	8	31	183.000	124	2	0.83	25	32	2.75	8	3.88
1643300942	2	18	30	27	186.000	124	2	0.83	25	32	2.75	8	15.88
1643300969	1	14	15	25	155.000	122	2	0.83	25	32	2.75	8	9.88
1643300989	2	17	30	24	206.000	123	2	0.83	25	32	2.75	8	15.88
1643301009	2	20	30	28	177.000	124	2	0.83	25	32	2.75	8	15.88
1643301029	2	16	30	30	215.000	124	2	0.83	25	32	2.75	8	15.88
1643301049	2	13	30	27	224.000	125	2	0.83	25	32	2.75	8	15.88
1643301076	2	33	30	28	262.000	131	2	0.83	25	32	2.75	8	15.88
1643301097	2	29	30	28	253.000	124	2	0.83	25	32	2.75	8	15.88
1643301117	2	22	30	27	247.000	123	2	0.83	25	32	2.75	8	15.88
1643301137	2	27	30	30	257.000	123	2	0.83	25	32	2.75	8	15.88
1643301157	2	23	30	27	269.000	124	2	0.83	25	32	2.75	8	15.88
1643301184	0	7	8	37	167.000	122	2	0.83	25	32	2.75	8	3.88
1643301204	2	11	30	37	202.000	123	2	0.83	25	32	2.75	8	15.88
1643301224	2	3	30	30	196.000	124	2	0.83	25	32	2.75	8	15.88
1643301244	1	7	15	37	124.000	125	2	0.83	25	32	2.75	8	9.88
1643301264	0	4	8	37	145.000	125	2	0.83	25	32	2.75	8	3.88
1643301291	2	20	30	21	258.000	123	2	0.83	25	32	2.75	8	15.88
1643301311	2	21	30	26	255.000	124	2	0.83	25	32	2.75	8	15.88
1643301331	2	21	30	27	224.000	124	2	0.83	25	32	2.75	8	15.88
1643301351	2	7	30	23	211.000	124	2	0.83	25	32	2.75	8	15.88
1643301371	2	0	30	17	77.000	125	2	0.83	25	32	2.75	8	15.88
