1643212386	1	15	15	22	178.000	121	0.81	30	0	3.88	8	18.90
1643212407	0	8	8	32	146.000	123	0.74	35	1	4.07	2	8.13
1643212427	1	18	15	27	159.000	124	0.73	37	2	3.49	8	9.81
1643212447	1	13	15	25	198.000	124	0.76	28	1	4.46	6	10.08
1643212467	1	15	15	29	168.000	124	0.71	44	10	3.84	2	8.04
1643212494	2	23	30	26	177.000	122	0.63	36	1	3.93	14	13.91
1643212514	1	14	15	28	220.000	123	0.73	50	0	3.69	12	18.70
1643212534	1	16	15	33	196.000	124	0.78	65	0	2.93	19	53.27
1643212554	2	10	30	25	245.000	125	0.89	76	6	3.03	22	12.40
1643212574	0	8	8	37	134.000	125	0.74	52	0	2.63	15	30.87
1643212601	2	24	30	28	191.000	127	0.82	65	4	3.28	22	12.69
1643212621	1	12	15	22	157.000	128	0.82	55	0	2.82	15	23.13
1643212641	1	29	15	23	181.000	129	0.84	67	1	2.78	18	11.00
1643212661	0	5	8	27	132.000	129	0.73	44	1	2.79	11	10.51
1643212681	2	28	30	28	233.000	129	0.85	59	0	2.95	16	37.93
1643212708	2	23	30	29	238.000	122	0.88	56	1	3.42	19	22.86
1643212728	2	42	30	20	267.000	124	0.75	40	2	3.32	4	13.29
1643212748	0	7	8	39	166.000	125	0.80	67	4	3.08	26	4.52
1643212768	0	6	8	32	123.000	125	0.56	29	4	2.64	11	4.37
1643212788	0	12	8	36	135.000	125	0.52	28	11	2.96	13	3.96
1643212815	1	9	15	24	174.000	127	0.47	18	3	4.07	11	8.48
1643212836	1	18	15	26	167.000	128	0.85	39	0	3.58	2	52.26
1643212856	0	9	8	25	154.000	128	0.86	39	0	3.78	3	50.00
1643212876	1	13	15	24	140.000	129	0.74	29	2	3.35	10	9.52
1643212896	1	17	15	26	146.000	129	0.57	29	6	3.17	10	8.11
1643212923	1	14	15	26	155.000	129	0.71	42	0	3.95	18	30.35
1643212943	2	15	30	25	154.000	130	0.86	26	0	2.40	3	55.12
1643212963	0	10	8	31	204.000	130	0.64	34	63	2.92	2	3.83
1643212983	0	5	8	26	139.000	131	0.70	29	5	2.70	8	4.28
1643213003	1	18	15	26	156.000	131	0.78	34	0	3.75	2	20.43
1643213030	2	14	30	25	144.000	125	0.60	32	1	4.21	14	13.72
1643213050	1	14	15	24	148.000	125	0.70	28	5	3.96	8	8.30
1643213070	2	31	30	28	228.000	127	0.66	43	9	4.05	19	12.06
1643213090	1	17	15	30	156.000	127	0.70	39	3	3.57	15	8.88
1643213110	2	23	30	27	200.000	127	0.82	48	1	3.80	1	18.63
1643213137	1	16	15	34	188.000	123	0.81	73	2	2.29	21	9.11
1643213157	1	17	15	35	233.000	124	0.83	69	1	3.33	2	12.89
1643213177	0	7	8	33	133.000	124	0.70	52	1	2.70	5	8.18
1643213197	1	18	15	33	188.000	125	0.50	52	1	2.83	7	10.74
1643213217	0	9	8	30	132.000	125	0.84	55	0	3.44	4	38.49
1643213245	0	7	8	35	142.000	127	0.59	56	2	2.41	21	4.95
1643213265	2	28	30	27	236.000	128	0.64	45	2	2.68	14	13.30
1643213285	0	4	8	31	121.000	129	0.60	42	1	2.55	13	9.55
1643213305	2	21	30	24	198.000	129	0.62	58	0	2.40	16	34.61
1643213325	2	10	30	25	154.000	129	0.80	30	1	3.33	4	17.38
1643213352	1	11	15	32	180.000	126	0.85	63	0	3.23	22	43.51
1643213372	2	17	30	25	175.000	128	0.85	32	0	3.64	9	43.73
1643213392	1	13	15	32	170.000	128	0.87	53	1	3.24	12	11.59
1643213412	0	6	8	39	146.000	129	0.35	20	29	3.00	9	3.83
1643213432	1	7	15	21	152.000	129	0.76	30	1	3.46	11	16.31
1643213459	0	8	8	31	233.000	130	0.83	36	1	3.47	7	12.70
1643213479	1	6	15	23	146.000	132	0.72	37	0	3.74	0	34.84
1643213499	1	15	15	25	137.000	132	0.38	36	64	3.05	1	7.81
1643213519	2	25	30	26	176.000	132	0.52	24	2	3.49	10	12.63
1643213539	2	22	30	28	162.000	133	0.81	37	2	3.37	9	13.19
1643213566	0	6	8	31	129.000	121	0.77	30	1	3.53	5	12.31
1643213586	0	6	8	27	179.000	123	0.44	31	13	2.69	5	3.92
1643213606	1	11	15	24	149.000	123	0.72	30	10	3.53	6	8.04
1643213626	0	9	8	32	204.000	124	0.80	44	0	3.26	4	18.11
1643213646	1	8	15	24	148.000	124	0.76	38	0	2.89	2	22.14
1643213673	2	18	30	25	189.000	123	0.78	38	0	5.35	13	22.31
1643213694	1	14	15	26	198.000	124	0.66	36	3	4.56	14	8.58
1643213714	1	15	15	21	237.000	125	0.66	43	1	3.56	19	14.07
1643213734	0	8	8	37	143.000	126	0.71	50	1	3.79	9	8.06
1643213754	1	15	15	33	165.000	126	0.88	72	1	3.34	3	12.06
1643213781	1	18	15	28	155.000	121	0.89	55	0	3.65	14	40.32
1643213801	1	14	15	30	158.000	123	0.64	40	0	3.31	18	41.54
1643213821	2	22	30	32	222.000	123	0.71	33	6	3.13	7	12.25
1643213841	1	17	15	33	176.000	124	0.91	57	0	3.40	2	54.00
1643213861	2	18	30	31	149.000	124	0.85	55	0	3.41	20	50.93
1643213888	2	11	30	29	175.000	126	0.84	62	0	3.59	5	43.80
1643213908	1	16	15	29	153.000	127	0.83	55	1	3.06	22	11.35
1643213928	1	13	15	31	164.000	128	0.70	48	1	3.40	12	11.88
1643213948	2	32	30	28	194.000	128	0.89	66	3	3.14	15	13.02
1643213968	0	7	8	31	138.000	129	0.58	30	18	2.67	12	3.91
1643213995	2	17	30	26	161.000	128	0.90	53	4	2.97	17	12.79
1643214015	1	14	15	25	152.000	129	0.56	21	25	3.42	8	7.87
1643214035	2	13	30	25	157.000	130	0.82	44	4	3.17	0	12.57
1643214055	2	14	30	25	166.000	131	0.68	24	1	3.41	1	15.03
1643214075	2	13	30	24	142.000	131	0.72	25	1	3.41	10	19.34
1643214102	2	10	30	24	157.000	122	0.62	22	1	3.20	9	17.11
1643214123	0	8	8	34	133.000	123	0.60	30	26	2.18	10	3.88
1643214143	2	7	30	23	131.000	124	0.72	32	2	2.82	6	13.06
1643214163	1	9	15	26	161.000	124	0.79	31	1	3.74	0	11.75
1643214183	0	7	8	29	151.000	125	0.56	32	28	2.75	7	3.87
1643214210	2	13	30	18	200.000	122	0.82	33	2	3.95	11	13.20
1643214230	1	17	15	21	167.000	124	0.82	55	3	3.54	13	8.75
1643214250	1	19	15	25	183.000	125	0.69	48	1	3.42	24	15.36
1643214270	2	25	30	22	214.000	125	0.71	42	2	5.07	19	13.41
1643214290	1	13	15	27	139.000	125	0.81	40	0	3.94	13	19.84
1643214317	1	18	15	31	162.000	122	0.76	80	9	3.07	22	8.09
1643214337	2	19	30	34	155.000	123	0.84	78	1	2.65	22	16.03
1643214357	0	3	8	35	133.000	124	0.83	73	1	3.26	19	8.36
1643214377	2	22	30	24	174.000	125	0.91	56	1	3.63	12	16.01
1643214397	0	7	8	34	124.000	125	0.82	67	1	2.67	22	6.37
1643214424	0	8	8	33	120.000	122	0.67	41	0	2.75	10	25.14
1643214444	2	6	30	37	139.000	123	0.66	60	1	2.86	17	15.98
1643214464	1	6	15	32	135.000	124	0.78	58	1	2.86	21	16.69
1643214484	1	9	15	37	142.000	125	0.77	88	5	2.84	23	8.43
1643214504	2	7	30	36	155.000	125	0.77	66	1	2.60	7	18.02
1643214531	1	18	15	33	182.000	121	0.77	61	1	2.81	24	10.80
1643214552	1	15	15	31	213.000	124	0.70	45	2	3.62	12	9.78
1643214572	2	16	30	26	163.000	124	0.74	32	6	3.10	12	12.22
1643214592	2	15	30	30	221.000	124	0.87	49	0	3.34	7	25.99
1643214612	0	4	8	30	135.000	125	0.42	21	7	3.62	3	4.02
1643214639	2	21	30	26	181.000	130	0.75	39	0	3.77	14	33.87
1643214659	0	7	8	30	140.000	132	0.62	45	38	2.53	2	3.85
1643214679	1	18	15	26	176.000	132	0.71	27	13	2.79	8	7.99
1643214699	2	11	30	24	153.000	133	0.54	29	27	2.53	9	11.86
1643214719	1	14	15	25	160.000	133	0.75	20	1	2.95	3	16.60
1643214746	1	16	15	29	174.000	124	0.64	15	1	2.79	3	13.17
1643214766	2	16	30	27	152.000	125	0.88	40	1	3.08	2	18.08
1643214786	2	13	30	25	130.000	125	0.61	39	29	3.04	3	11.87
1643214806	2	11	30	23	172.000	127	0.87	47	3	3.71	10	12.79
1643214826	0	7	8	24	135.000	127	0.55	27	32	2.87	8	3.85
1643214853	0	8	8	32	155.000	125	0.69	41	6	3.21	15	4.24
1643214873	0	7	8	35	144.000	126	0.57	47	2	2.81	17	5.16
1643214893	1	4	15	23	145.000	127	0.72	20	1	3.99	6	13.23
1643214913	1	7	15	21	168.000	128	0.84	85	2	3.15	7	10.25
1643214933	1	17	15	35	176.000	128	0.83	62	0	3.14	15	48.79
1643214961	1	12	15	31	159.000	122	0.84	56	0	3.06	16	53.72
1643214981	0	8	8	34	125.000	124	0.70	59	2	2.48	22	5.26
1643215001	2	35	30	26	218.000	124	0.87	58	0	3.46	18	58.00
1643215021	2	19	30	30	158.000	125	0.79	45	2	3.03	11	13.64
1643215041	2	21	30	32	182.000	125	0.85	51	0	3.46	14	35.32
1643215068	1	16	15	35	188.000	132	0.87	60	3	2.76	15	8.80
1643215088	0	8	8	31	146.000	133	0.82	59	0	2.64	7	50.00
1643215108	2	18	30	26	217.000	133	0.81	58	1	2.96	8	19.52
1643215128	1	15	15	34	157.000	134	0.46	42	15	2.83	14	7.90
1643215148	1	13	15	32	176.000	135	0.74	47	1	3.15	10	10.45
1643215175	1	19	15	28	176.000	122	0.82	41	3	2.82	12	8.91
1643215195	0	8	8	32	133.000	123	0.29	26	94	3.10	13	3.80
1643215215	0	8	8	30	133.000	124	0.33	20	29	3.14	8	3.83
1643215235	1	18	15	29	140.000	124	0.74	46	6	3.55	8	8.22
1643215255	0	7	8	31	124.000	125	0.65	37	1	2.44	1	11.45
1643215282	2	11	30	23	158.000	122	0.70	23	1	3.48	3	17.07
1643215302	1	18	15	26	153.000	123	0.84	51	1	3.55	6	10.99
1643215322	1	11	15	25	147.000	124	0.80	46	5	3.09	9	8.42
1643215342	2	14	30	25	152.000	124	0.63	16	3	2.65	3	12.71
1643215362	2	17	30	25	141.000	124	0.86	37	1	3.45	7	22.61
1643215390	0	5	8	28	146.000	128	0.68	32	1	2.68	11	7.00
1643215410	0	9	8	32	191.000	129	0.72	41	5	3.12	11	4.37
1643215430	2	17	30	25	155.000	130	0.82	55	3	3.89	2	12.76
1643215450	1	3	15	23	156.000	130	0.57	39	1	3.84	17	9.95
1643215470	1	19	15	26	171.000	130	0.66	42	4	3.76	19	8.40
1643215497	1	18	15	27	155.000	121	0.80	39	1	5.21	13	13.18
1643215517	1	13	15	28	169.000	124	0.85	57	1	3.27	18	12.79
1643215537	2	16	30	35	185.000	125	0.80	69	1	3.18	15	17.09
1643215557	2	18	30	33	165.000	125	0.73	83	1	3.17	12	17.73
1643215577	0	6	8	32	135.000	125	0.84	58	0	3.28	4	19.11
1643215604	1	17	15	31	162.000	122	0.57	39	0	3.66	12	35.28
1643215624	2	12	30	28	158.000	123	0.69	33	8	2.95	7	12.11
1643215644	0	1	8	34	128.000	123	0.63	46	23	2.75	11	3.89
1643215664	2	23	30	27	231.000	124	0.78	66	21	2.70	22	11.93
1643215684	1	9	15	30	133.000	124	0.81	58	0	3.40	13	26.81
1643215711	0	9	8	37	146.000	123	0.68	50	0	2.54	16	14.47
1643215731	2	20	30	28	189.000	124	0.69	60	27	2.94	22	11.88
1643215751	2	19	30	26	217.000	125	0.83	74	4	2.89	17	12.60
1643215771	2	20	30	26	184.000	125	0.90	55	1	3.32	4	18.76
1643215791	0	5	8	30	140.000	125	0.85	54	12	3.16	11	4.04
1643215819	0	0	8	16	78.000	129	0.50	17	2	2.71	10	4.63
1643215839	1	17	15	29	139.000	130	0.81	43	10	3.13	17	8.09
1643215859	2	16	30	26	192.000	131	0.81	40	0	3.52	12	45.99
1643215879	2	9	30	19	120.000	132	0.57	21	16	2.68	9	11.92
1643215899	0	9	8	32	134.000	132	0.68	47	8	2.86	11	4.09
1643215926	0	12	8	29	144.000	122	0.72	28	3	2.90	5	4.80
1643215946	0	7	8	32	145.000	123	0.56	20	1	2.43	4	10.00
1643215966	2	17	30	25	165.000	124	0.76	30	1	3.42	2	14.35
1643215986	1	14	15	27	162.000	124	0.81	37	2	3.09	13	9.77
1643216006	2	15	30	25	158.000	125	0.76	46	7	3.62	12	12.17
1643216033	2	21	30	19	186.000	122	0.75	36	3	4.35	14	12.82
1643216053	2	36	30	28	212.000	123	0.75	54	21	3.60	24	11.92
1643216073	1	10	15	29	148.000	124	0.64	40	1	3.95	11	9.75
1643216093	0	5	8	22	133.000	124	0.77	38	2	3.71	3	6.02
1643216113	2	25	30	30	240.000	126	0.72	89	29	2.92	31	11.88
1643216140	0	7	8	34	132.000	123	0.73	70	1	2.70	17	7.82
1643216160	0	8	8	38	146.000	124	0.66	55	0	2.75	11	21.48
1643216180	0	8	8	34	123.000	125	0.82	57	1	3.06	14	9.93
1643216200	0	8	8	35	138.000	125	0.75	78	0	3.01	7	50.00
1643216221	0	4	8	32	135.000	125	0.68	40	1	2.47	3	7.31
1643216248	1	17	15	31	166.000	122	0.73	58	0	3.31	17	21.18
1643216268	1	10	15	27	164.000	123	0.89	78	4	3.31	11	8.57
1643216288	0	6	8	33	140.000	125	0.79	59	1	3.16	21	8.07
1643216308	1	13	15	33	150.000	125	0.83	55	1	3.09	20	17.38
1643216328	2	28	30	29	185.000	125	0.76	51	17	3.28	5	11.95
1643216355	2	24	30	28	151.000	128	0.72	34	0	3.61	7	26.92
1643216375	2	18	30	26	206.000	128	0.88	56	0	3.62	7	48.23
1643216395	0	4	8	31	144.000	129	0.46	22	9	4.24	8	3.97
1643216415	2	8	30	24	155.000	130	0.54	22	28	3.41	10	11.86
1643216435	0	10	8	33	136.000	130	0.66	47	5	2.56	17	4.26
1643216462	0	7	8	21	147.000	126	0.73	35	4	2.99	13	4.60
1643216482	0	6	8	29	144.000	127	0.68	42	12	2.94	9	3.99
1643216502	1	19	15	29	194.000	127	0.42	23	38	2.98	4	7.83
1643216522	1	16	15	26	137.000	127	0.61	26	13	2.93	6	7.96
1643216542	1	17	15	29	186.000	127	0.66	21	5	3.11	4	8.30
1643216569	0	7	8	30	121.000	122	0.72	40	25	3.01	15	3.90
1643216589	0	8	8	27	147.000	124	0.79	34	1	3.75	1	14.06
1643216609	2	23	30	27	202.000	124	0.71	34	17	3.11	2	11.95
1643216629	1	14	15	28	152.000	125	0.83	49	1	3.81	20	10.44
1643216649	2	22	30	25	161.000	125	0.76	48	1	4.24	8	17.87
1643216677	0	8	8	32	148.000	126	0.66	42	15	4.32	13	3.95
1643216697	1	16	15	25	166.000	128	0.77	38	1	3.97	20	10.88
1643216717	1	17	15	29	145.000	129	0.70	45	3	3.68	9	8.89
1643216737	2	35	30	28	238.000	129	0.86	80	9	2.87	14	12.14
1643216757	1	6	15	31	157.000	129	0.69	59	7	2.96	20	8.17
1643216784	0	10	8	37	128.000	122	0.71	53	0	2.64	15	30.79
1643216804	0	6	8	35	124.000	123	0.73	79	0	3.25	7	50.00
1643216824	2	6	30	33	147.000	123	0.58	34	2	2.56	10	12.71
1643216844	2	12	30	37	131.000	124	0.69	52	10	2.64	1	12.04
1643216864	0	7	8	35	136.000	124	0.71	51	0	2.57	22	25.35
1643216891	2	20	30	27	224.000	122	0.82	63	6	2.93	22	12.27
1643216911	0	7	8	31	132.000	123	0.65	41	1	2.83	13	7.85
1643216931	2	35	30	28	232.000	125	0.83	62	0	3.46	22	58.00
1643216951	0	7	8	32	130.000	125	0.54	28	8	2.75	10	4.04
1643216971	0	6	8	32	139.000	125	0.78	52	1	3.06	10	7.91
1643216998	0	2	8	27	126.000	122	0.48	19	6	4.24	7	4.09
1643217018	1	14	15	29	215.000	124	0.80	29	0	3.74	4	24.55
1643217038	1	16	15	27	182.000	124	0.71	24	4	3.24	8	8.44
1643217058	1	9	15	19	146.000	124	0.80	44	13	2.99	7	8.01
1643217078	1	13	15	24	130.000	125	0.85	50	7	2.68	1	8.23
1643217106	1	20	15	30	155.000	121	0.77	47	0	3.81	16	29.82
1643217126	1	13	15	29	155.000	123	0.83	26	1	3.35	8	11.12
1643217146	0	4	8	23	146.000	123	0.86	46	1	3.60	11	13.32
1643217166	0	11	8	30	145.000	124	0.77	40	4	2.83	8	4.58
1643217186	2	24	30	20	208.000	124	0.52	35	38	2.20	6	11.84
1643217213	2	26	30	21	218.000	122	0.82	44	3	3.49	16	13.06
1643217233	0	7	8	32	145.000	123	0.57	34	2	3.59	14	4.72
1643217253	0	6	8	34	140.000	124	0.56	53	2	2.45	26	4.95
1643217273	1	15	15	31	176.000	125	0.57	39	2	4.31	7	8.84
1643217293	1	14	15	31	175.000	125	0.67	22	5	3.57	7	8.30
1643217320	2	18	30	27	236.000	127	0.80	67	18	2.82	23	11.95
1643217340	2	26	30	26	186.000	128	0.86	72	1	3.25	20	15.90
1643217360	2	21	30	27	226.000	128	0.74	70	10	2.89	24	12.05
1643217380	1	22	15	34	162.000	130	0.81	58	0	3.03	22	46.68
1643217400	0	9	8	32	131.000	130	0.72	79	0	3.04	12	50.00
1643217427	0	7	8	39	142.000	122	0.75	68	0	2.43	19	37.83
1643217447	1	20	15	38	145.000	123	0.71	42	1	2.60	12	11.63
1643217467	1	5	15	31	133.000	124	0.87	56	0	2.75	7	29.22
1643217487	1	9	15	37	130.000	124	0.71	60	3	2.72	11	8.60
1643217507	1	9	15	39	140.000	124	0.73	50	0	2.52	3	50.26
1643217535	1	15	15	35	159.000	123	0.55	49	1	3.63	13	10.60
1643217555	1	12	15	26	151.000	124	0.69	39	0	3.96	3	29.57
1643217575	2	17	30	26	177.000	124	0.88	53	0	3.40	3	25.19
1643217595	0	13	8	32	138.000	125	0.56	21	15	4.18	6	3.93
1643217615	2	1	30	17	79.000	125	0.73	35	0	3.51	13	22.80
1643217642	1	13	15	24	167.000	126	0.85	51	5	2.57	14	8.48
1643217662	0	6	8	32	138.000	127	0.83	36	0	2.86	2	33.75
1643217682	0	7	8	31	123.000	128	0.53	26	22	2.58	7	3.88
1643217702	2	26	30	21	147.000	128	0.74	37	3	4.00	4	12.86
1643217722	2	7	30	24	179.000	128	0.69	28	15	2.44	3	11.96
1643217749	1	17	15	26	165.000	127	0.74	21	1	2.99	9	16.19
1643217769	2	18	30	25	168.000	128	0.84	35	0	3.38	6	30.00
1643217789	0	8	8	31	130.000	129	0.44	30	2	2.88	8	4.82
1643217809	1	14	15	31	154.000	130	0.77	45	1	3.59	11	11.56
1643217829	0	7	8	27	132.000	130	0.51	37	6	3.98	11	4.11
1643217856	2	24	30	26	200.000	122	0.54	37	1	5.35	10	15.56
1643217876	0	9	8	32	133.000	123	0.54	35	1	2.82	14	5.60
1643217896	1	6	15	23	149.000	125	0.86	60	0	3.72	1	22.71
1643217916	2	33	30	27	204.000	125	0.94	56	0	3.38	3	50.72
1643217936	1	14	15	35	164.000	125	0.80	69	1	3.27	16	12.73
1643217964	1	17	15	33	169.000	131	0.87	53	1	3.54	0	16.18
1643217984	0	8	8	34	131.000	132	0.51	52	1	2.82	9	6.57
1643218004	2	27	30	28	202.000	133	0.91	57	0	3.52	5	53.18
1643218024	1	15	15	35	171.000	133	0.77	36	2	3.29	12	9.35
1643218044	1	14	15	28	147.000	134	0.66	35	1	3.56	14	10.49
1643218071	2	29	30	29	184.000	122	0.86	93	19	3.03	24	11.95
1643218091	0	2	8	29	120.000	123	0.68	56	1	2.60	3	5.85
1643218111	1	16	15	30	168.000	124	0.54	36	0	3.25	1	14.15
1643218131	0	3	8	38	137.000	124	0.51	49	2	2.57	18	4.60
1643218151	0	9	8	30	134.000	125	0.74	42	0	2.61	1	50.00
1643218178	2	22	30	26	223.000	122	0.84	44	10	3.22	1	12.08
1643218198	2	22	30	28	142.000	124	0.47	28	23	3.88	11	11.87
1643218218	1	18	15	28	180.000	125	0.78	36	0	4.60	1	41.16
1643218238	2	6	30	22	170.000	125	0.84	40	0	3.55	14	40.00
1643218258	0	4	8	23	145.000	125	0.76	37	0	2.86	11	28.58
1643218285	0	10	8	29	128.000	122	0.88	36	0	3.80	8	19.88
1643218305	2	18	30	27	152.000	123	0.54	23	0	3.60	3	23.82
1643218325	1	13	15	25	170.000	124	0.86	34	1	3.39	5	14.07
1643218345	2	9	30	23	154.000	124	0.73	19	0	2.90	5	33.00
1643218365	1	15	15	26	158.000	125	0.86	35	0	3.61	12	51.86
1643218393	1	11	15	26	165.000	122	0.63	32	1	3.54	12	10.57
1643218413	2	35	30	28	194.000	123	0.73	38	2	3.59	9	13.28
1643218433	2	9	30	24	169.000	124	0.53	30	67	2.85	2	11.82
1643218453	1	11	15	27	150.000	124	0.67	40	7	3.73	2	8.15
1643218473	1	17	15	27	138.000	125	0.54	40	5	3.83	15	8.16
1643218500	1	14	15	28	176.000	125	0.79	47	1	3.83	2	17.30
1643218520	0	8	8	34	134.000	126	0.62	62	2	2.45	22	5.39
1643218540	2	28	30	28	206.000	126	0.86	84	4	2.79	20	12.63
1643218560	0	9	8	35	137.000	127	0.87	55	1	3.61	16	10.51
1643218580	2	26	30	27	183.000	127	0.78	51	0	3.76	14	30.48
1643218607	1	19	15	27	183.000	122	0.87	68	1	3.53	8	19.59
1643218627	0	6	8	33	133.000	123	0.82	57	0	2.79	15	45.48
1643218647	1	17	15	31	171.000	124	0.73	49	1	2.78	12	16.83
1643218667	1	17	15	30	159.000	125	0.86	79	4	3.25	23	8.52
1643218687	0	8	8	38	135.000	125	0.72	52	0	2.81	18	21.13
1643218714	0	8	8	27	134.000	129	0.79	38	0	3.28	13	21.24
1643218734	2	17	30	24	145.000	130	0.75	48	7	3.06	2	12.22
1643218754	2	18	30	26	185.000	130	0.74	37	13	2.96	13	12.00
1643218774	2	15	30	25	179.000	130	0.80	32	1	3.61	14	16.52
1643218794	1	11	15	25	128.000	131	0.44	31	18	3.67	16	7.88
1643218822	0	6	8	27	124.000	127	0.61	33	1	2.74	15	7.06
1643218842	0	8	8	27	135.000	128	0.58	21	1	2.93	10	6.83
1643218862	0	5	8	22	134.000	129	0.73	40	0	3.47	4	49.73
1643218882	0	8	8	30	138.000	129	0.32	31	50	3.10	9	3.82
1643218902	1	16	15	29	163.000	130	0.71	36	2	3.37	4	9.06
1643218929	1	24	15	26	164.000	124	0.84	26	0	3.50	9	19.47
1643218949	2	25	30	28	163.000	126	0.76	42	12	3.23	16	12.01
1643218969	1	16	15	27	164.000	127	0.74	30	3	2.89	8	8.85
1643218989	2	24	30	28	200.000	128	0.85	35	0	3.92	3	28.69
1643219009	2	9	30	23	179.000	128	0.70	46	6	3.55	11	12.19
1643219036	1	13	15	26	149.000	122	0.65	28	1	4.99	13	12.42
1643219056	0	8	8	32	138.000	123	0.47	45	8	2.86	19	3.99
1643219076	1	11	15	30	155.000	123	0.67	36	3	3.86	14	8.81
1643219096	1	16	15	22	140.000	124	0.89	60	1	3.38	11	11.76
1643219116	1	17	15	33	181.000	125	0.83	60	0	3.12	19	53.31
1643219143	2	31	30	28	212.000	122	0.84	85	7	2.81	22	12.21
1643219163	2	27	30	28	224.000	123	0.93	54	0	3.57	5	30.06
1643219183	0	6	8	33	143.000	124	0.64	50	3	2.65	21	4.57
1643219203	2	22	30	25	192.000	124	0.79	47	0	3.64	10	39.36
1643219223	1	22	15	34	173.000	125	0.73	36	3	3.47	15	8.73
1643219251	2	21	30	26	190.000	128	0.80	42	1	3.31	11	15.61
1643219271	2	30	30	28	210.000	129	0.90	48	0	3.73	7	44.27
1643219291	1	19	15	31	174.000	130	0.72	61	0	3.18	19	51.01
1643219311	0	7	8	36	151.000	131	0.61	35	15	2.48	4	3.94
1643219331	0	3	8	33	123.000	131	0.44	52	8	2.25	18	3.99
1643219358	0	11	8	30	138.000	122	0.54	34	1	3.00	9	7.04
1643219378	1	5	15	29	167.000	123	0.87	49	1	3.33	17	19.73
1643219398	1	15	15	26	146.000	124	0.50	26	71	2.78	11	7.82
1643219418	1	15	15	27	177.000	125	0.76	30	0	3.33	3	21.67
1643219438	0	8	8	29	142.000	125	0.69	20	0	3.02	6	12.34
1643219465	2	13	30	24	166.000	126	0.84	36	0	3.71	8	34.44
1643219485	1	14	15	24	146.000	127	0.44	34	14	3.54	2	7.90
1643219505	2	11	30	24	176.000	127	0.71	32	1	3.27	1	16.11
1643219525	0	2	8	26	130.000	128	0.59	20	9	2.43	5	4.02
1643219545	1	12	15	24	150.000	128	0.83	44	4	3.02	14	8.54
1643219572	0	4	8	23	128.000	125	0.65	34	11	2.64	10	4.01
1643219592	2	13	30	25	156.000	126	0.85	56	4	3.16	17	12.54
1643219612	0	12	8	31	126.000	126	0.70	54	6	3.62	21	4.24
1643219632	1	15	15	26	156.000	127	0.72	38	2	4.79	18	9.11
1643219652	2	24	30	27	158.000	127	0.64	41	4	4.24	12	12.48
1643219680	1	15	15	28	177.000	122	0.51	33	2	3.46	18	8.77
1643219700	1	8	15	25	178.000	123	0.73	54	4	3.67	11	8.41
1643219720	0	12	8	34	149.000	124	0.61	58	0	2.44	13	42.52
1643219740	1	18	15	33	160.000	124	0.81	71	3	3.00	13	8.82
1643219760	1	16	15	35	149.000	125	0.81	57	0	3.10	3	29.83
1643219787	2	18	30	28	181.000	122	0.87	66	2	3.12	13	13.84
1643219807	1	17	15	27	144.000	123	0.84	45	0	3.21	13	41.61
1643219827	1	12	15	29	167.000	123	0.82	58	0	3.11	14	54.00
1643219847	2	29	30	24	227.000	124	0.96	50	3	3.55	2	13.35
1643219867	1	14	15	34	151.000	125	0.86	63	1	3.18	28	15.05
1643219894	0	6	8	38	136.000	122	0.84	57	1	2.79	4	10.14
1643219914	1	11	15	24	175.000	124	0.50	42	1	2.93	18	10.62
1643219934	2	52	30	31	210.000	124	0.77	44	2	3.61	12	13.39
1643219954	2	19	30	27	150.000	124	0.71	33	3	3.37	10	12.62
1643219974	1	14	15	30	163.000	124	0.82	57	0	3.03	18	46.12
1643220001	1	15	15	28	184.000	123	0.57	24	3	5.05	14	8.63
1643220021	2	8	30	21	124.000	124	0.75	35	12	4.24	2	12.02
1643220041	2	12	30	25	148.000	124	0.93	33	1	3.65	2	19.38
1643220061	2	17	30	23	175.000	125	0.74	42	0	3.51	4	49.35
1643220081	1	12	15	23	128.000	125	0.63	33	0	4.22	4	19.56
1643220109	1	11	15	27	151.000	128	0.84	43	0	3.80	16	41.09
1643220129	2	22	30	26	176.000	129	0.78	25	0	3.00	11	23.26
1643220149	1	16	15	27	170.000	129	0.79	30	1	3.70	4	15.72
1643220169	2	21	30	27	170.000	130	0.83	35	0	3.33	8	38.14
1643220189	0	6	8	32	141.000	130	0.45	30	2	2.89	10	4.72
1643220216	2	16	30	25	153.000	122	0.69	47	2	2.91	16	12.96
1643220236	0	2	8	24	133.000	123	0.45	25	72	2.51	2	3.81
1643220256	2	21	30	26	192.000	124	0.65	41	1	4.69	20	14.60
1643220276	2	22	30	28	188.000	124	0.58	60	48	2.60	20	11.84
1643220296	0	10	8	31	145.000	124	0.86	61	0	3.00	10	19.49
1643220323	1	18	15	33	170.000	122	0.81	56	1	2.86	2	15.81
1643220343	0	8	8	35	146.000	123	0.59	71	3	2.61	11	4.68
1643220363	1	14	15	31	166.000	123	0.61	51	20	2.91	8	7.90
1643220383	1	16	15	34	165.000	124	0.71	59	0	3.02	20	22.08
1643220403	1	15	15	27	152.000	124	0.81	42	0	3.39	1	53.72
1643220430	1	20	15	34	196.000	122	0.84	53	0	3.43	13	24.81
1643220450	0	9	8	30	124.000	123	0.76	46	1	2.89	15	6.03
1643220470	1	19	15	30	162.000	124	0.79	58	0	3.42	15	28.99
1643220490	0	8	8	35	136.000	125	0.80	57	1	2.81	15	7.83
1643220510	2	18	30	22	212.000	125	0.67	36	1	2.44	5	19.55
1643220538	1	23	15	34	172.000	132	0.83	60	0	3.08	24	47.35
1643220558	0	7	8	33	154.000	133	0.67	25	5	2.80	2	4.32
1643220578	1	14	15	30	188.000	134	0.85	55	2	2.67	3	10.13
1643220598	0	10	8	38	128.000	135	0.49	17	15	2.72	2	3.91
1643220618	0	8	8	29	126.000	135	0.82	49	1	3.01	2	13.82
1643220645	1	18	15	25	178.000	131	0.76	20	0	3.27	7	19.49
1643220665	1	15	15	25	138.000	132	0.66	24	18	2.98	6	7.92
1643220685	1	9	15	23	160.000	133	0.58	32	17	3.08	11	7.91
1643220705	1	17	15	28	177.000	133	0.44	26	4	3.60	5	8.24
1643220725	1	15	15	26	147.000	133	0.78	36	1	3.25	11	10.47
1643220752	1	12	15	21	136.000	121	0.82	30	1	3.74	5	16.41
1643220772	0	7	8	24	143.000	123	0.53	35	12	2.48	1	3.95
1643220792	1	16	15	27	167.000	123	0.88	45	1	3.81	3	16.78
1643220812	2	27	30	24	178.000	124	0.72	25	14	4.00	8	11.98
1643220832	1	11	15	23	174.000	125	0.60	27	1	4.75	9	10.38
1643220859	1	19	15	27	163.000	122	0.61	42	4	3.78	19	8.37
1643220879	2	22	30	27	144.000	123	0.80	40	2	4.09	13	13.76
1643220899	0	10	8	32	152.000	124	0.69	86	2	3.05	10	5.47
1643220919	0	8	8	35	142.000	125	0.73	60	2	2.54	11	5.39
1643220939	1	16	15	30	168.000	125	0.67	83	0	3.25	13	16.32
1643220966	0	7	8	32	135.000	127	0.78	55	0	2.72	13	32.53
1643220987	2	28	30	29	196.000	128	0.71	44	1	3.21	17	16.46
1643221007	1	27	15	27	188.000	128	0.89	57	0	3.81	6	51.40
1643221027	1	15	15	28	158.000	129	0.87	57	0	3.33	14	54.00
1643221047	0	5	8	32	141.000	129	0.67	59	3	2.75	2	4.55
1643221074	1	18	15	35	186.000	122	0.82	58	1	3.21	19	13.74
1643221094	2	15	30	32	155.000	123	0.83	59	0	3.30	14	29.04
1643221114	2	24	30	30	211.000	124	0.79	69	4	3.13	16	12.54
1643221134	1	14	15	30	166.000	125	0.64	46	13	3.41	16	7.96
1643221154	0	4	8	29	132.000	125	0.73	35	6	2.69	1	4.21
1643221181	1	18	15	29	176.000	123	0.64	45	3	4.02	6	8.78
1643221201	2	11	30	25	167.000	124	0.64	22	1	3.93	9	17.42
1643221221	2	21	30	26	158.000	125	0.82	44	2	3.86	7	14.11
1643221241	2	9	30	25	149.000	126	0.85	38	3	3.66	2	12.84
1643221261	2	12	30	25	156.000	126	0.82	33	0	3.77	9	24.53
1643221288	2	17	30	19	156.000	122	0.69	23	1	3.31	9	14.68
1643221308	1	18	15	26	164.000	123	0.66	20	3	2.81	6	8.58
1643221328	0	6	8	24	129.000	124	0.69	34	1	2.77	12	8.25
1643221348	0	6	8	31	124.000	124	0.69	30	3	3.26	4	4.77
1643221368	1	12	15	25	188.000	124	0.55	30	22	2.74	8	7.88
1643221396	2	10	30	22	157.000	122	0.77	22	1	3.38	8	15.12
1643221416	2	14	30	25	159.000	123	0.71	43	6	4.30	15	12.22
1643221436	2	18	30	27	154.000	124	0.59	35	10	4.11	15	12.00
1643221456	0	8	8	35	131.000	125	0.42	48	20	2.85	21	3.87
1643221476	2	32	30	27	196.000	125	0.66	41	3	2.82	11	12.73
1643221503	1	16	15	31	174.000	127	0.81	45	0	3.98	5	28.49
1643221523	1	21	15	34	158.000	128	0.79	66	0	2.97	18	53.97
1643221543	2	24	30	29	242.000	129	0.88	74	3	2.55	21	13.10
1643221563	0	8	8	34	146.000	130	0.68	48	0	2.61	1	13.44
1643221583	1	11	15	28	174.000	130	0.71	46	0	3.30	14	50.30
1643221610	2	21	30	23	184.000	121	0.91	50	0	2.91	10	58.00
1643221630	1	15	15	32	150.000	123	0.85	49	0	3.55	12	32.13
1643221650	1	14	15	32	172.000	124	0.81	43	1	3.50	7	14.78
1643221670	1	24	15	33	156.000	125	0.58	41	3	3.25	12	8.50
1643221690	0	7	8	34	147.000	125	0.72	56	0	2.43	11	24.42
1643221717	1	25	15	32	171.000	127	0.83	51	3	3.37	16	8.79
1643221737	2	33	30	27	202.000	129	0.79	59	8	2.75	4	12.14
1643221757	0	8	8	28	142.000	130	0.62	29	1	2.93	4	8.19
1643221777	1	14	15	30	146.000	130	0.83	42	0	3.33	13	22.13
1643221797	1	15	15	24	206.000	130	0.58	21	12	3.86	10	7.97
1643221825	1	19	15	28	164.000	121	0.85	41	0	3.66	11	44.19
1643221845	2	17	30	25	184.000	123	0.80	34	8	3.41	8	12.16
1643221865	0	3	8	25	142.000	123	0.76	26	17	3.10	2	3.95
1643221885	2	30	30	20	200.000	124	0.72	33	1	4.15	1	16.33
1643221905	2	13	30	25	169.000	124	0.81	39	2	3.50	2	13.15
1643221932	1	22	15	26	169.000	121	0.72	32	1	3.44	2	10.10
1643221952	1	13	15	25	172.000	122	0.09	3	105	1.41	0	7.80
1643221972	1	10	15	24	121.000	123	0.55	31	32	2.83	15	7.85
1643221992	2	13	30	25	177.000	124	0.75	45	13	3.58	12	12.00
1643222012	2	5	30	24	143.000	125	0.68	45	11	3.05	14	12.01
1643222039	0	8	8	30	133.000	122	0.51	26	2	3.57	9	4.73
1643222059	1	14	15	32	172.000	123	0.61	33	1	3.90	14	10.05
1643222079	2	14	30	26	173.000	124	0.78	38	1	4.20	15	17.18
1643222099	0	7	8	32	148.000	125	0.72	46	1	3.58	6	10.96
1643222119	0	6	8	31	141.000	125	0.73	52	1	2.64	16	8.80
1643222146	0	9	8	40	149.000	122	0.71	55	0	2.40	16	32.43
1643222166	0	8	8	34	141.000	123	0.71	52	0	2.56	15	21.42
1643222186	0	7	8	38	142.000	124	0.62	48	0	2.64	13	20.35
1643222206	2	7	30	34	152.000	124	0.83	56	0	3.43	5	54.81
1643222226	1	4	15	36	148.000	125	0.61	56	0	2.67	10	21.91
1643222254	0	7	8	31	148.000	122	0.67	49	5	2.56	16	4.31
1643222274	1	14	15	32	156.000	123	0.79	56	0	3.27	18	41.62
1643222294	2	32	30	28	208.000	124	0.82	49	0	3.36	21	32.97
1643222314	0	10	8	44	158.000	125	0.71	47	1	2.99	16	8.36
1643222334	2	31	30	27	243.000	125	0.75	49	3	3.13	7	12.74
1643222361	1	16	15	28	167.000	122	0.89	55	0	3.18	9	27.69
1643222381	1	6	15	27	158.000	123	0.53	22	15	4.44	10	7.92
1643222401	0	2	8	26	145.000	124	0.43	20	3	4.13	7	4.38
1643222421	1	16	15	27	149.000	125	0.89	44	1	3.43	1	16.69
1643222441	0	8	8	19	136.000	125	0.74	33	1	3.23	7	12.80
1643222468	1	16	15	18	176.000	121	0.77	23	1	3.57	3	15.06
1643222488	2	9	30	23	144.000	122	0.76	47	6	3.34	12	12.26
1643222508	1	10	15	26	143.000	123	0.75	30	1	3.57	5	10.34
1643222528	1	17	15	20	175.000	123	0.85	36	2	3.14	2	9.49
1643222548	1	9	15	22	135.000	123	0.81	29	1	3.67	3	14.42
1643222575	0	7	8	31	131.000	122	0.68	32	1	2.68	11	7.35
1643222595	0	6	8	29	135.000	123	0.60	57	5	2.68	17	4.28
1643222615	0	9	8	27	143.000	124	0.41	23	56	2.88	8	3.82
1643222635	1	19	15	25	149.000	125	0.84	48	6	3.99	16	8.34
1643222655	0	8	8	33	136.000	125	0.56	52	14	3.08	20	3.93
1643222683	2	34	30	21	176.000	122	0.74	50	23	3.20	17	11.91
1643222703	0	7	8	35	132.000	124	0.64	49	7	2.96	3	4.11
1643222723	2	33	30	29	194.000	124	0.91	76	0	2.72	22	30.67
1643222743	2	14	30	26	212.000	125	0.80	63	7	2.78	17	12.22
1643222763	2	24	30	22	231.000	125	0.84	58	2	3.01	15	13.69
1643222790	1	22	15	28	166.000	123	0.64	40	0	3.33	16	23.89
1643222810	2	19	30	28	162.000	123	0.73	33	7	3.09	10	12.16
1643222830	1	13	15	27	173.000	124	0.80	51	1	2.99	14	10.98
1643222850	0	7	8	35	134.000	124	0.74	53	0	2.84	20	16.52
1643222870	2	28	30	28	183.000	125	0.84	62	5	3.16	8	12.45
1643222897	0	10	8	35	140.000	126	0.73	58	2	2.53	14	5.87
1643222917	0	8	8	41	171.000	128	0.73	65	0	2.26	15	45.43
1643222937	1	14	15	29	159.000	129	0.83	72	0	3.15	20	45.97
1643222957	1	20	15	27	151.000	129	0.89	55	0	3.20	8	32.44
1643222977	2	23	30	27	194.000	129	0.57	21	20	4.46	8	11.89
1643223004	0	2	8	18	110.000	122	0.53	17	2	3.14	10	4.64
1643223024	1	14	15	28	152.000	123	0.87	45	2	2.95	2	9.40
1643223044	2	20	30	26	168.000	123	0.84	33	1	3.76	7	16.69
1643223064	2	8	30	24	133.000	124	0.59	22	15	2.79	10	11.93
1643223084	1	17	15	26	154.000	125	0.61	39	16	2.84	9	7.93
1643223112	0	8	8	29	142.000	122	0.71	49	4	3.32	9	4.39
1643223132	0	6	8	35	141.000	123	0.71	43	2	2.77	12	5.35
1643223152	1	10	15	30	153.000	123	0.70	37	0	2.96	1	52.74
1643223172	1	9	15	30	138.000	124	0.67	34	6	2.76	13	8.24
1643223192	2	7	30	28	121.000	124	0.77	43	7	3.19	9	12.18
1643223219	1	8	15	25	149.000	121	0.78	26	1	4.25	7	10.24
1643223239	2	27	30	28	200.000	123	0.70	41	5	4.39	15	12.36
1643223259	1	19	15	31	157.000	124	0.71	40	1	4.44	15	9.86
1643223279	1	9	15	24	142.000	124	0.67	21	5	3.52	8	8.31
1643223299	0	8	8	21	129.000	125	0.74	85	1	2.96	11	6.46
1643223326	0	4	8	35	135.000	122	0.76	72	0	2.21	21	50.00
1643223346	1	8	15	37	139.000	123	0.69	61	0	2.63	15	29.24
1643223366	1	5	15	33	133.000	124	0.83	57	0	3.04	4	52.10
1643223386	2	9	30	37	126.000	124	0.66	69	0	2.92	11	46.04
1643223406	2	6	30	33	133.000	125	0.74	48	0	2.66	14	56.05
1643223433	1	27	15	35	155.000	122	0.75	58	0	3.35	17	23.08
1643223453	1	14	15	28	137.000	124	0.88	79	4	3.27	11	8.58
1643223473	1	17	15	32	194.000	124	0.79	60	2	3.14	22	9.32
1643223493	2	19	30	31	151.000	125	0.83	58	1	3.11	17	16.36
1643223513	2	25	30	32	165.000	125	0.81	66	9	2.56	25	12.14
1643223541	1	16	15	25	182.000	122	0.84	56	1	3.43	21	13.56
1643223561	2	23	30	26	188.000	123	0.89	53	0	3.82	8	38.05
1643223581	0	7	8	31	134.000	124	0.49	19	5	4.08	6	4.13
1643223601	0	8	8	28	147.000	125	0.50	22	29	3.09	9	3.85
1643223621	1	10	15	27	169.000	125	0.82	47	3	3.20	2	8.92
1643223648	2	15	30	19	254.000	122	0.80	42	4	3.07	14	12.50
1643223668	0	8	8	31	145.000	123	0.69	36	1	3.25	8	6.67
1643223688	2	38	30	21	253.000	123	0.55	25	7	2.79	6	12.07
1643223708	0	8	8	26	146.000	124	0.52	19	9	2.52	6	4.01
1643223728	2	24	30	16	269.000	124	0.68	30	1	2.54	10	17.03
1643223755	0	7	8	30	134.000	121	0.74	37	0	3.02	13	16.44
1643223775	1	6	15	28	125.000	123	0.54	37	1	3.39	17	9.59
1643223795	0	9	8	30	137.000	124	0.66	41	14	2.79	3	3.96
1643223815	2	6	30	28	136.000	124	0.58	42	3	3.06	11	12.43
1643223835	1	6	15	29	141.000	124	0.52	23	2	3.33	8	8.99
1643223862	0	8	8	38	129.000	122	0.54	42	2	2.68	16	4.81
1643223882	1	11	15	33	138.000	123	0.71	32	4	3.71	7	8.49
1643223902	0	9	8	35	124.000	124	0.75	88	1	2.88	9	6.80
1643223922	1	8	15	39	146.000	125	0.80	59	0	2.62	2	52.20
1643223942	2	8	30	36	145.000	125	0.69	69	1	2.86	21	15.50
1643223970	2	34	30	28	220.000	131	0.83	66	4	2.84	24	12.60
1643223990	2	16	30	24	198.000	132	0.72	76	42	3.11	17	11.85
1643224010	2	19	30	25	188.000	132	0.88	51	0	2.90	10	30.87
1643224030	0	8	8	34	142.000	133	0.72	47	8	2.84	15	4.12
1643224050	2	27	30	27	223.000	133	0.72	45	3	2.87	17	12.78
1643224077	0	11	8	39	149.000	121	0.60	54	0	2.27	21	25.57
1643224097	2	7	30	37	138.000	123	0.69	55	1	2.47	19	17.92
1643224117	0	9	8	38	155.000	124	0.63	49	3	2.65	15	4.75
1643224137	0	7	8	33	128.000	125	0.76	64	1	2.47	24	6.56
1643224157	1	6	15	32	126.000	125	0.82	54	1	2.95	5	11.04
1643224184	1	8	15	23	132.000	127	0.57	22	14	4.73	10	7.93
1643224204	0	8	8	33	134.000	128	0.77	43	0	2.93	9	16.19
1643224224	2	20	30	25	174.000	129	0.77	46	9	3.54	2	12.12
1643224244	2	17	30	26	157.000	129	0.72	41	2	3.13	5	13.51
1643224264	0	9	8	23	139.000	130	0.72	46	28	2.96	1	3.88
1643224291	1	17	15	28	165.000	127	0.89	51	1	3.77	12	16.38
1643224311	2	20	30	26	174.000	128	0.83	36	1	3.62	8	15.57
1643224331	0	6	8	32	129.000	129	0.65	28	10	3.14	6	4.02
1643224351	1	13	15	26	163.000	129	0.85	37	0	3.42	7	21.07
1643224371	2	27	30	22	174.000	130	0.68	37	8	3.61	12	12.09
1643224399	2	14	30	24	170.000	122	0.68	65	19	3.15	22	11.92
1643224419	2	17	30	26	149.000	123	0.72	34	3	4.46	14	12.87
1643224439	1	15	15	32	176.000	124	0.71	39	2	4.69	15	9.36
1643224459	0	6	8	31	134.000	125	0.60	46	1	2.92	16	6.03
1643224479	1	11	15	24	127.000	125	0.78	44	3	3.84	22	8.74
1643224506	0	8	8	38	137.000	122	0.31	39	39	2.75	3	3.82
1643224526	1	5	15	29	160.000	123	0.67	65	0	2.28	16	35.07
1643224546	0	11	8	35	134.000	124	0.70	62	1	2.66	11	9.87
1643224566	1	18	15	32	186.000	125	0.89	56	1	3.17	0	14.89
1643224586	1	15	15	28	153.000	125	0.64	32	0	3.31	11	17.49
1643224613	0	9	8	39	142.000	128	0.50	52	10	2.47	21	3.98
1643224633	0	6	8	31	123.000	129	0.70	49	4	2.58	16	4.45
1643224653	1	16	15	30	182.000	129	0.76	43	1	3.47	15	16.82
1643224673	2	28	30	27	183.000	130	0.89	69	2	2.69	22	13.50
1643224693	1	14	15	31	185.000	130	0.61	34	12	3.32	16	7.98
1643224720	2	41	30	29	170.000	123	0.72	54	22	2.96	17	11.91
1643224740	2	15	30	27	153.000	124	0.63	29	11	3.10	10	11.99
1643224760	2	19	30	26	204.000	124	0.73	28	3	3.23	10	12.61
1643224780	0	6	8	27	126.000	124	0.57	32	11	3.81	12	3.98
1643224800	1	14	15	24	144.000	125	0.56	40	1	3.68	4	9.94
1643224828	2	25	30	15	206.000	123	0.83	40	0	3.85	14	35.01
1643224848	0	6	8	22	125.000	124	0.73	41	0	3.46	3	47.94
1643224868	2	12	30	22	251.000	124	0.50	26	49	2.21	4	11.83
1643224888	1	12	15	32	137.000	125	0.69	37	0	3.52	12	23.76
1643224908	2	20	30	17	222.000	125	0.77	51	7	2.90	16	12.18
1643224935	0	5	8	28	129.000	122	0.73	22	0	3.10	10	15.74
1643224955	0	8	8	33	134.000	123	0.71	33	0	2.71	5	15.20
1643224975	2	11	30	24	154.000	124	0.67	46	11	2.19	6	12.00
1643224995	0	8	8	35	144.000	124	0.67	45	2	2.94	10	5.07
1643225015	0	8	8	32	136.000	124	0.57	27	12	3.45	11	3.97
1643225042	1	15	15	28	156.000	129	0.57	40	1	4.07	19	9.36
1643225062	2	17	30	26	168.000	130	0.83	42	3	4.14	9	13.03
1643225082	0	7	8	32	138.000	131	0.80	48	2	4.09	9	5.21
1643225102	2	16	30	27	206.000	131	0.92	87	1	3.60	1	15.74
1643225122	0	9	8	37	137.000	131	0.64	71	3	2.54	15	4.50
1643225149	0	7	8	38	158.000	121	0.63	58	12	2.86	14	3.98
1643225169	2	8	30	36	117.000	123	0.76	52	0	2.61	3	57.75
1643225189	2	7	30	34	124.000	124	0.50	38	1	2.76	19	13.86
1643225209	2	9	30	35	152.000	124	0.78	70	0	2.71	25	43.47
1643225229	1	7	15	35	139.000	124	0.73	52	0	2.64	17	26.38
1643225257	0	6	8	35	133.000	121	0.79	91	4	2.92	22	4.51
1643225277	1	7	15	35	128.000	123	0.68	56	1	2.49	19	14.03
1643225297	1	5	15	35	139.000	124	0.51	33	14	2.65	15	7.92
1643225317	0	8	8	38	136.000	124	0.65	55	1	2.69	21	6.08
1643225337	0	8	8	31	146.000	125	0.74	34	0	2.40	16	29.77
1643225364	1	18	15	28	188.000	131	0.88	52	0	3.40	18	37.43
1643225384	2	16	30	26	146.000	132	0.54	23	33	3.19	10	11.85
1643225404	1	16	15	28	152.000	133	0.76	43	1	3.44	10	14.81
1643225424	0	9	8	33	136.000	134	0.71	43	7	3.46	10	4.15
1643225444	2	12	30	25	158.000	134	0.85	39	1	3.40	3	16.43
1643225471	2	20	30	21	170.000	121	0.86	32	2	3.18	12	13.57
1643225491	1	15	15	30	153.000	123	0.54	30	2	3.51	13	8.68
1643225511	0	11	8	30	115.000	124	0.67	22	1	3.05	7	6.78
1643225531	0	5	8	28	135.000	124	0.70	27	6	3.18	3	4.26
1643225551	0	6	8	31	148.000	124	0.36	24	30	2.75	6	3.84
1643225578	1	12	15	28	163.000	122	0.61	33	1	3.45	12	9.76
1643225598	1	12	15	27	152.000	123	0.64	32	2	3.80	8	9.35
1643225618	2	9	30	25	169.000	123	0.58	27	23	2.31	4	11.88
1643225638	2	17	30	29	151.000	124	0.77	46	2	3.07	2	13.70
1643225658	0	6	8	38	136.000	124	0.71	41	1	3.01	10	6.56
1643225686	0	11	8	32	149.000	122	0.69	25	4	3.36	7	4.37
1643225706	2	8	30	37	133.000	123	0.74	61	0	2.63	17	55.40
1643225726	1	6	15	37	130.000	124	0.72	72	1	2.67	14	11.35
1643225746	0	8	8	38	144.000	124	0.69	63	0	2.37	7	26.47
1643225766	2	6	30	35	128.000	124	0.81	57	0	3.02	7	49.11
1643225793	0	10	8	32	137.000	121	0.79	68	2	3.26	9	5.48
1643225813	1	7	15	38	136.000	123	0.79	56	0	2.71	11	54.00
1643225833	2	8	30	36	131.000	124	0.54	34	1	2.67	10	14.74
1643225853	0	7	8	35	120.000	124	0.75	53	0	2.45	3	18.70
1643225873	0	7	8	39	140.000	125	0.78	59	0	2.38	20	47.47
1643225900	1	18	15	31	164.000	122	0.60	47	8	2.92	20	8.05
1643225920	2	23	30	28	176.000	124	0.73	50	0	4.12	18	26.46
1643225940	1	11	15	26	160.000	124	0.67	31	6	3.14	13	8.20
1643225960	2	22	30	27	188.000	125	0.87	52	0	3.03	9	53.97
1643225980	2	17	30	25	173.000	125	0.61	18	2	3.94	6	12.90
1643226007	0	8	8	27	125.000	122	0.61	33	1	2.76	15	7.41
1643226027	2	7	30	24	168.000	123	0.77	20	0	3.26	6	45.72
1643226047	2	21	30	27	186.000	124	0.85	40	0	3.52	0	56.78
1643226067	2	21	30	22	145.000	124	0.85	34	1	3.50	12	22.71
1643226087	0	7	8	33	140.000	125	0.49	36	31	3.22	16	3.85
1643226115	0	9	8	30	129.000	122	0.79	26	1	3.15	9	9.71
1643226135	0	11	8	31	123.000	123	0.76	47	4	2.55	15	4.44
1643226155	2	11	30	26	182.000	124	0.84	35	2	3.61	14	13.97
1643226175	0	8	8	31	133.000	125	0.45	37	5	2.91	17	4.11
1643226195	1	12	15	29	151.000	125	0.71	41	4	3.09	5	8.57
1643226222	0	8	8	31	144.000	126	0.61	37	2	3.53	17	5.26
1643226242	1	19	15	28	141.000	127	0.68	48	5	3.68	18	8.30
1643226262	2	22	30	28	171.000	128	0.76	40	5	3.35	13	12.40
1643226282	0	8	8	25	124.000	129	0.62	37	6	2.91	12	4.19
1643226302	1	2	15	29	166.000	129	0.81	61	0	3.12	18	43.52
1643226329	1	16	15	30	158.000	122	0.81	71	1	3.16	20	11.64
1643226349	2	14	30	31	150.000	124	0.83	52	0	3.12	9	49.59
1643226369	2	24	30	31	204.000	124	0.82	53	0	3.24	5	57.66
1643226389	0	6	8	31	128.000	124	0.73	77	0	2.92	1	49.99
1643226409	1	19	15	32	171.000	124	0.89	66	0	3.45	9	51.71
1643226436	1	13	15	29	172.000	123	0.81	61	6	2.59	18	8.31
1643226456	1	17	15	33	168.000	124	0.82	86	20	2.99	21	7.94
1643226476	2	6	30	22	162.000	125	0.87	62	1	3.01	17	15.61
1643226496	0	10	8	33	129.000	125	0.79	48	0	2.90	22	25.94
1643226516	2	17	30	24	179.000	125	0.61	62	39	2.85	20	11.85
1643226543	1	21	15	27	157.000	122	0.68	36	4	3.26	9	8.48
1643226564	0	8	8	33	150.000	124	0.79	57	0	2.43	14	34.72
1643226584	1	8	15	26	165.000	124	0.51	28	20	3.15	9	7.88
1643226604	1	17	15	31	145.000	126	0.76	29	0	3.58	6	19.63
1643226624	1	13	15	19	198.000	126	0.85	25	0	3.68	8	39.64
1643226651	1	18	15	24	186.000	122	0.88	38	0	3.71	1	47.57
1643226671	2	10	30	23	135.000	122	0.53	28	2	4.05	12	12.88
1643226691	1	14	15	25	134.000	122	0.82	45	3	3.46	3	8.87
1643226711	2	13	30	25	162.000	123	0.89	41	1	3.55	6	20.47
1643226731	0	6	8	37	141.000	123	0.69	32	1	3.14	4	5.98
1643226758	0	6	8	32	123.000	122	0.39	26	2	2.82	10	4.53
1643226778	0	6	8	30	131.000	123	0.64	32	1	2.71	6	5.87
1643226798	1	6	15	32	143.000	124	0.42	40	91	2.46	6	7.81
1643226818	2	12	30	32	179.000	124	0.50	20	13	3.05	0	11.93
1643226838	2	9	30	33	142.000	124	0.53	41	2	3.58	19	13.05
1643226865	2	28	30	25	180.000	122	0.54	39	50	3.44	19	11.83
1643226885	2	20	30	20	202.000	123	0.66	51	20	3.20	20	11.91
1643226905	0	8	8	38	130.000	125	0.85	69	5	2.71	22	4.50
1643226925	1	11	15	27	157.000	126	0.75	73	4	2.91	22	8.55
1643226945	2	23	30	25	228.000	126	0.85	55	1	3.54	10	16.25
1643226972	2	39	30	24	214.000	127	0.89	57	0	3.55	18	51.55
1643226993	0	6	8	31	146.000	128	0.60	41	7	2.86	9	4.12
1643227013	0	8	8	32	135.000	129	0.70	68	1	2.47	21	6.98
1643227033	0	10	8	33	138.000	129	0.72	45	1	3.00	8	10.10
1643227053	2	32	30	28	198.000	129	0.91	63	2	3.71	15	14.54
1643227080	2	23	30	27	185.000	121	0.91	59	1	3.26	17	15.92
1643227100	1	14	15	23	165.000	123	0.73	48	1	3.31	9	11.47
1643227120	0	13	8	39	140.000	124	0.50	48	3	2.62	18	4.40
1643227140	0	7	8	32	134.000	124	0.50	29	14	2.65	7	3.92
1643227160	1	19	15	26	196.000	124	0.77	30	0	3.30	11	38.78
1643227187	0	5	8	31	176.000	127	0.40	26	8	3.29	15	3.98
1643227207	1	15	15	23	170.000	128	0.81	44	2	3.64	12	9.29
1643227227	1	20	15	26	159.000	129	0.85	36	2	3.65	7	10.21
1643227247	2	7	30	21	151.000	129	0.72	34	8	2.70	5	12.13
1643227267	1	11	15	25	196.000	130	0.80	40	5	3.25	10	8.44
1643227294	0	8	8	32	158.000	122	0.74	43	0	2.92	16	32.27
1643227314	2	16	30	27	192.000	123	0.70	18	3	2.81	1	12.63
1643227334	1	13	15	29	188.000	124	0.81	47	5	2.90	1	8.36
1643227354	2	11	30	26	219.000	124	0.79	39	12	3.58	14	12.03
1643227374	1	16	15	31	142.000	124	0.63	27	1	3.26	11	9.62
1643227401	2	26	30	27	185.000	126	0.75	45	2	3.50	16	12.99
1643227421	2	12	30	26	235.000	128	0.65	26	5	3.92	10	12.31
1643227442	1	10	15	25	186.000	128	0.66	38	1	4.53	17	12.16
1643227462	2	20	30	26	235.000	128	0.53	35	18	4.14	18	11.90
1643227482	0	9	8	30	144.000	129	0.82	45	5	4.34	16	4.38
1643227509	1	17	15	32	171.000	128	0.85	59	0	3.33	19	49.40
1643227529	1	11	15	30	198.000	128	0.87	74	1	3.00	1	11.82
1643227549	1	15	15	32	164.000	129	0.81	54	2	3.16	3	9.41
1643227569	0	8	8	38	160.000	130	0.70	56	1	2.57	18	9.36
1643227589	2	23	30	25	231.000	130	0.86	78	0	2.98	0	58.00
1643227616	1	17	15	31	194.000	122	0.83	60	0	3.32	20	42.87
1643227636	1	15	15	28	239.000	123	0.63	43	4	3.35	17	8.45
1643227656	1	18	15	34	242.000	124	0.79	44	1	3.40	5	16.31
1643227676	0	8	8	33	117.000	124	0.57	52	0	3.29	17	12.87
1643227696	1	13	15	30	208.000	124	0.76	43	2	3.02	15	9.66
1643227723	0	8	8	36	200.000	128	0.62	49	16	3.12	17	3.93
1643227743	2	14	30	24	192.000	129	0.74	31	1	2.44	9	18.64
1643227763	0	9	8	34	151.000	129	0.91	53	0	3.59	3	21.27
1643227783	2	21	30	28	173.000	130	0.46	27	49	4.51	12	11.83
1643227803	1	15	15	27	187.000	131	0.88	24	11	3.17	0	8.08
1643227830	0	12	8	29	153.000	122	0.73	20	1	3.14	7	11.18
1643227850	2	21	30	27	165.000	123	0.73	41	0	3.43	3	27.35
1643227871	0	8	8	30	112.000	124	0.52	33	16	2.67	11	3.91
1643227891	2	18	30	26	185.000	124	0.60	41	1	2.92	16	16.45
1643227911	0	8	8	30	122.000	124	0.71	32	1	2.85	10	10.08
1643227938	1	14	15	25	191.000	130	0.82	40	0	3.50	14	25.32
1643227958	2	8	30	24	128.000	131	0.77	24	2	3.44	7	13.81
1643227978	2	18	30	24	226.000	132	0.74	47	3	4.04	13	12.63
1643227998	0	11	8	32	104.000	132	0.54	36	6	2.91	15	4.12
1643228018	2	13	30	26	168.000	133	0.57	37	42	3.57	2	11.84
1643228045	2	26	30	26	236.000	122	0.65	57	23	2.82	22	11.89
1643228065	2	31	30	25	247.000	124	0.70	35	1	5.09	15	15.10
1643228085	2	19	30	20	213.000	124	0.91	72	1	3.10	12	14.67
1643228105	0	6	8	35	142.000	126	0.81	58	0	2.70	15	49.01
1643228125	2	28	30	27	245.000	126	0.79	80	16	2.82	20	11.97
1643228152	1	13	15	29	150.000	122	0.87	53	0	3.37	11	28.80
1643228172	1	16	15	27	147.000	123	0.82	48	2	3.03	1	9.84
1643228192	0	5	8	27	131.000	124	0.86	84	0	3.32	7	28.59
1643228212	2	27	30	28	172.000	124	0.88	61	1	3.10	17	15.72
1643228232	0	4	8	30	142.000	124	0.67	38	1	3.53	14	9.81
1643228259	0	11	8	37	149.000	121	0.70	59	0	2.74	23	14.63
1643228279	2	11	30	36	147.000	123	0.48	46	0	3.01	1	29.32
1643228299	1	15	15	29	178.000	124	0.63	49	1	2.60	19	11.24
1643228320	2	11	30	38	134.000	125	0.78	60	1	2.60	19	18.51
1643228340	0	2	8	33	138.000	125	0.68	42	1	2.97	14	6.92
1643228367	1	14	15	30	151.000	121	0.82	41	0	3.29	13	19.89
1643228387	2	21	30	27	154.000	124	0.49	36	38	3.91	18	11.84
1643228407	0	6	8	22	132.000	124	0.84	37	1	4.05	0	8.31
1643228427	2	23	30	21	206.000	125	0.76	42	0	3.27	4	30.95
1643228447	2	14	30	23	190.000	125	0.86	38	0	3.44	7	25.57
1643228474	1	13	15	26	160.000	124	0.55	33	1	3.62	8	12.05
1643228494	0	9	8	33	127.000	125	0.54	24	1	2.85	7	7.59
1643228514	1	10	15	26	160.000	125	0.76	25	1	3.02	7	11.03
1643228534	2	17	30	24	161.000	125	0.86	42	3	3.43	8	12.90
1643228554	1	14	15	25	162.000	126	0.67	29	1	3.56	10	9.92
1643228581	0	7	8	28	130.000	122	0.65	21	1	2.58	9	8.21
1643228601	1	2	15	31	137.000	123	0.60	42	71	2.97	13	7.82
1643228621	2	4	30	27	138.000	124	0.52	37	22	2.88	2	11.88
1643228641	0	6	8	35	138.000	125	0.55	44	13	2.65	5	3.95
1643228661	2	4	30	37	145.000	125	0.43	38	11	2.91	16	11.93
1643228688	1	16	15	21	177.000	122	0.79	48	6	3.54	6	8.30
1643228708	0	7	8	41	161.000	123	0.65	63	0	2.23	16	43.89
1643228728	2	18	30	28	241.000	124	0.84	77	3	3.17	19	12.89
1643228748	2	13	30	32	159.000	125	0.90	57	0	3.45	1	58.00
1643228768	2	15	30	31	192.000	125	0.73	49	1	3.19	14	16.18
1643228796	2	17	30	26	220.000	122	0.84	55	2	2.98	16	13.52
1643228816	1	17	15	34	154.000	123	0.75	50	0	3.04	2	53.97
1643228836	1	10	15	29	184.000	124	0.89	44	0	3.47	3	38.34
1643228856	0	8	8	33	134.000	125	0.75	55	0	2.51	16	34.56
1643228876	1	17	15	31	161.000	125	0.87	58	0	3.40	13	44.39
1643228903	2	26	30	29	206.000	122	0.77	48	5	3.27	17	12.44
1643228923	1	15	15	33	144.000	124	0.87	75	3	3.04	19	9.01
1643228943	2	35	30	22	252.000	124	0.93	59	1	3.10	7	21.87
1643228963	0	9	8	36	162.000	124	0.77	52	2	2.61	16	5.83
1643228983	1	13	15	26	150.000	125	0.68	23	1	3.80	5	12.64
1643229010	2	14	30	25	166.000	126	0.81	46	4	3.04	10	12.57
1643229030	0	10	8	32	144.000	128	0.80	33	1	3.26	4	7.40
1643229050	0	7	8	26	158.000	128	0.53	26	21	2.78	6	3.88
1643229070	2	15	30	26	192.000	129	0.52	35	37	3.06	10	11.84
1643229090	1	12	15	26	138.000	129	0.75	35	3	3.34	10	8.72
1643229117	1	12	15	24	144.000	124	0.63	15	1	2.79	3	11.45
1643229137	2	7	30	23	129.000	125	0.84	37	0	3.41	0	52.63
1643229157	2	9	30	22	147.000	125	0.73	41	1	3.74	1	14.67
1643229177	0	8	8	33	138.000	126	0.86	46	1	3.17	6	11.57
1643229197	0	7	8	33	133.000	127	0.45	24	32	3.44	10	3.84
1643229225	1	19	15	25	151.000	121	0.62	31	1	4.76	13	10.70
1643229245	0	8	8	32	136.000	123	0.63	47	1	2.67	3	7.51
1643229265	1	13	15	28	168.000	124	0.42	32	21	3.00	17	7.86
1643229285	1	16	15	28	157.000	125	0.83	48	1	3.78	1	12.13
1643229305	0	4	8	32	135.000	125	0.79	65	0	2.38	2	49.21
1643229332	1	14	15	31	183.000	122	0.76	72	0	3.02	18	20.18
1643229352	2	15	30	23	183.000	123	0.89	60	2	3.17	11	14.22
1643229372	2	31	30	28	223.000	124	0.61	37	29	3.16	15	11.87
1643229392	0	10	8	34	138.000	124	0.65	44	4	3.00	10	4.39
1643229412	2	23	30	27	180.000	124	0.80	61	2	3.03	18	13.67
1643229439	0	7	8	37	147.000	122	0.81	50	1	3.30	17	8.71
1643229459	0	9	8	42	140.000	123	0.66	57	1	2.65	14	7.59
1643229479	1	9	15	37	138.000	124	0.76	57	1	2.63	16	10.62
1643229499	2	7	30	33	135.000	124	0.42	44	20	2.56	18	11.87
1643229519	2	6	30	36	121.000	125	0.55	43	3	3.03	15	12.63
1643229546	2	54	30	30	159.000	127	0.78	25	2	3.35	8	13.86
1643229566	2	17	30	23	165.000	128	0.45	33	43	4.74	2	11.83
1643229586	1	11	15	23	160.000	129	0.34	13	16	2.92	5	7.87
1643229606	1	17	15	27	182.000	130	0.71	37	7	4.25	2	8.15
1643229626	0	17	8	29	138.000	130	0.83	37	0	3.51	1	18.04
1643229654	1	10	15	24	142.000	130	0.87	37	1	3.67	11	18.62
1643229674	0	7	8	26	132.000	131	0.55	29	19	2.59	12	3.90
1643229694	2	18	30	24	188.000	132	0.73	29	3	3.18	3	12.64
1643229714	1	8	15	24	138.000	132	0.77	33	1	3.33	6	16.50
1643229734	2	20	30	26	158.000	132	0.79	29	1	3.68	3	18.86
1643229761	0	8	8	31	136.000	122	0.69	24	1	3.14	8	5.92
1643229781	2	10	30	22	130.000	123	0.81	46	1	3.64	5	18.20
1643229801	1	12	15	24	163.000	124	0.50	30	33	3.72	4	7.85
1643229821	1	11	15	25	142.000	125	0.74	31	6	3.39	2	8.24
1643229841	2	23	30	28	210.000	125	0.73	48	5	4.27	16	12.31
1643229868	0	13	8	29	136.000	121	0.75	40	0	2.67	13	18.82
1643229888	1	13	15	34	153.000	123	0.82	86	20	3.20	19	7.94
1643229908	2	28	30	29	242.000	124	0.88	74	1	3.36	17	17.43
1643229928	2	15	30	27	254.000	125	0.79	82	8	3.03	23	12.18
1643229948	2	22	30	27	177.000	125	0.91	56	0	3.66	10	46.44
1643229975	0	12	8	36	140.000	128	0.60	46	0	2.63	14	15.81
1643229995	0	5	8	29	121.000	129	0.52	35	42	2.45	12	3.84
1643230015	1	12	15	32	171.000	129	0.83	61	0	3.18	20	46.77
1643230035	1	19	15	31	144.000	130	0.80	48	1	3.19	16	10.70
1643230055	0	10	8	34	135.000	131	0.77	93	6	2.77	25	4.29
1643230083	2	27	30	28	212.000	122	0.88	58	1	3.09	15	16.88
1643230103	2	28	30	29	184.000	124	0.87	51	1	3.33	16	16.48
1643230123	2	31	30	27	268.000	125	0.91	65	1	3.03	4	15.23
1643230143	2	13	30	25	140.000	125	0.85	32	0	3.57	0	41.41
1643230163	2	23	30	26	210.000	125	0.48	22	17	4.75	14	11.89
1643230190	0	9	8	31	133.000	131	0.57	19	2	3.35	7	4.93
1643230210	2	12	30	26	161.000	132	0.81	46	6	3.43	16	12.33
1643230230	2	12	30	25	183.000	132	0.88	41	1	3.40	5	15.65
1643230250	0	7	8	28	132.000	133	0.70	24	9	2.82	2	4.07
1643230270	1	11	15	25	137.000	134	0.55	37	17	3.70	17	7.91
1643230297	1	14	15	25	158.000	124	0.66	25	18	2.65	5	7.93
1643230317	1	14	15	24	162.000	125	0.79	25	2	3.31	4	9.94
1643230337	1	17	15	24	146.000	125	0.81	37	0	3.28	8	21.21
1643230357	2	7	30	22	137.000	126	0.86	37	1	3.88	2	17.27
1643230377	1	12	15	24	167.000	127	0.73	28	2	3.49	6	9.36
1643230404	0	8	8	32	142.000	131	0.77	30	3	3.91	5	4.85
1643230424	2	13	30	26	159.000	131	0.76	44	1	4.11	7	17.85
1643230444	0	8	8	37	135.000	133	0.54	46	6	3.33	2	4.12
1643230464	1	19	15	27	151.000	133	0.63	23	11	3.44	9	7.99
1643230484	1	14	15	26	150.000	134	0.87	87	1	3.41	2	12.37
1643230511	0	9	8	38	146.000	128	0.69	69	0	2.29	19	13.32
1643230532	1	6	15	33	143.000	129	0.88	56	0	3.31	4	54.00
1643230552	2	23	30	27	196.000	130	0.83	67	2	2.87	11	13.38
1643230572	2	24	30	29	202.000	130	0.88	59	0	3.16	14	55.08
1643230592	2	29	30	28	202.000	131	0.83	45	0	3.14	9	23.73
1643230619	1	10	15	29	160.000	126	0.86	44	0	3.19	14	35.72
1643230639	0	10	8	33	142.000	128	0.70	43	0	2.80	11	16.57
1643230659	2	17	30	26	200.000	128	0.45	40	1	2.68	6	14.36
1643230679	1	11	15	31	167.000	129	0.87	59	0	3.12	13	34.64
1643230699	0	5	8	31	138.000	130	0.60	55	3	2.21	24	4.48
1643230726	2	24	30	25	215.000	122	0.85	56	3	2.73	15	13.07
1643230746	0	7	8	32	210.000	123	0.80	34	0	3.77	8	25.62
1643230766	2	9	30	20	204.000	123	0.60	25	4	5.90	13	12.35
1643230786	2	32	30	20	249.000	125	0.74	30	43	3.12	4	11.85
1643230806	2	39	30	23	262.000	125	0.83	48	7	3.01	17	12.24
1643230833	0	6	8	26	154.000	122	0.70	31	1	3.16	11	7.38
1643230853	0	7	8	23	144.000	123	0.78	33	0	3.33	8	21.99
1643230873	1	7	15	24	148.000	123	0.69	35	5	3.35	13	8.26
1643230893	1	11	15	25	157.000	123	0.74	27	0	3.63	2	24.81
1643230913	2	9	30	24	135.000	124	0.73	33	11	2.99	10	12.04
1643230940	0	6	8	28	134.000	130	0.73	37	1	2.73	11	12.68
1643230960	2	15	30	25	177.000	132	0.75	34	1	4.00	3	19.26
1643230981	2	15	30	25	176.000	133	0.59	29	36	3.13	9	11.85
1643231001	0	7	8	28	138.000	133	0.65	40	9	3.21	16	4.05
1643231021	1	19	15	25	146.000	133	0.49	29	12	2.96	11	7.94
1643231048	2	11	30	26	183.000	122	0.55	38	11	4.16	19	11.97
1643231068	1	20	15	26	169.000	124	0.77	28	7	3.82	1	8.22
1643231088	0	8	8	35	140.000	125	0.70	52	0	3.88	4	14.82
1643231108	2	39	30	28	239.000	125	0.72	74	13	3.16	6	11.99
1643231128	1	12	15	30	150.000	125	0.83	77	1	2.81	2	10.71
1643231155	0	8	8	36	142.000	122	0.73	58	0	2.62	23	22.74
1643231175	0	6	8	35	130.000	123	0.68	53	0	2.78	1	21.59
1643231195	0	11	8	34	142.000	123	0.79	43	0	2.81	12	48.36
1643231215	0	7	8	34	161.000	124	0.83	56	0	2.93	11	50.00
1643231235	2	7	30	36	161.000	125	0.65	45	0	2.70	19	23.41
1643231262	1	14	15	33	171.000	122	0.77	67	10	2.67	21	8.08
1643231282	1	14	15	31	166.000	123	0.73	49	0	3.28	17	22.69
1643231302	2	37	30	31	252.000	125	0.70	51	7	3.41	19	12.16
1643231322	2	22	30	26	194.000	126	0.89	74	1	3.27	24	21.08
1643231342	2	19	30	27	166.000	126	0.89	52	1	3.56	8	18.28
1643231369	2	16	30	25	158.000	128	0.57	20	3	5.30	9	12.43
1643231389	0	3	8	16	137.000	129	0.46	20	5	4.75	3	4.10
1643231409	1	19	15	30	167.000	129	0.81	39	0	3.44	16	49.22
1643231429	2	18	30	26	157.000	130	0.83	46	1	2.90	4	16.20
1643231450	1	11	15	24	143.000	130	0.79	28	7	2.92	8	8.22
1643231477	0	6	8	35	144.000	121	0.60	51	0	2.93	12	12.07
1643231497	0	7	8	27	160.000	123	0.76	37	0	2.86	13	13.60
1643231517	1	10	15	32	162.000	123	0.87	51	0	3.44	14	27.35
1643231537	0	9	8	31	148.000	124	0.72	37	0	2.98	13	20.33
1643231557	1	15	15	30	147.000	124	0.48	28	39	2.44	9	7.84
1643231584	1	22	15	32	154.000	121	0.70	56	0	3.35	21	17.00
1643231604	1	33	15	28	167.000	123	0.59	37	21	3.51	11	7.89
1643231624	0	9	8	34	130.000	124	0.47	30	13	3.35	3	3.92
1643231644	1	19	15	39	145.000	125	0.56	31	2	4.06	13	9.23
1643231664	0	10	8	24	138.000	125	0.77	38	0	3.71	12	14.63
1643231691	0	9	8	34	131.000	121	0.70	53	1	2.78	21	10.72
1643231711	1	5	15	37	142.000	123	0.65	58	0	2.34	3	31.89
1643231731	1	7	15	37	149.000	123	0.69	64	0	2.82	7	46.69
